# Detector n: 1 Z
1 2     2.38251e-08 5.11776
2 3               0 0
3 4               0 0
4 5     1.72734e-06 6.46359
5 6               0 0
6 7      0.00392652 5.43267
7 8      0.00226522 5.47041
8 9     4.60286e-06 7.75009
9 10               0 0
10 11               0 0
11 12     1.10066e-23 99
12 13               0 0
13 14               0 0
14 15               0 0
15 16     3.05123e-08 99
16 17     9.97438e-09 61.2372
17 18      4.9628e-05 30.652
18 19      4.9815e-08 24.952
19 20     1.91652e-18 61.2372
20 21               0 0
21 22               0 0
22 23               0 0
23 24               0 0
24 25     5.80395e-09 99
25 26     4.10185e-05 41.1415
26 27      1.2769e-05 61.0512
27 28     0.000238224 14.6831
28 29     1.15019e-05 67.4626
29 30      0.00702675 2.52704
30 31       0.0024055 5.30951
31 32     0.000457511 16.3817
32 33               0 0
33 34               0 0
34 35               0 0


# Detector n: 2 A
1 2               0 0
2 3               0 0
3 4     2.38251e-08 0.0511776
4 5               0 0
5 6               0 0
6 7               0 0
7 8     1.72734e-06 0.0646359
8 9               0 0
9 10               0 0
10 11     8.69217e-15 0.170075
11 12      0.00392652 0.0543267
12 13               0 0
13 14      0.00226522 0.0547041
14 15     1.72232e-09 0.226008
15 16     4.60118e-06 0.0774806
16 17               0 0
17 18               0 0
18 19               0 0
19 20               0 0
20 21               0 0
21 22     1.10066e-23 0.99
22 23               0 0
23 24               0 0
24 25               0 0
25 26               0 0
26 27               0 0
27 28               0 0
28 29               0 0
29 30               0 0
30 31               0 0
31 32               0 0
32 33     3.05123e-08 0.99
33 34               0 0
34 35               0 0
35 36     9.97438e-09 0.612372
36 37               0 0
37 38     4.97695e-08 0.25
38 39     1.90477e-05 0.612372
39 40     3.05803e-05 0.467707
40 41     1.91652e-18 0.612372
41 42               0 0
42 43               0 0
43 44               0 0
44 45               0 0
45 46               0 0
46 47               0 0
47 48               0 0
48 49               0 0
49 50               0 0
50 51               0 0
51 52     8.57667e-06 0.99
52 53     2.18237e-05 0.612372
53 54     1.27277e-05 0.612372
54 55     2.37294e-08 0.19948
55 56     6.06404e-07 0.965049
56 57     1.10794e-05 0.39092
57 58     4.31695e-06 0.246694
58 59     5.68132e-05 0.19056
59 60     2.12148e-08 0.574143
60 61     0.000790504 0.0480091
61 62      0.00096001 0.0691291
62 63      0.00534511 0.0417999
63 64      0.00219763 0.0574687
64 65     0.000186727 0.075992
65 66     0.000360729 0.222268
66 67     4.73328e-05 0.154258
67 68     8.90046e-06 0.1877
68 69     0.000148857 0.233992
69 70     3.14893e-05 0.251797
70 71               0 0
71 72               0 0
72 73               0 0
73 74               0 0
74 75               0 0
75 76               0 0
76 77               0 0
77 78               0 0
78 79               0 0
79 80               0 0
80 81               0 0


# Detector n: 3 Z/A
# Block n: 3 A:1
1 1               0 0
2 1               0 0
3 1 0. 0.
4 1 0. 0.
5 1 0. 0.
6 1 0. 0.
7 1 0. 0.
8 1 0. 0.
9 1 0. 0.
10 1 0. 0.
11 1 0. 0.
12 1 0. 0.
13 1 0. 0.
14 1 0. 0.
15 1 0. 0.
16 1 0. 0.
17 1 0. 0.
18 1 0. 0.
19 1 0. 0.
20 1 0. 0.
21 1 0. 0.
22 1 0. 0.
23 1 0. 0.
24 1 0. 0.
25 1 0. 0.
26 1 0. 0.
27 1 0. 0.
28 1 0. 0.
29 1 0. 0.
30 1 0. 0.
31 1 0. 0.
32 1 0. 0.
33 1 0. 0.
34 1 0. 0.

# Block n: 3 A:2
1 2               0 0
2 2               0 0
3 2               0 0
4 2 0. 0.
5 2 0. 0.
6 2 0. 0.
7 2 0. 0.
8 2 0. 0.
9 2 0. 0.
10 2 0. 0.
11 2 0. 0.
12 2 0. 0.
13 2 0. 0.
14 2 0. 0.
15 2 0. 0.
16 2 0. 0.
17 2 0. 0.
18 2 0. 0.
19 2 0. 0.
20 2 0. 0.
21 2 0. 0.
22 2 0. 0.
23 2 0. 0.
24 2 0. 0.
25 2 0. 0.
26 2 0. 0.
27 2 0. 0.
28 2 0. 0.
29 2 0. 0.
30 2 0. 0.
31 2 0. 0.
32 2 0. 0.
33 2 0. 0.
34 2 0. 0.

# Block n: 3 A:3
1 3     2.38251e-08 5.11776
2 3               0 0
3 3               0 0
4 3 0. 0.
5 3 0. 0.
6 3 0. 0.
7 3 0. 0.
8 3 0. 0.
9 3 0. 0.
10 3 0. 0.
11 3 0. 0.
12 3 0. 0.
13 3 0. 0.
14 3 0. 0.
15 3 0. 0.
16 3 0. 0.
17 3 0. 0.
18 3 0. 0.
19 3 0. 0.
20 3 0. 0.
21 3 0. 0.
22 3 0. 0.
23 3 0. 0.
24 3 0. 0.
25 3 0. 0.
26 3 0. 0.
27 3 0. 0.
28 3 0. 0.
29 3 0. 0.
30 3 0. 0.
31 3 0. 0.
32 3 0. 0.
33 3 0. 0.
34 3 0. 0.

# Block n: 3 A:4
1 4               0 0
2 4               0 0
3 4               0 0
4 4               0 0
5 4 0. 0.
6 4 0. 0.
7 4 0. 0.
8 4 0. 0.
9 4 0. 0.
10 4 0. 0.
11 4 0. 0.
12 4 0. 0.
13 4 0. 0.
14 4 0. 0.
15 4 0. 0.
16 4 0. 0.
17 4 0. 0.
18 4 0. 0.
19 4 0. 0.
20 4 0. 0.
21 4 0. 0.
22 4 0. 0.
23 4 0. 0.
24 4 0. 0.
25 4 0. 0.
26 4 0. 0.
27 4 0. 0.
28 4 0. 0.
29 4 0. 0.
30 4 0. 0.
31 4 0. 0.
32 4 0. 0.
33 4 0. 0.
34 4 0. 0.

# Block n: 3 A:5
1 5               0 0
2 5               0 0
3 5               0 0
4 5               0 0
5 5 0. 0.
6 5 0. 0.
7 5 0. 0.
8 5 0. 0.
9 5 0. 0.
10 5 0. 0.
11 5 0. 0.
12 5 0. 0.
13 5 0. 0.
14 5 0. 0.
15 5 0. 0.
16 5 0. 0.
17 5 0. 0.
18 5 0. 0.
19 5 0. 0.
20 5 0. 0.
21 5 0. 0.
22 5 0. 0.
23 5 0. 0.
24 5 0. 0.
25 5 0. 0.
26 5 0. 0.
27 5 0. 0.
28 5 0. 0.
29 5 0. 0.
30 5 0. 0.
31 5 0. 0.
32 5 0. 0.
33 5 0. 0.
34 5 0. 0.

# Block n: 3 A:6
1 6               0 0
2 6               0 0
3 6               0 0
4 6               0 0
5 6               0 0
6 6 0. 0.
7 6 0. 0.
8 6 0. 0.
9 6 0. 0.
10 6 0. 0.
11 6 0. 0.
12 6 0. 0.
13 6 0. 0.
14 6 0. 0.
15 6 0. 0.
16 6 0. 0.
17 6 0. 0.
18 6 0. 0.
19 6 0. 0.
20 6 0. 0.
21 6 0. 0.
22 6 0. 0.
23 6 0. 0.
24 6 0. 0.
25 6 0. 0.
26 6 0. 0.
27 6 0. 0.
28 6 0. 0.
29 6 0. 0.
30 6 0. 0.
31 6 0. 0.
32 6 0. 0.
33 6 0. 0.
34 6 0. 0.

# Block n: 3 A:7
1 7               0 0
2 7               0 0
3 7               0 0
4 7     1.72734e-06 6.46359
5 7               0 0
6 7 0. 0.
7 7 0. 0.
8 7 0. 0.
9 7 0. 0.
10 7 0. 0.
11 7 0. 0.
12 7 0. 0.
13 7 0. 0.
14 7 0. 0.
15 7 0. 0.
16 7 0. 0.
17 7 0. 0.
18 7 0. 0.
19 7 0. 0.
20 7 0. 0.
21 7 0. 0.
22 7 0. 0.
23 7 0. 0.
24 7 0. 0.
25 7 0. 0.
26 7 0. 0.
27 7 0. 0.
28 7 0. 0.
29 7 0. 0.
30 7 0. 0.
31 7 0. 0.
32 7 0. 0.
33 7 0. 0.
34 7 0. 0.

# Block n: 3 A:8
1 8               0 0
2 8               0 0
3 8               0 0
4 8               0 0
5 8               0 0
6 8               0 0
7 8 0. 0.
8 8 0. 0.
9 8 0. 0.
10 8 0. 0.
11 8 0. 0.
12 8 0. 0.
13 8 0. 0.
14 8 0. 0.
15 8 0. 0.
16 8 0. 0.
17 8 0. 0.
18 8 0. 0.
19 8 0. 0.
20 8 0. 0.
21 8 0. 0.
22 8 0. 0.
23 8 0. 0.
24 8 0. 0.
25 8 0. 0.
26 8 0. 0.
27 8 0. 0.
28 8 0. 0.
29 8 0. 0.
30 8 0. 0.
31 8 0. 0.
32 8 0. 0.
33 8 0. 0.
34 8 0. 0.

# Block n: 3 A:9
1 9               0 0
2 9               0 0
3 9               0 0
4 9               0 0
5 9               0 0
6 9               0 0
7 9 0. 0.
8 9 0. 0.
9 9 0. 0.
10 9 0. 0.
11 9 0. 0.
12 9 0. 0.
13 9 0. 0.
14 9 0. 0.
15 9 0. 0.
16 9 0. 0.
17 9 0. 0.
18 9 0. 0.
19 9 0. 0.
20 9 0. 0.
21 9 0. 0.
22 9 0. 0.
23 9 0. 0.
24 9 0. 0.
25 9 0. 0.
26 9 0. 0.
27 9 0. 0.
28 9 0. 0.
29 9 0. 0.
30 9 0. 0.
31 9 0. 0.
32 9 0. 0.
33 9 0. 0.
34 9 0. 0.

# Block n: 3 A:10
1 10               0 0
2 10               0 0
3 10               0 0
4 10     8.69217e-15 17.0075
5 10               0 0
6 10     4.79991e-25 12.4361
7 10               0 0
8 10 0. 0.
9 10 0. 0.
10 10 0. 0.
11 10 0. 0.
12 10 0. 0.
13 10 0. 0.
14 10 0. 0.
15 10 0. 0.
16 10 0. 0.
17 10 0. 0.
18 10 0. 0.
19 10 0. 0.
20 10 0. 0.
21 10 0. 0.
22 10 0. 0.
23 10 0. 0.
24 10 0. 0.
25 10 0. 0.
26 10 0. 0.
27 10 0. 0.
28 10 0. 0.
29 10 0. 0.
30 10 0. 0.
31 10 0. 0.
32 10 0. 0.
33 10 0. 0.
34 10 0. 0.

# Block n: 3 A:11
1 11               0 0
2 11               0 0
3 11               0 0
4 11      1.4213e-35 99
5 11               0 0
6 11      0.00392652 5.43267
7 11               0 0
8 11 0. 0.
9 11 0. 0.
10 11 0. 0.
11 11 0. 0.
12 11 0. 0.
13 11 0. 0.
14 11 0. 0.
15 11 0. 0.
16 11 0. 0.
17 11 0. 0.
18 11 0. 0.
19 11 0. 0.
20 11 0. 0.
21 11 0. 0.
22 11 0. 0.
23 11 0. 0.
24 11 0. 0.
25 11 0. 0.
26 11 0. 0.
27 11 0. 0.
28 11 0. 0.
29 11 0. 0.
30 11 0. 0.
31 11 0. 0.
32 11 0. 0.
33 11 0. 0.
34 11 0. 0.

# Block n: 3 A:12
1 12               0 0
2 12               0 0
3 12               0 0
4 12               0 0
5 12               0 0
6 12               0 0
7 12               0 0
8 12               0 0
9 12 0. 0.
10 12 0. 0.
11 12 0. 0.
12 12 0. 0.
13 12 0. 0.
14 12 0. 0.
15 12 0. 0.
16 12 0. 0.
17 12 0. 0.
18 12 0. 0.
19 12 0. 0.
20 12 0. 0.
21 12 0. 0.
22 12 0. 0.
23 12 0. 0.
24 12 0. 0.
25 12 0. 0.
26 12 0. 0.
27 12 0. 0.
28 12 0. 0.
29 12 0. 0.
30 12 0. 0.
31 12 0. 0.
32 12 0. 0.
33 12 0. 0.
34 12 0. 0.

# Block n: 3 A:13
1 13               0 0
2 13               0 0
3 13               0 0
4 13               0 0
5 13               0 0
6 13               0 0
7 13      0.00226522 5.47041
8 13               0 0
9 13 0. 0.
10 13 0. 0.
11 13 0. 0.
12 13 0. 0.
13 13 0. 0.
14 13 0. 0.
15 13 0. 0.
16 13 0. 0.
17 13 0. 0.
18 13 0. 0.
19 13 0. 0.
20 13 0. 0.
21 13 0. 0.
22 13 0. 0.
23 13 0. 0.
24 13 0. 0.
25 13 0. 0.
26 13 0. 0.
27 13 0. 0.
28 13 0. 0.
29 13 0. 0.
30 13 0. 0.
31 13 0. 0.
32 13 0. 0.
33 13 0. 0.
34 13 0. 0.

# Block n: 3 A:14
1 14               0 0
2 14               0 0
3 14               0 0
4 14               0 0
5 14               0 0
6 14     3.68426e-11 5.34514
7 14               0 0
8 14     1.68547e-09 23.0769
9 14               0 0
10 14 0. 0.
11 14 0. 0.
12 14 0. 0.
13 14 0. 0.
14 14 0. 0.
15 14 0. 0.
16 14 0. 0.
17 14 0. 0.
18 14 0. 0.
19 14 0. 0.
20 14 0. 0.
21 14 0. 0.
22 14 0. 0.
23 14 0. 0.
24 14 0. 0.
25 14 0. 0.
26 14 0. 0.
27 14 0. 0.
28 14 0. 0.
29 14 0. 0.
30 14 0. 0.
31 14 0. 0.
32 14 0. 0.
33 14 0. 0.
34 14 0. 0.

# Block n: 3 A:15
1 15 0. 0.
2 15               0 0
3 15               0 0
4 15               0 0
5 15               0 0
6 15               0 0
7 15               0 0
8 15     4.60118e-06 7.74806
9 15               0 0
10 15 0. 0.
11 15 0. 0.
12 15 0. 0.
13 15 0. 0.
14 15 0. 0.
15 15 0. 0.
16 15 0. 0.
17 15 0. 0.
18 15 0. 0.
19 15 0. 0.
20 15 0. 0.
21 15 0. 0.
22 15 0. 0.
23 15 0. 0.
24 15 0. 0.
25 15 0. 0.
26 15 0. 0.
27 15 0. 0.
28 15 0. 0.
29 15 0. 0.
30 15 0. 0.
31 15 0. 0.
32 15 0. 0.
33 15 0. 0.
34 15 0. 0.

# Block n: 3 A:16
1 16 0. 0.
2 16               0 0
3 16               0 0
4 16               0 0
5 16               0 0
6 16               0 0
7 16               0 0
8 16               0 0
9 16               0 0
10 16               0 0
11 16 0. 0.
12 16 0. 0.
13 16 0. 0.
14 16 0. 0.
15 16 0. 0.
16 16 0. 0.
17 16 0. 0.
18 16 0. 0.
19 16 0. 0.
20 16 0. 0.
21 16 0. 0.
22 16 0. 0.
23 16 0. 0.
24 16 0. 0.
25 16 0. 0.
26 16 0. 0.
27 16 0. 0.
28 16 0. 0.
29 16 0. 0.
30 16 0. 0.
31 16 0. 0.
32 16 0. 0.
33 16 0. 0.
34 16 0. 0.

# Block n: 3 A:17
1 17 0. 0.
2 17 0. 0.
3 17               0 0
4 17               0 0
5 17               0 0
6 17               0 0
7 17               0 0
8 17               0 0
9 17               0 0
10 17               0 0
11 17 0. 0.
12 17 0. 0.
13 17 0. 0.
14 17 0. 0.
15 17 0. 0.
16 17 0. 0.
17 17 0. 0.
18 17 0. 0.
19 17 0. 0.
20 17 0. 0.
21 17 0. 0.
22 17 0. 0.
23 17 0. 0.
24 17 0. 0.
25 17 0. 0.
26 17 0. 0.
27 17 0. 0.
28 17 0. 0.
29 17 0. 0.
30 17 0. 0.
31 17 0. 0.
32 17 0. 0.
33 17 0. 0.
34 17 0. 0.

# Block n: 3 A:18
1 18 0. 0.
2 18 0. 0.
3 18               0 0
4 18               0 0
5 18               0 0
6 18               0 0
7 18               0 0
8 18               0 0
9 18               0 0
10 18               0 0
11 18               0 0
12 18 0. 0.
13 18 0. 0.
14 18 0. 0.
15 18 0. 0.
16 18 0. 0.
17 18 0. 0.
18 18 0. 0.
19 18 0. 0.
20 18 0. 0.
21 18 0. 0.
22 18 0. 0.
23 18 0. 0.
24 18 0. 0.
25 18 0. 0.
26 18 0. 0.
27 18 0. 0.
28 18 0. 0.
29 18 0. 0.
30 18 0. 0.
31 18 0. 0.
32 18 0. 0.
33 18 0. 0.
34 18 0. 0.

# Block n: 3 A:19
1 19 0. 0.
2 19 0. 0.
3 19 0. 0.
4 19               0 0
5 19               0 0
6 19               0 0
7 19               0 0
8 19               0 0
9 19               0 0
10 19               0 0
11 19               0 0
12 19 0. 0.
13 19 0. 0.
14 19 0. 0.
15 19 0. 0.
16 19 0. 0.
17 19 0. 0.
18 19 0. 0.
19 19 0. 0.
20 19 0. 0.
21 19 0. 0.
22 19 0. 0.
23 19 0. 0.
24 19 0. 0.
25 19 0. 0.
26 19 0. 0.
27 19 0. 0.
28 19 0. 0.
29 19 0. 0.
30 19 0. 0.
31 19 0. 0.
32 19 0. 0.
33 19 0. 0.
34 19 0. 0.

# Block n: 3 A:20
1 20 0. 0.
2 20 0. 0.
3 20 0. 0.
4 20               0 0
5 20               0 0
6 20               0 0
7 20               0 0
8 20               0 0
9 20               0 0
10 20               0 0
11 20               0 0
12 20               0 0
13 20 0. 0.
14 20 0. 0.
15 20 0. 0.
16 20 0. 0.
17 20 0. 0.
18 20 0. 0.
19 20 0. 0.
20 20 0. 0.
21 20 0. 0.
22 20 0. 0.
23 20 0. 0.
24 20 0. 0.
25 20 0. 0.
26 20 0. 0.
27 20 0. 0.
28 20 0. 0.
29 20 0. 0.
30 20 0. 0.
31 20 0. 0.
32 20 0. 0.
33 20 0. 0.
34 20 0. 0.

# Block n: 3 A:21
1 21 0. 0.
2 21 0. 0.
3 21 0. 0.
4 21 0. 0.
5 21               0 0
6 21               0 0
7 21               0 0
8 21               0 0
9 21               0 0
10 21               0 0
11 21     1.10066e-23 99
12 21               0 0
13 21 0. 0.
14 21 0. 0.
15 21 0. 0.
16 21 0. 0.
17 21 0. 0.
18 21 0. 0.
19 21 0. 0.
20 21 0. 0.
21 21 0. 0.
22 21 0. 0.
23 21 0. 0.
24 21 0. 0.
25 21 0. 0.
26 21 0. 0.
27 21 0. 0.
28 21 0. 0.
29 21 0. 0.
30 21 0. 0.
31 21 0. 0.
32 21 0. 0.
33 21 0. 0.
34 21 0. 0.

# Block n: 3 A:22
1 22 0. 0.
2 22 0. 0.
3 22 0. 0.
4 22 0. 0.
5 22               0 0
6 22               0 0
7 22               0 0
8 22               0 0
9 22               0 0
10 22               0 0
11 22               0 0
12 22               0 0
13 22               0 0
14 22 0. 0.
15 22 0. 0.
16 22 0. 0.
17 22 0. 0.
18 22 0. 0.
19 22 0. 0.
20 22 0. 0.
21 22 0. 0.
22 22 0. 0.
23 22 0. 0.
24 22 0. 0.
25 22 0. 0.
26 22 0. 0.
27 22 0. 0.
28 22 0. 0.
29 22 0. 0.
30 22 0. 0.
31 22 0. 0.
32 22 0. 0.
33 22 0. 0.
34 22 0. 0.

# Block n: 3 A:23
1 23 0. 0.
2 23 0. 0.
3 23 0. 0.
4 23 0. 0.
5 23 0. 0.
6 23               0 0
7 23               0 0
8 23               0 0
9 23               0 0
10 23               0 0
11 23               0 0
12 23               0 0
13 23               0 0
14 23 0. 0.
15 23 0. 0.
16 23 0. 0.
17 23 0. 0.
18 23 0. 0.
19 23 0. 0.
20 23 0. 0.
21 23 0. 0.
22 23 0. 0.
23 23 0. 0.
24 23 0. 0.
25 23 0. 0.
26 23 0. 0.
27 23 0. 0.
28 23 0. 0.
29 23 0. 0.
30 23 0. 0.
31 23 0. 0.
32 23 0. 0.
33 23 0. 0.
34 23 0. 0.

# Block n: 3 A:24
1 24 0. 0.
2 24 0. 0.
3 24 0. 0.
4 24 0. 0.
5 24 0. 0.
6 24               0 0
7 24               0 0
8 24               0 0
9 24               0 0
10 24               0 0
11 24               0 0
12 24               0 0
13 24               0 0
14 24               0 0
15 24 0. 0.
16 24 0. 0.
17 24 0. 0.
18 24 0. 0.
19 24 0. 0.
20 24 0. 0.
21 24 0. 0.
22 24 0. 0.
23 24 0. 0.
24 24 0. 0.
25 24 0. 0.
26 24 0. 0.
27 24 0. 0.
28 24 0. 0.
29 24 0. 0.
30 24 0. 0.
31 24 0. 0.
32 24 0. 0.
33 24 0. 0.
34 24 0. 0.

# Block n: 3 A:25
1 25 0. 0.
2 25 0. 0.
3 25 0. 0.
4 25 0. 0.
5 25 0. 0.
6 25 0. 0.
7 25               0 0
8 25               0 0
9 25               0 0
10 25               0 0
11 25               0 0
12 25               0 0
13 25               0 0
14 25               0 0
15 25 0. 0.
16 25 0. 0.
17 25 0. 0.
18 25 0. 0.
19 25 0. 0.
20 25 0. 0.
21 25 0. 0.
22 25 0. 0.
23 25 0. 0.
24 25 0. 0.
25 25 0. 0.
26 25 0. 0.
27 25 0. 0.
28 25 0. 0.
29 25 0. 0.
30 25 0. 0.
31 25 0. 0.
32 25 0. 0.
33 25 0. 0.
34 25 0. 0.

# Block n: 3 A:26
1 26 0. 0.
2 26 0. 0.
3 26 0. 0.
4 26 0. 0.
5 26 0. 0.
6 26 0. 0.
7 26               0 0
8 26               0 0
9 26               0 0
10 26               0 0
11 26               0 0
12 26               0 0
13 26               0 0
14 26               0 0
15 26               0 0
16 26 0. 0.
17 26 0. 0.
18 26 0. 0.
19 26 0. 0.
20 26 0. 0.
21 26 0. 0.
22 26 0. 0.
23 26 0. 0.
24 26 0. 0.
25 26 0. 0.
26 26 0. 0.
27 26 0. 0.
28 26 0. 0.
29 26 0. 0.
30 26 0. 0.
31 26 0. 0.
32 26 0. 0.
33 26 0. 0.
34 26 0. 0.

# Block n: 3 A:27
1 27 0. 0.
2 27 0. 0.
3 27 0. 0.
4 27 0. 0.
5 27 0. 0.
6 27 0. 0.
7 27 0. 0.
8 27               0 0
9 27               0 0
10 27               0 0
11 27               0 0
12 27               0 0
13 27               0 0
14 27               0 0
15 27               0 0
16 27 0. 0.
17 27 0. 0.
18 27 0. 0.
19 27 0. 0.
20 27 0. 0.
21 27 0. 0.
22 27 0. 0.
23 27 0. 0.
24 27 0. 0.
25 27 0. 0.
26 27 0. 0.
27 27 0. 0.
28 27 0. 0.
29 27 0. 0.
30 27 0. 0.
31 27 0. 0.
32 27 0. 0.
33 27 0. 0.
34 27 0. 0.

# Block n: 3 A:28
1 28 0. 0.
2 28 0. 0.
3 28 0. 0.
4 28 0. 0.
5 28 0. 0.
6 28 0. 0.
7 28 0. 0.
8 28               0 0
9 28               0 0
10 28               0 0
11 28               0 0
12 28               0 0
13 28               0 0
14 28               0 0
15 28               0 0
16 28               0 0
17 28 0. 0.
18 28 0. 0.
19 28 0. 0.
20 28 0. 0.
21 28 0. 0.
22 28 0. 0.
23 28 0. 0.
24 28 0. 0.
25 28 0. 0.
26 28 0. 0.
27 28 0. 0.
28 28 0. 0.
29 28 0. 0.
30 28 0. 0.
31 28 0. 0.
32 28 0. 0.
33 28 0. 0.
34 28 0. 0.

# Block n: 3 A:29
1 29 0. 0.
2 29 0. 0.
3 29 0. 0.
4 29 0. 0.
5 29 0. 0.
6 29 0. 0.
7 29 0. 0.
8 29 0. 0.
9 29               0 0
10 29               0 0
11 29               0 0
12 29               0 0
13 29               0 0
14 29               0 0
15 29               0 0
16 29               0 0
17 29 0. 0.
18 29 0. 0.
19 29 0. 0.
20 29 0. 0.
21 29 0. 0.
22 29 0. 0.
23 29 0. 0.
24 29 0. 0.
25 29 0. 0.
26 29 0. 0.
27 29 0. 0.
28 29 0. 0.
29 29 0. 0.
30 29 0. 0.
31 29 0. 0.
32 29 0. 0.
33 29 0. 0.
34 29 0. 0.

# Block n: 3 A:30
1 30 0. 0.
2 30 0. 0.
3 30 0. 0.
4 30 0. 0.
5 30 0. 0.
6 30 0. 0.
7 30 0. 0.
8 30 0. 0.
9 30               0 0
10 30               0 0
11 30               0 0
12 30               0 0
13 30               0 0
14 30               0 0
15 30               0 0
16 30               0 0
17 30               0 0
18 30 0. 0.
19 30 0. 0.
20 30 0. 0.
21 30 0. 0.
22 30 0. 0.
23 30 0. 0.
24 30 0. 0.
25 30 0. 0.
26 30 0. 0.
27 30 0. 0.
28 30 0. 0.
29 30 0. 0.
30 30 0. 0.
31 30 0. 0.
32 30 0. 0.
33 30 0. 0.
34 30 0. 0.

# Block n: 3 A:31
1 31 0. 0.
2 31 0. 0.
3 31 0. 0.
4 31 0. 0.
5 31 0. 0.
6 31 0. 0.
7 31 0. 0.
8 31 0. 0.
9 31 0. 0.
10 31               0 0
11 31               0 0
12 31               0 0
13 31               0 0
14 31               0 0
15 31               0 0
16 31               0 0
17 31               0 0
18 31 0. 0.
19 31 0. 0.
20 31 0. 0.
21 31 0. 0.
22 31 0. 0.
23 31 0. 0.
24 31 0. 0.
25 31 0. 0.
26 31 0. 0.
27 31 0. 0.
28 31 0. 0.
29 31 0. 0.
30 31 0. 0.
31 31 0. 0.
32 31 0. 0.
33 31 0. 0.
34 31 0. 0.

# Block n: 3 A:32
1 32 0. 0.
2 32 0. 0.
3 32 0. 0.
4 32 0. 0.
5 32 0. 0.
6 32 0. 0.
7 32 0. 0.
8 32 0. 0.
9 32 0. 0.
10 32               0 0
11 32               0 0
12 32               0 0
13 32               0 0
14 32               0 0
15 32     3.05123e-08 99
16 32               0 0
17 32               0 0
18 32               0 0
19 32 0. 0.
20 32 0. 0.
21 32 0. 0.
22 32 0. 0.
23 32 0. 0.
24 32 0. 0.
25 32 0. 0.
26 32 0. 0.
27 32 0. 0.
28 32 0. 0.
29 32 0. 0.
30 32 0. 0.
31 32 0. 0.
32 32 0. 0.
33 32 0. 0.
34 32 0. 0.

# Block n: 3 A:33
1 33 0. 0.
2 33 0. 0.
3 33 0. 0.
4 33 0. 0.
5 33 0. 0.
6 33 0. 0.
7 33 0. 0.
8 33 0. 0.
9 33 0. 0.
10 33 0. 0.
11 33               0 0
12 33               0 0
13 33               0 0
14 33               0 0
15 33               0 0
16 33               0 0
17 33               0 0
18 33               0 0
19 33 0. 0.
20 33 0. 0.
21 33 0. 0.
22 33 0. 0.
23 33 0. 0.
24 33 0. 0.
25 33 0. 0.
26 33 0. 0.
27 33 0. 0.
28 33 0. 0.
29 33 0. 0.
30 33 0. 0.
31 33 0. 0.
32 33 0. 0.
33 33 0. 0.
34 33 0. 0.

# Block n: 3 A:34
1 34 0. 0.
2 34 0. 0.
3 34 0. 0.
4 34 0. 0.
5 34 0. 0.
6 34 0. 0.
7 34 0. 0.
8 34 0. 0.
9 34 0. 0.
10 34 0. 0.
11 34               0 0
12 34               0 0
13 34               0 0
14 34               0 0
15 34               0 0
16 34               0 0
17 34               0 0
18 34               0 0
19 34               0 0
20 34 0. 0.
21 34 0. 0.
22 34 0. 0.
23 34 0. 0.
24 34 0. 0.
25 34 0. 0.
26 34 0. 0.
27 34 0. 0.
28 34 0. 0.
29 34 0. 0.
30 34 0. 0.
31 34 0. 0.
32 34 0. 0.
33 34 0. 0.
34 34 0. 0.

# Block n: 3 A:35
1 35 0. 0.
2 35 0. 0.
3 35 0. 0.
4 35 0. 0.
5 35 0. 0.
6 35 0. 0.
7 35 0. 0.
8 35 0. 0.
9 35 0. 0.
10 35 0. 0.
11 35 0. 0.
12 35               0 0
13 35               0 0
14 35               0 0
15 35               0 0
16 35     9.97438e-09 61.2372
17 35               0 0
18 35               0 0
19 35               0 0
20 35 0. 0.
21 35 0. 0.
22 35 0. 0.
23 35 0. 0.
24 35 0. 0.
25 35 0. 0.
26 35 0. 0.
27 35 0. 0.
28 35 0. 0.
29 35 0. 0.
30 35 0. 0.
31 35 0. 0.
32 35 0. 0.
33 35 0. 0.
34 35 0. 0.

# Block n: 3 A:36
1 36 0. 0.
2 36 0. 0.
3 36 0. 0.
4 36 0. 0.
5 36 0. 0.
6 36 0. 0.
7 36 0. 0.
8 36 0. 0.
9 36 0. 0.
10 36 0. 0.
11 36 0. 0.
12 36               0 0
13 36               0 0
14 36               0 0
15 36               0 0
16 36               0 0
17 36               0 0
18 36               0 0
19 36               0 0
20 36               0 0
21 36 0. 0.
22 36 0. 0.
23 36 0. 0.
24 36 0. 0.
25 36 0. 0.
26 36 0. 0.
27 36 0. 0.
28 36 0. 0.
29 36 0. 0.
30 36 0. 0.
31 36 0. 0.
32 36 0. 0.
33 36 0. 0.
34 36 0. 0.

# Block n: 3 A:37
1 37 0. 0.
2 37 0. 0.
3 37 0. 0.
4 37 0. 0.
5 37 0. 0.
6 37 0. 0.
7 37 0. 0.
8 37 0. 0.
9 37 0. 0.
10 37 0. 0.
11 37 0. 0.
12 37 0. 0.
13 37               0 0
14 37               0 0
15 37               0 0
16 37               0 0
17 37               0 0
18 37     4.97695e-08 25
19 37               0 0
20 37               0 0
21 37 0. 0.
22 37 0. 0.
23 37 0. 0.
24 37 0. 0.
25 37 0. 0.
26 37 0. 0.
27 37 0. 0.
28 37 0. 0.
29 37 0. 0.
30 37 0. 0.
31 37 0. 0.
32 37 0. 0.
33 37 0. 0.
34 37 0. 0.

# Block n: 3 A:38
1 38 0. 0.
2 38 0. 0.
3 38 0. 0.
4 38 0. 0.
5 38 0. 0.
6 38 0. 0.
7 38 0. 0.
8 38 0. 0.
9 38 0. 0.
10 38 0. 0.
11 38 0. 0.
12 38 0. 0.
13 38               0 0
14 38               0 0
15 38               0 0
16 38               0 0
17 38     1.90477e-05 61.2372
18 38               0 0
19 38               0 0
20 38               0 0
21 38               0 0
22 38 0. 0.
23 38 0. 0.
24 38 0. 0.
25 38 0. 0.
26 38 0. 0.
27 38 0. 0.
28 38 0. 0.
29 38 0. 0.
30 38 0. 0.
31 38 0. 0.
32 38 0. 0.
33 38 0. 0.
34 38 0. 0.

# Block n: 3 A:39
1 39 0. 0.
2 39 0. 0.
3 39 0. 0.
4 39 0. 0.
5 39 0. 0.
6 39 0. 0.
7 39 0. 0.
8 39 0. 0.
9 39 0. 0.
10 39 0. 0.
11 39 0. 0.
12 39 0. 0.
13 39 0. 0.
14 39               0 0
15 39               0 0
16 39               0 0
17 39     3.05803e-05 46.7707
18 39     4.55163e-11 38.0778
19 39               0 0
20 39               0 0
21 39               0 0
22 39 0. 0.
23 39 0. 0.
24 39 0. 0.
25 39 0. 0.
26 39 0. 0.
27 39 0. 0.
28 39 0. 0.
29 39 0. 0.
30 39 0. 0.
31 39 0. 0.
32 39 0. 0.
33 39 0. 0.
34 39 0. 0.

# Block n: 3 A:40
1 40 0. 0.
2 40 0. 0.
3 40 0. 0.
4 40 0. 0.
5 40 0. 0.
6 40 0. 0.
7 40 0. 0.
8 40 0. 0.
9 40 0. 0.
10 40 0. 0.
11 40 0. 0.
12 40 0. 0.
13 40 0. 0.
14 40               0 0
15 40               0 0
16 40               0 0
17 40               0 0
18 40               0 0
19 40     1.91652e-18 61.2372
20 40               0 0
21 40               0 0
22 40               0 0
23 40 0. 0.
24 40 0. 0.
25 40 0. 0.
26 40 0. 0.
27 40 0. 0.
28 40 0. 0.
29 40 0. 0.
30 40 0. 0.
31 40 0. 0.
32 40 0. 0.
33 40 0. 0.
34 40 0. 0.

# Block n: 3 A:41
1 41 0. 0.
2 41 0. 0.
3 41 0. 0.
4 41 0. 0.
5 41 0. 0.
6 41 0. 0.
7 41 0. 0.
8 41 0. 0.
9 41 0. 0.
10 41 0. 0.
11 41 0. 0.
12 41 0. 0.
13 41 0. 0.
14 41 0. 0.
15 41               0 0
16 41               0 0
17 41               0 0
18 41               0 0
19 41               0 0
20 41               0 0
21 41               0 0
22 41               0 0
23 41 0. 0.
24 41 0. 0.
25 41 0. 0.
26 41 0. 0.
27 41 0. 0.
28 41 0. 0.
29 41 0. 0.
30 41 0. 0.
31 41 0. 0.
32 41 0. 0.
33 41 0. 0.
34 41 0. 0.

# Block n: 3 A:42
1 42 0. 0.
2 42 0. 0.
3 42 0. 0.
4 42 0. 0.
5 42 0. 0.
6 42 0. 0.
7 42 0. 0.
8 42 0. 0.
9 42 0. 0.
10 42 0. 0.
11 42 0. 0.
12 42 0. 0.
13 42 0. 0.
14 42 0. 0.
15 42               0 0
16 42               0 0
17 42               0 0
18 42               0 0
19 42               0 0
20 42               0 0
21 42               0 0
22 42               0 0
23 42               0 0
24 42 0. 0.
25 42 0. 0.
26 42 0. 0.
27 42 0. 0.
28 42 0. 0.
29 42 0. 0.
30 42 0. 0.
31 42 0. 0.
32 42 0. 0.
33 42 0. 0.
34 42 0. 0.

# Block n: 3 A:43
1 43 0. 0.
2 43 0. 0.
3 43 0. 0.
4 43 0. 0.
5 43 0. 0.
6 43 0. 0.
7 43 0. 0.
8 43 0. 0.
9 43 0. 0.
10 43 0. 0.
11 43 0. 0.
12 43 0. 0.
13 43 0. 0.
14 43 0. 0.
15 43 0. 0.
16 43               0 0
17 43               0 0
18 43               0 0
19 43               0 0
20 43               0 0
21 43               0 0
22 43               0 0
23 43               0 0
24 43 0. 0.
25 43 0. 0.
26 43 0. 0.
27 43 0. 0.
28 43 0. 0.
29 43 0. 0.
30 43 0. 0.
31 43 0. 0.
32 43 0. 0.
33 43 0. 0.
34 43 0. 0.

# Block n: 3 A:44
1 44 0. 0.
2 44 0. 0.
3 44 0. 0.
4 44 0. 0.
5 44 0. 0.
6 44 0. 0.
7 44 0. 0.
8 44 0. 0.
9 44 0. 0.
10 44 0. 0.
11 44 0. 0.
12 44 0. 0.
13 44 0. 0.
14 44 0. 0.
15 44 0. 0.
16 44               0 0
17 44               0 0
18 44               0 0
19 44               0 0
20 44               0 0
21 44               0 0
22 44               0 0
23 44               0 0
24 44               0 0
25 44 0. 0.
26 44 0. 0.
27 44 0. 0.
28 44 0. 0.
29 44 0. 0.
30 44 0. 0.
31 44 0. 0.
32 44 0. 0.
33 44 0. 0.
34 44 0. 0.

# Block n: 3 A:45
1 45 0. 0.
2 45 0. 0.
3 45 0. 0.
4 45 0. 0.
5 45 0. 0.
6 45 0. 0.
7 45 0. 0.
8 45 0. 0.
9 45 0. 0.
10 45 0. 0.
11 45 0. 0.
12 45 0. 0.
13 45 0. 0.
14 45 0. 0.
15 45 0. 0.
16 45 0. 0.
17 45               0 0
18 45               0 0
19 45               0 0
20 45               0 0
21 45               0 0
22 45               0 0
23 45               0 0
24 45               0 0
25 45 0. 0.
26 45 0. 0.
27 45 0. 0.
28 45 0. 0.
29 45 0. 0.
30 45 0. 0.
31 45 0. 0.
32 45 0. 0.
33 45 0. 0.
34 45 0. 0.

# Block n: 3 A:46
1 46 0. 0.
2 46 0. 0.
3 46 0. 0.
4 46 0. 0.
5 46 0. 0.
6 46 0. 0.
7 46 0. 0.
8 46 0. 0.
9 46 0. 0.
10 46 0. 0.
11 46 0. 0.
12 46 0. 0.
13 46 0. 0.
14 46 0. 0.
15 46 0. 0.
16 46 0. 0.
17 46               0 0
18 46               0 0
19 46               0 0
20 46               0 0
21 46               0 0
22 46               0 0
23 46               0 0
24 46               0 0
25 46               0 0
26 46 0. 0.
27 46 0. 0.
28 46 0. 0.
29 46 0. 0.
30 46 0. 0.
31 46 0. 0.
32 46 0. 0.
33 46 0. 0.
34 46 0. 0.

# Block n: 3 A:47
1 47 0. 0.
2 47 0. 0.
3 47 0. 0.
4 47 0. 0.
5 47 0. 0.
6 47 0. 0.
7 47 0. 0.
8 47 0. 0.
9 47 0. 0.
10 47 0. 0.
11 47 0. 0.
12 47 0. 0.
13 47 0. 0.
14 47 0. 0.
15 47 0. 0.
16 47 0. 0.
17 47 0. 0.
18 47               0 0
19 47               0 0
20 47               0 0
21 47               0 0
22 47               0 0
23 47               0 0
24 47               0 0
25 47               0 0
26 47 0. 0.
27 47 0. 0.
28 47 0. 0.
29 47 0. 0.
30 47 0. 0.
31 47 0. 0.
32 47 0. 0.
33 47 0. 0.
34 47 0. 0.

# Block n: 3 A:48
1 48 0. 0.
2 48 0. 0.
3 48 0. 0.
4 48 0. 0.
5 48 0. 0.
6 48 0. 0.
7 48 0. 0.
8 48 0. 0.
9 48 0. 0.
10 48 0. 0.
11 48 0. 0.
12 48 0. 0.
13 48 0. 0.
14 48 0. 0.
15 48 0. 0.
16 48 0. 0.
17 48 0. 0.
18 48               0 0
19 48               0 0
20 48               0 0
21 48               0 0
22 48               0 0
23 48               0 0
24 48               0 0
25 48               0 0
26 48               0 0
27 48 0. 0.
28 48 0. 0.
29 48 0. 0.
30 48 0. 0.
31 48 0. 0.
32 48 0. 0.
33 48 0. 0.
34 48 0. 0.

# Block n: 3 A:49
1 49 0. 0.
2 49 0. 0.
3 49 0. 0.
4 49 0. 0.
5 49 0. 0.
6 49 0. 0.
7 49 0. 0.
8 49 0. 0.
9 49 0. 0.
10 49 0. 0.
11 49 0. 0.
12 49 0. 0.
13 49 0. 0.
14 49 0. 0.
15 49 0. 0.
16 49 0. 0.
17 49 0. 0.
18 49 0. 0.
19 49               0 0
20 49               0 0
21 49               0 0
22 49               0 0
23 49               0 0
24 49               0 0
25 49               0 0
26 49               0 0
27 49 0. 0.
28 49 0. 0.
29 49 0. 0.
30 49 0. 0.
31 49 0. 0.
32 49 0. 0.
33 49 0. 0.
34 49 0. 0.

# Block n: 3 A:50
1 50 0. 0.
2 50 0. 0.
3 50 0. 0.
4 50 0. 0.
5 50 0. 0.
6 50 0. 0.
7 50 0. 0.
8 50 0. 0.
9 50 0. 0.
10 50 0. 0.
11 50 0. 0.
12 50 0. 0.
13 50 0. 0.
14 50 0. 0.
15 50 0. 0.
16 50 0. 0.
17 50 0. 0.
18 50 0. 0.
19 50               0 0
20 50               0 0
21 50               0 0
22 50               0 0
23 50               0 0
24 50               0 0
25 50               0 0
26 50               0 0
27 50               0 0
28 50 0. 0.
29 50 0. 0.
30 50 0. 0.
31 50 0. 0.
32 50 0. 0.
33 50 0. 0.
34 50 0. 0.

# Block n: 3 A:51
1 51 0. 0.
2 51 0. 0.
3 51 0. 0.
4 51 0. 0.
5 51 0. 0.
6 51 0. 0.
7 51 0. 0.
8 51 0. 0.
9 51 0. 0.
10 51 0. 0.
11 51 0. 0.
12 51 0. 0.
13 51 0. 0.
14 51 0. 0.
15 51 0. 0.
16 51 0. 0.
17 51 0. 0.
18 51 0. 0.
19 51 0. 0.
20 51               0 0
21 51               0 0
22 51               0 0
23 51               0 0
24 51     5.80395e-09 99
25 51     8.57087e-06 99
26 51               0 0
27 51               0 0
28 51 0. 0.
29 51 0. 0.
30 51 0. 0.
31 51 0. 0.
32 51 0. 0.
33 51 0. 0.
34 51 0. 0.

# Block n: 3 A:52
1 52 0. 0.
2 52 0. 0.
3 52 0. 0.
4 52 0. 0.
5 52 0. 0.
6 52 0. 0.
7 52 0. 0.
8 52 0. 0.
9 52 0. 0.
10 52 0. 0.
11 52 0. 0.
12 52 0. 0.
13 52 0. 0.
14 52 0. 0.
15 52 0. 0.
16 52 0. 0.
17 52 0. 0.
18 52 0. 0.
19 52 0. 0.
20 52               0 0
21 52               0 0
22 52               0 0
23 52               0 0
24 52               0 0
25 52     1.72514e-09 61.2372
26 52               0 0
27 52               0 0
28 52               0 0
29 52 0. 0.
30 52 0. 0.
31 52 0. 0.
32 52 0. 0.
33 52 0. 0.
34 52 0. 0.

# Block n: 3 A:53
1 53 0. 0.
2 53 0. 0.
3 53 0. 0.
4 53 0. 0.
5 53 0. 0.
6 53 0. 0.
7 53 0. 0.
8 53 0. 0.
9 53 0. 0.
10 53 0. 0.
11 53 0. 0.
12 53 0. 0.
13 53 0. 0.
14 53 0. 0.
15 53 0. 0.
16 53 0. 0.
17 53 0. 0.
18 53 0. 0.
19 53 0. 0.
20 53 0. 0.
21 53               0 0
22 53               0 0
23 53               0 0
24 53               0 0
25 53     5.36852e-15 20.313
26 53     1.27277e-05 61.2372
27 53               0 0
28 53               0 0
29 53 0. 0.
30 53 0. 0.
31 53 0. 0.
32 53 0. 0.
33 53 0. 0.
34 53 0. 0.

# Block n: 3 A:54
1 54 0. 0.
2 54 0. 0.
3 54 0. 0.
4 54 0. 0.
5 54 0. 0.
6 54 0. 0.
7 54 0. 0.
8 54 0. 0.
9 54 0. 0.
10 54 0. 0.
11 54 0. 0.
12 54 0. 0.
13 54 0. 0.
14 54 0. 0.
15 54 0. 0.
16 54 0. 0.
17 54 0. 0.
18 54 0. 0.
19 54 0. 0.
20 54 0. 0.
21 54               0 0
22 54               0 0
23 54               0 0
24 54               0 0
25 54     2.37294e-08 19.948
26 54               0 0
27 54               0 0
28 54               0 0
29 54               0 0
30 54 0. 0.
31 54 0. 0.
32 54 0. 0.
33 54 0. 0.
34 54 0. 0.

# Block n: 3 A:55
1 55 0. 0.
2 55 0. 0.
3 55 0. 0.
4 55 0. 0.
5 55 0. 0.
6 55 0. 0.
7 55 0. 0.
8 55 0. 0.
9 55 0. 0.
10 55 0. 0.
11 55 0. 0.
12 55 0. 0.
13 55 0. 0.
14 55 0. 0.
15 55 0. 0.
16 55 0. 0.
17 55 0. 0.
18 55 0. 0.
19 55 0. 0.
20 55 0. 0.
21 55 0. 0.
22 55               0 0
23 55               0 0
24 55               0 0
25 55               0 0
26 55     2.17503e-08 10.0061
27 55     5.84653e-07 99
28 55               0 0
29 55               0 0
30 55 0. 0.
31 55 0. 0.
32 55 0. 0.
33 55 0. 0.
34 55 0. 0.

# Block n: 3 A:56
1 56 0. 0.
2 56 0. 0.
3 56 0. 0.
4 56 0. 0.
5 56 0. 0.
6 56 0. 0.
7 56 0. 0.
8 56 0. 0.
9 56 0. 0.
10 56 0. 0.
11 56 0. 0.
12 56 0. 0.
13 56 0. 0.
14 56 0. 0.
15 56 0. 0.
16 56 0. 0.
17 56 0. 0.
18 56 0. 0.
19 56 0. 0.
20 56 0. 0.
21 56 0. 0.
22 56               0 0
23 56               0 0
24 56               0 0
25 56     1.05995e-05 40.8248
26 56               0 0
27 56     2.65188e-07 10.9458
28 56     2.14687e-07 66.6667
29 56               0 0
30 56               0 0
31 56 0. 0.
32 56 0. 0.
33 56 0. 0.
34 56 0. 0.

# Block n: 3 A:57
1 57 0. 0.
2 57 0. 0.
3 57 0. 0.
4 57 0. 0.
5 57 0. 0.
6 57 0. 0.
7 57 0. 0.
8 57 0. 0.
9 57 0. 0.
10 57 0. 0.
11 57 0. 0.
12 57 0. 0.
13 57 0. 0.
14 57 0. 0.
15 57 0. 0.
16 57 0. 0.
17 57 0. 0.
18 57 0. 0.
19 57 0. 0.
20 57 0. 0.
21 57 0. 0.
22 57 0. 0.
23 57               0 0
24 57               0 0
25 57     7.00693e-10 99
26 57               0 0
27 57     2.43982e-07 8.60368
28 57     4.07227e-06 26.2445
29 57               0 0
30 57               0 0
31 57 0. 0.
32 57 0. 0.
33 57 0. 0.
34 57 0. 0.

# Block n: 3 A:58
1 58 0. 0.
2 58 0. 0.
3 58 0. 0.
4 58 0. 0.
5 58 0. 0.
6 58 0. 0.
7 58 0. 0.
8 58 0. 0.
9 58 0. 0.
10 58 0. 0.
11 58 0. 0.
12 58 0. 0.
13 58 0. 0.
14 58 0. 0.
15 58 0. 0.
16 58 0. 0.
17 58 0. 0.
18 58 0. 0.
19 58 0. 0.
20 58 0. 0.
21 58 0. 0.
22 58 0. 0.
23 58               0 0
24 58               0 0
25 58               0 0
26 58               0 0
27 58     7.45369e-07 11.6706
28 58               0 0
29 58               0 0
30 58               0 0
31 58               0 0
32 58 0. 0.
33 58 0. 0.
34 58 0. 0.

# Block n: 3 A:59
1 59 0. 0.
2 59 0. 0.
3 59 0. 0.
4 59 0. 0.
5 59 0. 0.
6 59 0. 0.
7 59 0. 0.
8 59 0. 0.
9 59 0. 0.
10 59 0. 0.
11 59 0. 0.
12 59 0. 0.
13 59 0. 0.
14 59 0. 0.
15 59 0. 0.
16 59 0. 0.
17 59 0. 0.
18 59 0. 0.
19 59 0. 0.
20 59 0. 0.
21 59 0. 0.
22 59 0. 0.
23 59 0. 0.
24 59               0 0
25 59               0 0
26 59     1.95824e-08 61.2372
27 59               0 0
28 59     4.88267e-12 7.10676
29 59     1.62751e-09 46.7707
30 59               0 0
31 59               0 0
32 59 0. 0.
33 59 0. 0.
34 59 0. 0.

# Block n: 3 A:60
1 60 0. 0.
2 60 0. 0.
3 60 0. 0.
4 60 0. 0.
5 60 0. 0.
6 60 0. 0.
7 60 0. 0.
8 60 0. 0.
9 60 0. 0.
10 60 0. 0.
11 60 0. 0.
12 60 0. 0.
13 60 0. 0.
14 60 0. 0.
15 60 0. 0.
16 60 0. 0.
17 60 0. 0.
18 60 0. 0.
19 60 0. 0.
20 60 0. 0.
21 60 0. 0.
22 60 0. 0.
23 60 0. 0.
24 60               0 0
25 60               0 0
26 60     4.55415e-16 99
27 60     4.25607e-09 25.3927
28 60               0 0
29 60     0.000660812 6.02334
30 60               0 0
31 60               0 0
32 60               0 0
33 60 0. 0.
34 60 0. 0.

# Block n: 3 A:61
1 61 0. 0.
2 61 0. 0.
3 61 0. 0.
4 61 0. 0.
5 61 0. 0.
6 61 0. 0.
7 61 0. 0.
8 61 0. 0.
9 61 0. 0.
10 61 0. 0.
11 61 0. 0.
12 61 0. 0.
13 61 0. 0.
14 61 0. 0.
15 61 0. 0.
16 61 0. 0.
17 61 0. 0.
18 61 0. 0.
19 61 0. 0.
20 61 0. 0.
21 61 0. 0.
22 61 0. 0.
23 61 0. 0.
24 61 0. 0.
25 61               0 0
26 61               0 0
27 61     3.06776e-05 40.8248
28 61               0 0
29 61     0.000929327 6.61582
30 61     5.62346e-09 63.2521
31 61               0 0
32 61               0 0
33 61 0. 0.
34 61 0. 0.

# Block n: 3 A:62
1 62 0. 0.
2 62 0. 0.
3 62 0. 0.
4 62 0. 0.
5 62 0. 0.
6 62 0. 0.
7 62 0. 0.
8 62 0. 0.
9 62 0. 0.
10 62 0. 0.
11 62 0. 0.
12 62 0. 0.
13 62 0. 0.
14 62 0. 0.
15 62 0. 0.
16 62 0. 0.
17 62 0. 0.
18 62 0. 0.
19 62 0. 0.
20 62 0. 0.
21 62 0. 0.
22 62 0. 0.
23 62 0. 0.
24 62 0. 0.
25 62               0 0
26 62               0 0
27 62     1.14869e-07 59.7909
28 62               0 0
29 62       0.0052376 4.1477
30 62     8.75618e-05 12.5
31 62               0 0
32 62               0 0
33 62               0 0
34 62 0. 0.

# Block n: 3 A:63
1 63 0. 0.
2 63 0. 0.
3 63 0. 0.
4 63 0. 0.
5 63 0. 0.
6 63 0. 0.
7 63 0. 0.
8 63 0. 0.
9 63 0. 0.
10 63 0. 0.
11 63 0. 0.
12 63 0. 0.
13 63 0. 0.
14 63 0. 0.
15 63 0. 0.
16 63 0. 0.
17 63 0. 0.
18 63 0. 0.
19 63 0. 0.
20 63 0. 0.
21 63 0. 0.
22 63 0. 0.
23 63 0. 0.
24 63 0. 0.
25 63 0. 0.
26 63               0 0
27 63               0 0
28 63     4.95199e-10 20.8248
29 63               0 0
30 63      0.00219763 5.74687
31 63     3.55975e-17 31.1805
32 63               0 0
33 63               0 0
34 63 0. 0.

# Block n: 3 A:64
1 64 0. 0.
2 64 0. 0.
3 64 0. 0.
4 64 0. 0.
5 64 0. 0.
6 64 0. 0.
7 64 0. 0.
8 64 0. 0.
9 64 0. 0.
10 64 0. 0.
11 64 0. 0.
12 64 0. 0.
13 64 0. 0.
14 64 0. 0.
15 64 0. 0.
16 64 0. 0.
17 64 0. 0.
18 64 0. 0.
19 64 0. 0.
20 64 0. 0.
21 64 0. 0.
22 64 0. 0.
23 64 0. 0.
24 64 0. 0.
25 64 0. 0.
26 64               0 0
27 64               0 0
28 64               0 0
29 64      0.00018497 7.63428
30 64               0 0
31 64     1.75672e-06 20.8248
32 64               0 0
33 64               0 0
34 64               0 0

# Block n: 3 A:65
1 65 0. 0.
2 65 0. 0.
3 65 0. 0.
4 65 0. 0.
5 65 0. 0.
6 65 0. 0.
7 65 0. 0.
8 65 0. 0.
9 65 0. 0.
10 65 0. 0.
11 65 0. 0.
12 65 0. 0.
13 65 0. 0.
14 65 0. 0.
15 65 0. 0.
16 65 0. 0.
17 65 0. 0.
18 65 0. 0.
19 65 0. 0.
20 65 0. 0.
21 65 0. 0.
22 65 0. 0.
23 65 0. 0.
24 65 0. 0.
25 65 0. 0.
26 65 0. 0.
27 65               0 0
28 65     7.21442e-06 99
29 65               0 0
30 65     3.83206e-07 6.31039
31 65     0.000268273 22.2612
32 65               0 0
33 65               0 0
34 65               0 0

# Block n: 3 A:66
1 66 0. 0.
2 66 0. 0.
3 66 0. 0.
4 66 0. 0.
5 66 0. 0.
6 66 0. 0.
7 66 0. 0.
8 66 0. 0.
9 66 0. 0.
10 66 0. 0.
11 66 0. 0.
12 66 0. 0.
13 66 0. 0.
14 66 0. 0.
15 66 0. 0.
16 66 0. 0.
17 66 0. 0.
18 66 0. 0.
19 66 0. 0.
20 66 0. 0.
21 66 0. 0.
22 66 0. 0.
23 66 0. 0.
24 66 0. 0.
25 66 0. 0.
26 66 0. 0.
27 66               0 0
28 66               0 0
29 66     1.33631e-05 31.1805
30 66               0 0
31 66     3.39697e-05 18.2217
32 66               0 0
33 66               0 0
34 66               0 0

# Block n: 3 A:67
1 67 0. 0.
2 67 0. 0.
3 67 0. 0.
4 67 0. 0.
5 67 0. 0.
6 67 0. 0.
7 67 0. 0.
8 67 0. 0.
9 67 0. 0.
10 67 0. 0.
11 67 0. 0.
12 67 0. 0.
13 67 0. 0.
14 67 0. 0.
15 67 0. 0.
16 67 0. 0.
17 67 0. 0.
18 67 0. 0.
19 67 0. 0.
20 67 0. 0.
21 67 0. 0.
22 67 0. 0.
23 67 0. 0.
24 67 0. 0.
25 67 0. 0.
26 67 0. 0.
27 67 0. 0.
28 67               0 0
29 67     6.72763e-07 72.8869
30 67               0 0
31 67     4.65521e-06 20.702
32 67               0 0
33 67               0 0
34 67               0 0

# Block n: 3 A:68
1 68 0. 0.
2 68 0. 0.
3 68 0. 0.
4 68 0. 0.
5 68 0. 0.
6 68 0. 0.
7 68 0. 0.
8 68 0. 0.
9 68 0. 0.
10 68 0. 0.
11 68 0. 0.
12 68 0. 0.
13 68 0. 0.
14 68 0. 0.
15 68 0. 0.
16 68 0. 0.
17 68 0. 0.
18 68 0. 0.
19 68 0. 0.
20 68 0. 0.
21 68 0. 0.
22 68 0. 0.
23 68 0. 0.
24 68 0. 0.
25 68 0. 0.
26 68 0. 0.
27 68 0. 0.
28 68               0 0
29 68     1.38624e-18 99
30 68               0 0
31 68     0.000148857 23.3992
32 68               0 0
33 68               0 0
34 68               0 0

# Block n: 3 A:69
1 69 0. 0.
2 69 0. 0.
3 69 0. 0.
4 69 0. 0.
5 69 0. 0.
6 69 0. 0.
7 69 0. 0.
8 69 0. 0.
9 69 0. 0.
10 69 0. 0.
11 69 0. 0.
12 69 0. 0.
13 69 0. 0.
14 69 0. 0.
15 69 0. 0.
16 69 0. 0.
17 69 0. 0.
18 69 0. 0.
19 69 0. 0.
20 69 0. 0.
21 69 0. 0.
22 69 0. 0.
23 69 0. 0.
24 69 0. 0.
25 69 0. 0.
26 69 0. 0.
27 69 0. 0.
28 69 0. 0.
29 69               0 0
30 69     3.07483e-05 25.011
31 69               0 0
32 69               0 0
33 69               0 0
34 69               0 0

# Block n: 3 A:70
1 70 0. 0.
2 70 0. 0.
3 70 0. 0.
4 70 0. 0.
5 70 0. 0.
6 70 0. 0.
7 70 0. 0.
8 70 0. 0.
9 70 0. 0.
10 70 0. 0.
11 70 0. 0.
12 70 0. 0.
13 70 0. 0.
14 70 0. 0.
15 70 0. 0.
16 70 0. 0.
17 70 0. 0.
18 70 0. 0.
19 70 0. 0.
20 70 0. 0.
21 70 0. 0.
22 70 0. 0.
23 70 0. 0.
24 70 0. 0.
25 70 0. 0.
26 70 0. 0.
27 70 0. 0.
28 70 0. 0.
29 70               0 0
30 70               0 0
31 70               0 0
32 70               0 0
33 70               0 0
34 70               0 0

# Block n: 3 A:71
1 71 0. 0.
2 71 0. 0.
3 71 0. 0.
4 71 0. 0.
5 71 0. 0.
6 71 0. 0.
7 71 0. 0.
8 71 0. 0.
9 71 0. 0.
10 71 0. 0.
11 71 0. 0.
12 71 0. 0.
13 71 0. 0.
14 71 0. 0.
15 71 0. 0.
16 71 0. 0.
17 71 0. 0.
18 71 0. 0.
19 71 0. 0.
20 71 0. 0.
21 71 0. 0.
22 71 0. 0.
23 71 0. 0.
24 71 0. 0.
25 71 0. 0.
26 71 0. 0.
27 71 0. 0.
28 71 0. 0.
29 71 0. 0.
30 71               0 0
31 71               0 0
32 71               0 0
33 71               0 0
34 71               0 0

# Block n: 3 A:72
1 72 0. 0.
2 72 0. 0.
3 72 0. 0.
4 72 0. 0.
5 72 0. 0.
6 72 0. 0.
7 72 0. 0.
8 72 0. 0.
9 72 0. 0.
10 72 0. 0.
11 72 0. 0.
12 72 0. 0.
13 72 0. 0.
14 72 0. 0.
15 72 0. 0.
16 72 0. 0.
17 72 0. 0.
18 72 0. 0.
19 72 0. 0.
20 72 0. 0.
21 72 0. 0.
22 72 0. 0.
23 72 0. 0.
24 72 0. 0.
25 72 0. 0.
26 72 0. 0.
27 72 0. 0.
28 72 0. 0.
29 72 0. 0.
30 72               0 0
31 72               0 0
32 72               0 0
33 72               0 0
34 72               0 0

# Block n: 3 A:73
1 73 0. 0.
2 73 0. 0.
3 73 0. 0.
4 73 0. 0.
5 73 0. 0.
6 73 0. 0.
7 73 0. 0.
8 73 0. 0.
9 73 0. 0.
10 73 0. 0.
11 73 0. 0.
12 73 0. 0.
13 73 0. 0.
14 73 0. 0.
15 73 0. 0.
16 73 0. 0.
17 73 0. 0.
18 73 0. 0.
19 73 0. 0.
20 73 0. 0.
21 73 0. 0.
22 73 0. 0.
23 73 0. 0.
24 73 0. 0.
25 73 0. 0.
26 73 0. 0.
27 73 0. 0.
28 73 0. 0.
29 73 0. 0.
30 73 0. 0.
31 73               0 0
32 73               0 0
33 73               0 0
34 73               0 0

# Block n: 3 A:74
1 74 0. 0.
2 74 0. 0.
3 74 0. 0.
4 74 0. 0.
5 74 0. 0.
6 74 0. 0.
7 74 0. 0.
8 74 0. 0.
9 74 0. 0.
10 74 0. 0.
11 74 0. 0.
12 74 0. 0.
13 74 0. 0.
14 74 0. 0.
15 74 0. 0.
16 74 0. 0.
17 74 0. 0.
18 74 0. 0.
19 74 0. 0.
20 74 0. 0.
21 74 0. 0.
22 74 0. 0.
23 74 0. 0.
24 74 0. 0.
25 74 0. 0.
26 74 0. 0.
27 74 0. 0.
28 74 0. 0.
29 74 0. 0.
30 74 0. 0.
31 74               0 0
32 74               0 0
33 74               0 0
34 74               0 0

# Block n: 3 A:75
1 75 0. 0.
2 75 0. 0.
3 75 0. 0.
4 75 0. 0.
5 75 0. 0.
6 75 0. 0.
7 75 0. 0.
8 75 0. 0.
9 75 0. 0.
10 75 0. 0.
11 75 0. 0.
12 75 0. 0.
13 75 0. 0.
14 75 0. 0.
15 75 0. 0.
16 75 0. 0.
17 75 0. 0.
18 75 0. 0.
19 75 0. 0.
20 75 0. 0.
21 75 0. 0.
22 75 0. 0.
23 75 0. 0.
24 75 0. 0.
25 75 0. 0.
26 75 0. 0.
27 75 0. 0.
28 75 0. 0.
29 75 0. 0.
30 75 0. 0.
31 75 0. 0.
32 75               0 0
33 75               0 0
34 75               0 0

# Block n: 3 A:76
1 76 0. 0.
2 76 0. 0.
3 76 0. 0.
4 76 0. 0.
5 76 0. 0.
6 76 0. 0.
7 76 0. 0.
8 76 0. 0.
9 76 0. 0.
10 76 0. 0.
11 76 0. 0.
12 76 0. 0.
13 76 0. 0.
14 76 0. 0.
15 76 0. 0.
16 76 0. 0.
17 76 0. 0.
18 76 0. 0.
19 76 0. 0.
20 76 0. 0.
21 76 0. 0.
22 76 0. 0.
23 76 0. 0.
24 76 0. 0.
25 76 0. 0.
26 76 0. 0.
27 76 0. 0.
28 76 0. 0.
29 76 0. 0.
30 76 0. 0.
31 76 0. 0.
32 76               0 0
33 76               0 0
34 76               0 0

# Block n: 3 A:77
1 77 0. 0.
2 77 0. 0.
3 77 0. 0.
4 77 0. 0.
5 77 0. 0.
6 77 0. 0.
7 77 0. 0.
8 77 0. 0.
9 77 0. 0.
10 77 0. 0.
11 77 0. 0.
12 77 0. 0.
13 77 0. 0.
14 77 0. 0.
15 77 0. 0.
16 77 0. 0.
17 77 0. 0.
18 77 0. 0.
19 77 0. 0.
20 77 0. 0.
21 77 0. 0.
22 77 0. 0.
23 77 0. 0.
24 77 0. 0.
25 77 0. 0.
26 77 0. 0.
27 77 0. 0.
28 77 0. 0.
29 77 0. 0.
30 77 0. 0.
31 77 0. 0.
32 77 0. 0.
33 77               0 0
34 77               0 0

# Block n: 3 A:78
1 78 0. 0.
2 78 0. 0.
3 78 0. 0.
4 78 0. 0.
5 78 0. 0.
6 78 0. 0.
7 78 0. 0.
8 78 0. 0.
9 78 0. 0.
10 78 0. 0.
11 78 0. 0.
12 78 0. 0.
13 78 0. 0.
14 78 0. 0.
15 78 0. 0.
16 78 0. 0.
17 78 0. 0.
18 78 0. 0.
19 78 0. 0.
20 78 0. 0.
21 78 0. 0.
22 78 0. 0.
23 78 0. 0.
24 78 0. 0.
25 78 0. 0.
26 78 0. 0.
27 78 0. 0.
28 78 0. 0.
29 78 0. 0.
30 78 0. 0.
31 78 0. 0.
32 78 0. 0.
33 78               0 0
34 78               0 0

# Block n: 3 A:79
1 79 0. 0.
2 79 0. 0.
3 79 0. 0.
4 79 0. 0.
5 79 0. 0.
6 79 0. 0.
7 79 0. 0.
8 79 0. 0.
9 79 0. 0.
10 79 0. 0.
11 79 0. 0.
12 79 0. 0.
13 79 0. 0.
14 79 0. 0.
15 79 0. 0.
16 79 0. 0.
17 79 0. 0.
18 79 0. 0.
19 79 0. 0.
20 79 0. 0.
21 79 0. 0.
22 79 0. 0.
23 79 0. 0.
24 79 0. 0.
25 79 0. 0.
26 79 0. 0.
27 79 0. 0.
28 79 0. 0.
29 79 0. 0.
30 79 0. 0.
31 79 0. 0.
32 79 0. 0.
33 79 0. 0.
34 79               0 0

# Block n: 3 A:80
1 80 0. 0.
2 80 0. 0.
3 80 0. 0.
4 80 0. 0.
5 80 0. 0.
6 80 0. 0.
7 80 0. 0.
8 80 0. 0.
9 80 0. 0.
10 80 0. 0.
11 80 0. 0.
12 80 0. 0.
13 80 0. 0.
14 80 0. 0.
15 80 0. 0.
16 80 0. 0.
17 80 0. 0.
18 80 0. 0.
19 80 0. 0.
20 80 0. 0.
21 80 0. 0.
22 80 0. 0.
23 80 0. 0.
24 80 0. 0.
25 80 0. 0.
26 80 0. 0.
27 80 0. 0.
28 80 0. 0.
29 80 0. 0.
30 80 0. 0.
31 80 0. 0.
32 80 0. 0.
33 80 0. 0.
34 80               0 0

