# Detector n: 1D Projection
  0.0000000000E+00  1.0000000000E-02  6.98057E-05  8.19132E-01
  1.0000000000E-02  2.0000000000E-02  6.96031E-05  3.66335E-01
  2.0000000000E-02  3.0000000000E-02  6.98626E-05  5.99556E-01
  3.0000000000E-02  4.0000000000E-02  7.02239E-05  9.89805E-01
  4.0000000000E-02  5.0000000000E-02  6.95420E-05  6.52934E-01
  5.0000000000E-02  6.0000000000E-02  7.06350E-05  3.10461E-01
  6.0000000000E-02  7.0000000000E-02  6.97924E-05  1.00079E+00
  7.0000000000E-02  8.0000000000E-02  7.06882E-05  9.00384E-01
  8.0000000000E-02  9.0000000000E-02  7.00381E-05  6.61839E-01
  9.0000000000E-02  1.0000000000E-01  7.01790E-05  6.97914E-01
  1.0000000000E-01  1.1000000000E-01  6.95845E-05  5.40112E-01
  1.1000000000E-01  1.2000000000E-01  6.96693E-05  5.76331E-01
  1.2000000000E-01  1.3000000000E-01  6.95848E-05  6.98531E-01
  1.3000000000E-01  1.4000000000E-01  6.98664E-05  8.27524E-01
  1.4000000000E-01  1.5000000000E-01  6.91414E-05  5.20586E-01
  1.5000000000E-01  1.6000000000E-01  6.95819E-05  7.91460E-01
  1.6000000000E-01  1.7000000000E-01  7.08776E-05  2.51398E+00
  1.7000000000E-01  1.8000000000E-01  7.02820E-05  1.06063E+00
  1.8000000000E-01  1.9000000000E-01  7.04916E-05  1.04358E+00
  1.9000000000E-01  2.0000000000E-01  7.04144E-05  7.72810E-01
  2.0000000000E-01  2.1000000000E-01  7.05504E-05  6.15225E-01
  2.1000000000E-01  2.2000000000E-01  7.03411E-05  5.81961E-01
  2.2000000000E-01  2.3000000000E-01  6.98270E-05  2.78815E-01
  2.3000000000E-01  2.4000000000E-01  7.07825E-05  1.43409E+00
  2.4000000000E-01  2.5000000000E-01  7.05735E-05  1.14912E+00
  2.5000000000E-01  2.6000000000E-01  7.25178E-05  2.26376E+00
  2.6000000000E-01  2.7000000000E-01  7.05837E-05  5.14844E-01
  2.7000000000E-01  2.8000000000E-01  7.06129E-05  3.69179E-01
  2.8000000000E-01  2.9000000000E-01  7.06575E-05  4.04607E-01
  2.9000000000E-01  3.0000000000E-01  7.07491E-05  1.07118E+00
  3.0000000000E-01  3.1000000000E-01  6.97752E-05  6.00615E-01
  3.1000000000E-01  3.2000000000E-01  7.04612E-05  3.39343E-01
  3.2000000000E-01  3.3000000000E-01  7.11316E-05  1.45663E+00
  3.3000000000E-01  3.4000000000E-01  7.10009E-05  1.20420E+00
  3.4000000000E-01  3.5000000000E-01  7.09216E-05  1.03549E+00
  3.5000000000E-01  3.6000000000E-01  6.98350E-05  4.23813E-01
  3.6000000000E-01  3.7000000000E-01  7.00934E-05  5.68405E-01
  3.7000000000E-01  3.8000000000E-01  7.04649E-05  1.04861E+00
  3.8000000000E-01  3.9000000000E-01  7.06475E-05  1.08539E+00
  3.9000000000E-01  4.0000000000E-01  7.06380E-05  7.24846E-01
  4.0000000000E-01  4.1000000000E-01  7.03894E-05  4.48026E-01
  4.1000000000E-01  4.2000000000E-01  7.11207E-05  7.44057E-01
  4.2000000000E-01  4.3000000000E-01  7.05264E-05  4.29736E-01
  4.3000000000E-01  4.4000000000E-01  7.28108E-05  6.63363E-01
  4.4000000000E-01  4.5000000000E-01  7.27076E-05  8.82747E-01
  4.5000000000E-01  4.6000000000E-01  7.17416E-05  1.30285E+00
  4.6000000000E-01  4.7000000000E-01  7.20662E-05  8.96107E-01
  4.7000000000E-01  4.8000000000E-01  7.39143E-05  2.26767E+00
  4.8000000000E-01  4.9000000000E-01  7.28725E-05  8.81653E-01
  4.9000000000E-01  5.0000000000E-01  7.20296E-05  5.75488E-01
  5.0000000000E-01  5.1000000000E-01  7.23198E-05  8.29191E-01
  5.1000000000E-01  5.2000000000E-01  7.14599E-05  5.60336E-01
  5.2000000000E-01  5.3000000000E-01  7.14154E-05  4.10765E-01
  5.3000000000E-01  5.4000000000E-01  7.08031E-05  7.19624E-01
  5.4000000000E-01  5.5000000000E-01  7.12323E-05  6.97526E-01
  5.5000000000E-01  5.6000000000E-01  7.12919E-05  8.58438E-01
  5.6000000000E-01  5.7000000000E-01  7.12596E-05  7.46061E-01
  5.7000000000E-01  5.8000000000E-01  7.33186E-05  1.49720E+00
  5.8000000000E-01  5.9000000000E-01  7.14463E-05  1.16748E+00
  5.9000000000E-01  6.0000000000E-01  7.12956E-05  7.91245E-01
  6.0000000000E-01  6.1000000000E-01  7.19301E-05  7.22170E-01
  6.1000000000E-01  6.2000000000E-01  7.10321E-05  4.37206E-01
  6.2000000000E-01  6.3000000000E-01  7.10440E-05  5.59545E-01
  6.3000000000E-01  6.4000000000E-01  7.31548E-05  9.69082E-01
  6.4000000000E-01  6.5000000000E-01  7.21267E-05  9.03337E-01
  6.5000000000E-01  6.6000000000E-01  7.04083E-05  3.07358E-01
  6.6000000000E-01  6.7000000000E-01  7.07328E-05  3.45919E-01
  6.7000000000E-01  6.8000000000E-01  7.09512E-05  4.51611E-01
  6.8000000000E-01  6.9000000000E-01  7.11355E-05  7.84595E-01
  6.9000000000E-01  7.0000000000E-01  7.03831E-05  3.90920E-01
  7.0000000000E-01  7.1000000000E-01  7.06762E-05  5.98224E-01
  7.1000000000E-01  7.2000000000E-01  7.15139E-05  5.15674E-01
  7.2000000000E-01  7.3000000000E-01  7.19268E-05  1.36883E+00
  7.3000000000E-01  7.4000000000E-01  7.28113E-05  1.60044E+00
  7.4000000000E-01  7.5000000000E-01  7.24213E-05  9.88732E-01
  7.5000000000E-01  7.6000000000E-01  7.30429E-05  1.46062E+00
  7.6000000000E-01  7.7000000000E-01  7.26384E-05  1.01936E+00
  7.7000000000E-01  7.8000000000E-01  7.22441E-05  4.56435E-01
  7.8000000000E-01  7.9000000000E-01  7.17794E-05  5.72455E-01
  7.9000000000E-01  8.0000000000E-01  7.14718E-05  8.06356E-01
  8.0000000000E-01  8.1000000000E-01  7.21886E-05  1.22072E+00
  8.1000000000E-01  8.2000000000E-01  7.18627E-05  6.08527E-01
  8.2000000000E-01  8.3000000000E-01  7.20435E-05  8.41301E-01
  8.3000000000E-01  8.4000000000E-01  7.22113E-05  2.78401E-01
  8.4000000000E-01  8.5000000000E-01  7.16220E-05  5.60971E-01
  8.5000000000E-01  8.6000000000E-01  7.24678E-05  2.07553E+00
  8.6000000000E-01  8.7000000000E-01  7.21472E-05  6.99900E-01
  8.7000000000E-01  8.8000000000E-01  7.19573E-05  8.68617E-01
  8.8000000000E-01  8.9000000000E-01  7.28653E-05  1.51989E+00
  8.9000000000E-01  9.0000000000E-01  7.21417E-05  8.99039E-01
  9.0000000000E-01  9.1000000000E-01  7.35256E-05  2.60983E+00
  9.1000000000E-01  9.2000000000E-01  7.34534E-05  9.69914E-01
  9.2000000000E-01  9.3000000000E-01  7.48972E-05  2.46096E+00
  9.3000000000E-01  9.4000000000E-01  7.84658E-05  6.82348E+00
  9.4000000000E-01  9.5000000000E-01  7.46489E-05  2.38563E+00
  9.5000000000E-01  9.6000000000E-01  7.38933E-05  1.69558E+00
  9.6000000000E-01  9.7000000000E-01  7.24935E-05  1.01734E+00
  9.7000000000E-01  9.8000000000E-01  7.34588E-05  1.04357E+00
  9.8000000000E-01  9.9000000000E-01  7.40889E-05  1.07094E+00
  9.9000000000E-01  1.0000000000E+00  7.33545E-05  5.64787E-01
  1.0000000000E+00  1.0100000000E+00  7.36955E-05  1.99386E+00
  1.0100000000E+00  1.0200000000E+00  7.27634E-05  6.55634E-01
  1.0200000000E+00  1.0300000000E+00  7.24029E-05  2.69311E-01
  1.0300000000E+00  1.0400000000E+00  7.36818E-05  1.14598E+00
  1.0400000000E+00  1.0500000000E+00  7.36418E-05  7.32053E-01
  1.0500000000E+00  1.0600000000E+00  7.36098E-05  1.31658E+00
  1.0600000000E+00  1.0700000000E+00  7.45128E-05  2.28426E+00
  1.0700000000E+00  1.0800000000E+00  7.47789E-05  2.38358E+00
  1.0800000000E+00  1.0900000000E+00  7.48936E-05  1.56915E+00
  1.0900000000E+00  1.1000000000E+00  7.39641E-05  1.58294E+00
  1.1000000000E+00  1.1100000000E+00  7.27030E-05  6.44787E-01
  1.1100000000E+00  1.1200000000E+00  7.28223E-05  6.63326E-01
  1.1200000000E+00  1.1300000000E+00  7.33942E-05  1.33914E+00
  1.1300000000E+00  1.1400000000E+00  7.38833E-05  1.32005E+00
  1.1400000000E+00  1.1500000000E+00  7.35151E-05  6.36332E-01
  1.1500000000E+00  1.1600000000E+00  7.37452E-05  1.34653E+00
  1.1600000000E+00  1.1700000000E+00  7.47785E-05  2.16108E+00
  1.1700000000E+00  1.1800000000E+00  7.36581E-05  1.32473E+00
  1.1800000000E+00  1.1900000000E+00  7.37527E-05  9.23430E-01
  1.1900000000E+00  1.2000000000E+00  7.31629E-05  8.76107E-01
  1.2000000000E+00  1.2100000000E+00  7.45633E-05  2.18976E+00
  1.2100000000E+00  1.2200000000E+00  7.46832E-05  1.93185E+00
  1.2200000000E+00  1.2300000000E+00  7.37381E-05  1.19371E+00
  1.2300000000E+00  1.2400000000E+00  7.41600E-05  8.99141E-01
  1.2400000000E+00  1.2500000000E+00  7.45646E-05  1.00709E+00
  1.2500000000E+00  1.2600000000E+00  7.32229E-05  6.23440E-01
  1.2600000000E+00  1.2700000000E+00  7.47455E-05  8.51373E-01
  1.2700000000E+00  1.2800000000E+00  7.37631E-05  7.65609E-01
  1.2800000000E+00  1.2900000000E+00  7.59287E-05  2.82005E+00
  1.2900000000E+00  1.3000000000E+00  7.38358E-05  1.22983E+00
  1.3000000000E+00  1.3100000000E+00  7.31837E-05  9.02444E-01
  1.3100000000E+00  1.3200000000E+00  7.37959E-05  1.23194E+00
  1.3200000000E+00  1.3300000000E+00  7.41085E-05  1.03661E+00
  1.3300000000E+00  1.3400000000E+00  7.40005E-05  8.12675E-01
  1.3400000000E+00  1.3500000000E+00  7.42246E-05  1.38057E+00
  1.3500000000E+00  1.3600000000E+00  7.39637E-05  1.37855E+00
  1.3600000000E+00  1.3700000000E+00  7.43959E-05  1.26658E+00
  1.3700000000E+00  1.3800000000E+00  7.33945E-05  8.38037E-01
  1.3800000000E+00  1.3900000000E+00  7.43088E-05  8.14894E-01
  1.3900000000E+00  1.4000000000E+00  7.64246E-05  1.99549E+00
  1.4000000000E+00  1.4100000000E+00  7.46048E-05  3.52039E-01
  1.4100000000E+00  1.4200000000E+00  7.48307E-05  1.44477E+00
  1.4200000000E+00  1.4300000000E+00  7.36737E-05  5.75916E-01
  1.4300000000E+00  1.4400000000E+00  7.42463E-05  5.34479E-01
  1.4400000000E+00  1.4500000000E+00  7.58945E-05  2.18869E+00
  1.4500000000E+00  1.4600000000E+00  7.51231E-05  9.05387E-01
  1.4600000000E+00  1.4700000000E+00  7.52718E-05  1.38065E+00
  1.4700000000E+00  1.4800000000E+00  7.47652E-05  1.84955E+00
  1.4800000000E+00  1.4900000000E+00  7.43804E-05  1.30182E+00
  1.4900000000E+00  1.5000000000E+00  7.37776E-05  5.70367E-01
  1.5000000000E+00  1.5100000000E+00  7.41490E-05  8.56068E-01
  1.5100000000E+00  1.5200000000E+00  7.43101E-05  9.12526E-01
  1.5200000000E+00  1.5300000000E+00  7.48295E-05  1.19643E+00
  1.5300000000E+00  1.5400000000E+00  7.46771E-05  1.25095E+00
  1.5400000000E+00  1.5500000000E+00  7.44641E-05  5.67380E-01
  1.5500000000E+00  1.5600000000E+00  7.45437E-05  9.07408E-01
  1.5600000000E+00  1.5700000000E+00  7.44390E-05  9.27791E-01
  1.5700000000E+00  1.5800000000E+00  7.46443E-05  9.08541E-01
  1.5800000000E+00  1.5900000000E+00  7.38833E-05  5.54900E-01
  1.5900000000E+00  1.6000000000E+00  7.40019E-05  4.46275E-01
  1.6000000000E+00  1.6100000000E+00  7.43393E-05  7.80109E-01
  1.6100000000E+00  1.6200000000E+00  7.44652E-05  1.04561E+00
  1.6200000000E+00  1.6300000000E+00  7.46166E-05  9.00867E-01
  1.6300000000E+00  1.6400000000E+00  7.46000E-05  6.90902E-01
  1.6400000000E+00  1.6500000000E+00  7.40902E-05  6.25717E-01
  1.6500000000E+00  1.6600000000E+00  7.43145E-05  5.45546E-01
  1.6600000000E+00  1.6700000000E+00  7.50653E-05  1.02147E+00
  1.6700000000E+00  1.6800000000E+00  7.67077E-05  2.80009E+00
  1.6800000000E+00  1.6900000000E+00  7.53564E-05  1.29379E+00
  1.6900000000E+00  1.7000000000E+00  7.51655E-05  1.00633E+00
  1.7000000000E+00  1.7100000000E+00  7.45496E-05  4.16649E-01
  1.7100000000E+00  1.7200000000E+00  7.61807E-05  2.31090E+00
  1.7200000000E+00  1.7300000000E+00  7.49614E-05  4.27737E-01
  1.7300000000E+00  1.7400000000E+00  7.45263E-05  4.75585E-01
  1.7400000000E+00  1.7500000000E+00  7.50750E-05  6.78612E-01
  1.7500000000E+00  1.7600000000E+00  7.50709E-05  9.34910E-01
  1.7600000000E+00  1.7700000000E+00  7.53568E-05  9.84630E-01
  1.7700000000E+00  1.7800000000E+00  7.50409E-05  8.05032E-01
  1.7800000000E+00  1.7900000000E+00  7.74955E-05  3.35815E+00
  1.7900000000E+00  1.8000000000E+00  7.53055E-05  7.37074E-01
  1.8000000000E+00  1.8100000000E+00  7.52531E-05  1.18876E+00
  1.8100000000E+00  1.8200000000E+00  7.66990E-05  1.92275E+00
  1.8200000000E+00  1.8300000000E+00  7.61630E-05  1.97794E+00
  1.8300000000E+00  1.8400000000E+00  7.49571E-05  8.31830E-01
  1.8400000000E+00  1.8500000000E+00  7.57090E-05  1.19655E+00
  1.8500000000E+00  1.8600000000E+00  7.59205E-05  1.32420E+00
  1.8600000000E+00  1.8700000000E+00  7.46641E-05  6.56970E-01
  1.8700000000E+00  1.8800000000E+00  7.54291E-05  1.42724E+00
  1.8800000000E+00  1.8900000000E+00  7.62151E-05  1.92221E+00
  1.8900000000E+00  1.9000000000E+00  7.59964E-05  4.24312E-01
  1.9000000000E+00  1.9100000000E+00  7.59101E-05  1.85948E-01
  1.9100000000E+00  1.9200000000E+00  7.59521E-05  4.34855E-01
  1.9200000000E+00  1.9300000000E+00  7.55069E-05  6.11802E-01
  1.9300000000E+00  1.9400000000E+00  7.65429E-05  2.07636E+00
  1.9400000000E+00  1.9500000000E+00  7.57897E-05  1.31683E+00
  1.9500000000E+00  1.9600000000E+00  7.79973E-05  1.46893E+00
  1.9600000000E+00  1.9700000000E+00  7.54389E-05  1.06470E+00
  1.9700000000E+00  1.9800000000E+00  7.57459E-05  8.68215E-01
  1.9800000000E+00  1.9900000000E+00  7.57734E-05  6.38290E-01
  1.9900000000E+00  2.0000000000E+00  7.58579E-05  4.23796E-01
  2.0000000000E+00  2.0100000000E+00  7.51269E-05  1.01100E+00
  2.0100000000E+00  2.0200000000E+00  7.51110E-05  5.61639E-01
  2.0200000000E+00  2.0300000000E+00  7.60191E-05  1.49187E+00
  2.0300000000E+00  2.0400000000E+00  7.58984E-05  6.53702E-01
  2.0400000000E+00  2.0500000000E+00  7.57624E-05  6.77297E-01
  2.0500000000E+00  2.0600000000E+00  7.63348E-05  1.15638E+00
  2.0600000000E+00  2.0700000000E+00  7.58444E-05  1.17813E+00
  2.0700000000E+00  2.0800000000E+00  7.63419E-05  1.12084E+00
  2.0800000000E+00  2.0900000000E+00  7.67911E-05  1.29757E+00
  2.0900000000E+00  2.1000000000E+00  7.65319E-05  9.79531E-01
  2.1000000000E+00  2.1100000000E+00  7.70370E-05  1.70471E+00
  2.1100000000E+00  2.1200000000E+00  7.64448E-05  7.71502E-01
  2.1200000000E+00  2.1300000000E+00  7.62332E-05  7.90015E-01
  2.1300000000E+00  2.1400000000E+00  7.70283E-05  1.54885E+00
  2.1400000000E+00  2.1500000000E+00  7.64190E-05  9.54870E-01
  2.1500000000E+00  2.1600000000E+00  7.59408E-05  1.15872E+00
  2.1600000000E+00  2.1700000000E+00  7.58430E-05  9.76291E-01
  2.1700000000E+00  2.1800000000E+00  7.58780E-05  9.05410E-01
  2.1800000000E+00  2.1900000000E+00  7.58297E-05  1.20502E+00
  2.1900000000E+00  2.2000000000E+00  7.65605E-05  1.05757E+00
  2.2000000000E+00  2.2100000000E+00  7.96167E-05  2.26056E+00
  2.2100000000E+00  2.2200000000E+00  7.86758E-05  1.24051E+00
  2.2200000000E+00  2.2300000000E+00  7.63621E-05  6.30166E-01
  2.2300000000E+00  2.2400000000E+00  7.62253E-05  5.96399E-01
  2.2400000000E+00  2.2500000000E+00  7.63919E-05  9.78315E-01
  2.2500000000E+00  2.2600000000E+00  7.65505E-05  7.33593E-01
  2.2600000000E+00  2.2700000000E+00  7.74450E-05  3.72148E-01
  2.2700000000E+00  2.2800000000E+00  7.95786E-05  1.62796E+00
  2.2800000000E+00  2.2900000000E+00  7.75814E-05  1.70951E+00
  2.2900000000E+00  2.3000000000E+00  7.72276E-05  1.09594E+00
  2.3000000000E+00  2.3100000000E+00  7.78963E-05  1.21379E+00
  2.3100000000E+00  2.3200000000E+00  7.64094E-05  5.62842E-01
  2.3200000000E+00  2.3300000000E+00  8.00165E-05  3.90813E+00
  2.3300000000E+00  2.3400000000E+00  7.79870E-05  9.39503E-01
  2.3400000000E+00  2.3500000000E+00  7.67154E-05  6.59911E-01
  2.3500000000E+00  2.3600000000E+00  7.65578E-05  5.05050E-01
  2.3600000000E+00  2.3700000000E+00  7.70614E-05  8.36874E-01
  2.3700000000E+00  2.3800000000E+00  7.65425E-05  8.07665E-01
  2.3800000000E+00  2.3900000000E+00  7.64952E-05  8.77599E-01
  2.3900000000E+00  2.4000000000E+00  7.65160E-05  7.34301E-01
  2.4000000000E+00  2.4100000000E+00  7.79607E-05  1.34994E+00
  2.4100000000E+00  2.4200000000E+00  7.63600E-05  7.57712E-01
  2.4200000000E+00  2.4300000000E+00  7.78112E-05  1.54756E+00
  2.4300000000E+00  2.4400000000E+00  7.95962E-05  3.42991E+00
  2.4400000000E+00  2.4500000000E+00  8.00765E-05  3.57208E+00
  2.4500000000E+00  2.4600000000E+00  7.83919E-05  5.88898E-01
  2.4600000000E+00  2.4700000000E+00  7.81655E-05  1.15166E+00
  2.4700000000E+00  2.4800000000E+00  7.80307E-05  1.18742E+00
  2.4800000000E+00  2.4900000000E+00  7.68851E-05  6.53874E-01
  2.4900000000E+00  2.5000000000E+00  7.85656E-05  2.46894E+00
  2.5000000000E+00  2.5100000000E+00  7.71535E-05  8.26713E-01
  2.5100000000E+00  2.5200000000E+00  7.69405E-05  6.13349E-01
  2.5200000000E+00  2.5300000000E+00  7.69813E-05  5.41273E-01
  2.5300000000E+00  2.5400000000E+00  7.72383E-05  8.91405E-01
  2.5400000000E+00  2.5500000000E+00  7.80739E-05  1.07893E+00
  2.5500000000E+00  2.5600000000E+00  7.77422E-05  5.98434E-01
  2.5600000000E+00  2.5700000000E+00  7.71725E-05  6.27700E-01
  2.5700000000E+00  2.5800000000E+00  7.85563E-05  1.21003E+00
  2.5800000000E+00  2.5900000000E+00  7.85369E-05  1.01884E+00
  2.5900000000E+00  2.6000000000E+00  7.74783E-05  9.96276E-01
  2.6000000000E+00  2.6100000000E+00  7.81266E-05  8.92320E-01
  2.6100000000E+00  2.6200000000E+00  7.76711E-05  7.99222E-01
  2.6200000000E+00  2.6300000000E+00  7.76093E-05  8.54423E-01
  2.6300000000E+00  2.6400000000E+00  7.84966E-05  1.28553E+00
  2.6400000000E+00  2.6500000000E+00  7.75179E-05  5.88699E-01
  2.6500000000E+00  2.6600000000E+00  7.85758E-05  4.02257E-01
  2.6600000000E+00  2.6700000000E+00  7.88318E-05  8.64520E-01
  2.6700000000E+00  2.6800000000E+00  7.93501E-05  1.34873E+00
  2.6800000000E+00  2.6900000000E+00  7.77659E-05  6.79289E-01
  2.6900000000E+00  2.7000000000E+00  7.97768E-05  2.08435E+00
  2.7000000000E+00  2.7100000000E+00  7.82740E-05  5.09573E-01
  2.7100000000E+00  2.7200000000E+00  7.77991E-05  6.75868E-01
  2.7200000000E+00  2.7300000000E+00  7.78450E-05  6.84027E-01
  2.7300000000E+00  2.7400000000E+00  7.75817E-05  6.84677E-01
  2.7400000000E+00  2.7500000000E+00  7.75975E-05  5.37355E-01
  2.7500000000E+00  2.7600000000E+00  7.75141E-05  4.52625E-01
  2.7600000000E+00  2.7700000000E+00  7.72319E-05  5.19412E-01
  2.7700000000E+00  2.7800000000E+00  7.71997E-05  2.81870E-01
  2.7800000000E+00  2.7900000000E+00  7.78349E-05  4.22353E-01
  2.7900000000E+00  2.8000000000E+00  7.78142E-05  2.05951E-01
  2.8000000000E+00  2.8100000000E+00  7.86757E-05  7.00655E-01
  2.8100000000E+00  2.8200000000E+00  7.87903E-05  5.52354E-01
  2.8200000000E+00  2.8300000000E+00  7.90423E-05  6.07208E-01
  2.8300000000E+00  2.8400000000E+00  7.92457E-05  8.31021E-01
  2.8400000000E+00  2.8500000000E+00  7.85473E-05  1.90285E-01
  2.8500000000E+00  2.8600000000E+00  7.87795E-05  5.13702E-01
  2.8600000000E+00  2.8700000000E+00  7.94159E-05  1.10963E+00
  2.8700000000E+00  2.8800000000E+00  7.86027E-05  4.68217E-01
  2.8800000000E+00  2.8900000000E+00  7.86264E-05  4.98634E-01
  2.8900000000E+00  2.9000000000E+00  7.79585E-05  4.29723E-01
  2.9000000000E+00  2.9100000000E+00  7.80009E-05  5.95512E-01
  2.9100000000E+00  2.9200000000E+00  7.85322E-05  5.96395E-01
  2.9200000000E+00  2.9300000000E+00  7.86746E-05  6.49742E-01
  2.9300000000E+00  2.9400000000E+00  7.90716E-05  1.09600E+00
  2.9400000000E+00  2.9500000000E+00  7.89670E-05  7.30289E-01
  2.9500000000E+00  2.9600000000E+00  7.96194E-05  1.03856E+00
  2.9600000000E+00  2.9700000000E+00  7.96455E-05  1.35793E+00
  2.9700000000E+00  2.9800000000E+00  7.99637E-05  1.12245E+00
  2.9800000000E+00  2.9900000000E+00  8.05637E-05  1.29973E+00
  2.9900000000E+00  3.0000000000E+00  7.99431E-05  9.78412E-01
  3.0000000000E+00  3.0100000000E+00  7.97973E-05  1.04540E+00
  3.0100000000E+00  3.0200000000E+00  8.00833E-05  9.38256E-01
  3.0200000000E+00  3.0300000000E+00  7.99973E-05  8.48491E-01
  3.0300000000E+00  3.0400000000E+00  8.00968E-05  7.48127E-01
  3.0400000000E+00  3.0500000000E+00  8.02299E-05  1.22202E+00
  3.0500000000E+00  3.0600000000E+00  8.14778E-05  2.48662E+00
  3.0600000000E+00  3.0700000000E+00  8.00775E-05  5.57669E-01
  3.0700000000E+00  3.0800000000E+00  7.96278E-05  3.85710E-01
  3.0800000000E+00  3.0900000000E+00  7.95680E-05  8.43083E-01
  3.0900000000E+00  3.1000000000E+00  7.98582E-05  6.27509E-01
  3.1000000000E+00  3.1100000000E+00  8.01573E-05  3.86334E-01
  3.1100000000E+00  3.1200000000E+00  7.90940E-05  1.08399E+00
  3.1200000000E+00  3.1300000000E+00  8.00842E-05  1.24590E+00
  3.1300000000E+00  3.1400000000E+00  7.97421E-05  1.22459E+00
  3.1400000000E+00  3.1500000000E+00  7.99488E-05  9.95858E-01
  3.1500000000E+00  3.1600000000E+00  7.95860E-05  1.00146E+00
  3.1600000000E+00  3.1700000000E+00  7.92401E-05  7.92074E-01
  3.1700000000E+00  3.1800000000E+00  8.02926E-05  8.65695E-01
  3.1800000000E+00  3.1900000000E+00  8.22306E-05  2.09700E+00
  3.1900000000E+00  3.2000000000E+00  7.97151E-05  8.89540E-01
  3.2000000000E+00  3.2100000000E+00  8.18003E-05  1.98545E+00
  3.2100000000E+00  3.2200000000E+00  8.25396E-05  1.84648E+00
  3.2200000000E+00  3.2300000000E+00  8.01920E-05  5.64265E-01
  3.2300000000E+00  3.2400000000E+00  8.03849E-05  6.13374E-01
  3.2400000000E+00  3.2500000000E+00  8.19939E-05  1.16552E+00
  3.2500000000E+00  3.2600000000E+00  7.99143E-05  6.93110E-01
  3.2600000000E+00  3.2700000000E+00  8.04417E-05  6.91306E-01
  3.2700000000E+00  3.2800000000E+00  8.07081E-05  9.54189E-01
  3.2800000000E+00  3.2900000000E+00  8.03196E-05  6.56960E-01
  3.2900000000E+00  3.3000000000E+00  8.02070E-05  6.28898E-01
  3.3000000000E+00  3.3100000000E+00  8.06151E-05  5.06292E-01
  3.3100000000E+00  3.3200000000E+00  8.09662E-05  4.97914E-01
  3.3200000000E+00  3.3300000000E+00  8.11377E-05  6.82608E-01
  3.3300000000E+00  3.3400000000E+00  8.12226E-05  7.71050E-01
  3.3400000000E+00  3.3500000000E+00  8.03314E-05  7.05954E-01
  3.3500000000E+00  3.3600000000E+00  8.02648E-05  5.75981E-01
  3.3600000000E+00  3.3700000000E+00  8.05935E-05  7.58426E-01
  3.3700000000E+00  3.3800000000E+00  8.08552E-05  9.09077E-01
  3.3800000000E+00  3.3900000000E+00  8.22229E-05  1.38419E+00
  3.3900000000E+00  3.4000000000E+00  8.15659E-05  1.01743E+00
  3.4000000000E+00  3.4100000000E+00  8.07418E-05  6.97523E-01
  3.4100000000E+00  3.4200000000E+00  8.08441E-05  4.80878E-01
  3.4200000000E+00  3.4300000000E+00  8.12688E-05  7.45990E-01
  3.4300000000E+00  3.4400000000E+00  8.41629E-05  2.56966E+00
  3.4400000000E+00  3.4500000000E+00  8.22939E-05  1.43302E+00
  3.4500000000E+00  3.4600000000E+00  8.17286E-05  9.13493E-01
  3.4600000000E+00  3.4700000000E+00  8.22123E-05  9.71773E-01
  3.4700000000E+00  3.4800000000E+00  8.17928E-05  9.79166E-01
  3.4800000000E+00  3.4900000000E+00  8.08422E-05  6.00608E-01
  3.4900000000E+00  3.5000000000E+00  8.21390E-05  2.04319E+00
  3.5000000000E+00  3.5100000000E+00  8.16159E-05  8.48785E-01
  3.5100000000E+00  3.5200000000E+00  8.16443E-05  7.03926E-01
  3.5200000000E+00  3.5300000000E+00  8.13365E-05  6.33121E-01
  3.5300000000E+00  3.5400000000E+00  8.28967E-05  1.99522E+00
  3.5400000000E+00  3.5500000000E+00  8.32823E-05  2.54678E+00
  3.5500000000E+00  3.5600000000E+00  8.20648E-05  1.21940E+00
  3.5600000000E+00  3.5700000000E+00  8.25931E-05  1.36441E+00
  3.5700000000E+00  3.5800000000E+00  8.28177E-05  1.75279E+00
  3.5800000000E+00  3.5900000000E+00  8.23040E-05  8.62489E-01
  3.5900000000E+00  3.6000000000E+00  8.22486E-05  7.57963E-01
  3.6000000000E+00  3.6100000000E+00  8.22849E-05  8.70172E-01
  3.6100000000E+00  3.6200000000E+00  8.26760E-05  9.42327E-01
  3.6200000000E+00  3.6300000000E+00  8.34309E-05  1.11402E+00
  3.6300000000E+00  3.6400000000E+00  8.26988E-05  1.04959E+00
  3.6400000000E+00  3.6500000000E+00  8.26935E-05  1.23624E+00
  3.6500000000E+00  3.6600000000E+00  8.32735E-05  6.82516E-01
  3.6600000000E+00  3.6700000000E+00  8.37597E-05  1.43958E+00
  3.6700000000E+00  3.6800000000E+00  8.42586E-05  1.76277E+00
  3.6800000000E+00  3.6900000000E+00  8.42660E-05  1.05575E+00
  3.6900000000E+00  3.7000000000E+00  8.41433E-05  1.52048E+00
  3.7000000000E+00  3.7100000000E+00  8.31510E-05  1.31784E+00
  3.7100000000E+00  3.7200000000E+00  8.40371E-05  1.91809E+00
  3.7200000000E+00  3.7300000000E+00  8.32118E-05  8.41865E-01
  3.7300000000E+00  3.7400000000E+00  8.37425E-05  9.89335E-01
  3.7400000000E+00  3.7500000000E+00  8.33521E-05  7.74853E-01
  3.7500000000E+00  3.7600000000E+00  8.34433E-05  6.97887E-01
  3.7600000000E+00  3.7700000000E+00  8.33592E-05  6.26256E-01
  3.7700000000E+00  3.7800000000E+00  8.33817E-05  6.37064E-01
  3.7800000000E+00  3.7900000000E+00  8.38247E-05  1.12708E+00
  3.7900000000E+00  3.8000000000E+00  8.47336E-05  9.74948E-01
  3.8000000000E+00  3.8100000000E+00  8.43507E-05  6.97244E-01
  3.8100000000E+00  3.8200000000E+00  8.46731E-05  1.16596E+00
  3.8200000000E+00  3.8300000000E+00  8.43950E-05  1.63279E+00
  3.8300000000E+00  3.8400000000E+00  8.35990E-05  7.72784E-01
  3.8400000000E+00  3.8500000000E+00  8.36991E-05  6.13904E-01
  3.8500000000E+00  3.8600000000E+00  8.45390E-05  1.12767E+00
  3.8600000000E+00  3.8700000000E+00  8.41168E-05  4.02082E-01
  3.8700000000E+00  3.8800000000E+00  8.53524E-05  1.16631E+00
  3.8800000000E+00  3.8900000000E+00  8.47981E-05  7.80112E-01
  3.8900000000E+00  3.9000000000E+00  8.47432E-05  4.15548E-01
  3.9000000000E+00  3.9100000000E+00  8.56958E-05  9.83998E-01
  3.9100000000E+00  3.9200000000E+00  8.67192E-05  1.54192E+00
  3.9200000000E+00  3.9300000000E+00  8.44660E-05  7.64095E-01
  3.9300000000E+00  3.9400000000E+00  8.55759E-05  2.17607E+00
  3.9400000000E+00  3.9500000000E+00  8.58829E-05  1.38508E+00
  3.9500000000E+00  3.9600000000E+00  8.66194E-05  1.17616E+00
  3.9600000000E+00  3.9700000000E+00  8.61844E-05  1.24370E+00
  3.9700000000E+00  3.9800000000E+00  8.43294E-05  9.18191E-01
  3.9800000000E+00  3.9900000000E+00  8.48518E-05  8.92289E-01
  3.9900000000E+00  4.0000000000E+00  8.46755E-05  1.13417E+00
  4.0000000000E+00  4.0100000000E+00  8.50229E-05  7.38300E-01
  4.0100000000E+00  4.0200000000E+00  8.61770E-05  1.15478E+00
  4.0200000000E+00  4.0300000000E+00  8.77125E-05  2.44056E+00
  4.0300000000E+00  4.0400000000E+00  8.60285E-05  1.31907E+00
  4.0400000000E+00  4.0500000000E+00  8.69141E-05  1.67174E+00
  4.0500000000E+00  4.0600000000E+00  8.59706E-05  8.08774E-01
  4.0600000000E+00  4.0700000000E+00  8.64634E-05  1.44684E+00
  4.0700000000E+00  4.0800000000E+00  8.55812E-05  7.90130E-01
  4.0800000000E+00  4.0900000000E+00  8.80868E-05  1.27192E+00
  4.0900000000E+00  4.1000000000E+00  8.81843E-05  1.03941E+00
  4.1000000000E+00  4.1100000000E+00  8.63795E-05  5.20887E-01
  4.1100000000E+00  4.1200000000E+00  8.80398E-05  8.55348E-01
  4.1200000000E+00  4.1300000000E+00  8.76978E-05  1.64895E+00
  4.1300000000E+00  4.1400000000E+00  8.88590E-05  2.41939E+00
  4.1400000000E+00  4.1500000000E+00  8.74057E-05  1.38959E+00
  4.1500000000E+00  4.1600000000E+00  8.73551E-05  1.45182E+00
  4.1600000000E+00  4.1700000000E+00  8.59829E-05  1.05873E+00
  4.1700000000E+00  4.1800000000E+00  8.61195E-05  1.14678E+00
  4.1800000000E+00  4.1900000000E+00  8.70661E-05  1.32011E+00
  4.1900000000E+00  4.2000000000E+00  8.60603E-05  1.05443E+00
  4.2000000000E+00  4.2100000000E+00  8.63936E-05  1.30641E+00
  4.2100000000E+00  4.2200000000E+00  8.66473E-05  1.28132E+00
  4.2200000000E+00  4.2300000000E+00  8.63165E-05  9.38375E-01
  4.2300000000E+00  4.2400000000E+00  8.69750E-05  1.07025E+00
  4.2400000000E+00  4.2500000000E+00  8.77360E-05  1.17914E+00
  4.2500000000E+00  4.2600000000E+00  8.68015E-05  8.91690E-01
  4.2600000000E+00  4.2700000000E+00  8.68429E-05  9.88912E-01
  4.2700000000E+00  4.2800000000E+00  8.68152E-05  1.22019E+00
  4.2800000000E+00  4.2900000000E+00  8.65922E-05  1.07770E+00
  4.2900000000E+00  4.3000000000E+00  8.65480E-05  7.32814E-01
  4.3000000000E+00  4.3100000000E+00  8.69922E-05  6.40481E-01
  4.3100000000E+00  4.3200000000E+00  8.75213E-05  8.11526E-01
  4.3200000000E+00  4.3300000000E+00  8.75417E-05  8.09995E-01
  4.3300000000E+00  4.3400000000E+00  8.70986E-05  7.15642E-01
  4.3400000000E+00  4.3500000000E+00  8.79528E-05  9.35031E-01
  4.3500000000E+00  4.3600000000E+00  8.76148E-05  1.19526E+00
  4.3600000000E+00  4.3700000000E+00  8.83960E-05  7.14520E-01
  4.3700000000E+00  4.3800000000E+00  8.80225E-05  6.40418E-01
  4.3800000000E+00  4.3900000000E+00  8.87385E-05  1.84418E+00
  4.3900000000E+00  4.4000000000E+00  8.94005E-05  1.32009E+00
  4.4000000000E+00  4.4100000000E+00  8.98624E-05  1.56494E+00
  4.4100000000E+00  4.4200000000E+00  8.84297E-05  1.37943E+00
  4.4200000000E+00  4.4300000000E+00  8.85784E-05  1.30072E+00
  4.4300000000E+00  4.4400000000E+00  8.82683E-05  1.20104E+00
  4.4400000000E+00  4.4500000000E+00  8.84042E-05  1.46337E+00
  4.4500000000E+00  4.4600000000E+00  8.86538E-05  1.24857E+00
  4.4600000000E+00  4.4700000000E+00  8.92903E-05  1.24449E+00
  4.4700000000E+00  4.4800000000E+00  9.17031E-05  2.19294E+00
  4.4800000000E+00  4.4900000000E+00  9.20407E-05  3.12223E+00
  4.4900000000E+00  4.5000000000E+00  8.86979E-05  1.07213E+00
  4.5000000000E+00  4.5100000000E+00  8.95789E-05  1.23591E+00
  4.5100000000E+00  4.5200000000E+00  8.93322E-05  1.48172E+00
  4.5200000000E+00  4.5300000000E+00  8.98839E-05  1.00433E+00
  4.5300000000E+00  4.5400000000E+00  8.98499E-05  1.24144E+00
  4.5400000000E+00  4.5500000000E+00  9.05653E-05  1.43792E+00
  4.5500000000E+00  4.5600000000E+00  9.12613E-05  1.59948E+00
  4.5600000000E+00  4.5700000000E+00  9.10119E-05  1.39217E+00
  4.5700000000E+00  4.5800000000E+00  9.10925E-05  1.30516E+00
  4.5800000000E+00  4.5900000000E+00  9.02968E-05  1.35142E+00
  4.5900000000E+00  4.6000000000E+00  9.06083E-05  1.45016E+00
  4.6000000000E+00  4.6100000000E+00  9.02679E-05  9.90690E-01
  4.6100000000E+00  4.6200000000E+00  9.01718E-05  1.06721E+00
  4.6200000000E+00  4.6300000000E+00  8.99778E-05  1.25922E+00
  4.6300000000E+00  4.6400000000E+00  9.05499E-05  1.24291E+00
  4.6400000000E+00  4.6500000000E+00  9.04863E-05  1.06320E+00
  4.6500000000E+00  4.6600000000E+00  9.07054E-05  1.36854E+00
  4.6600000000E+00  4.6700000000E+00  9.23643E-05  2.85311E+00
  4.6700000000E+00  4.6800000000E+00  9.08621E-05  1.00641E+00
  4.6800000000E+00  4.6900000000E+00  9.12579E-05  1.01505E+00
  4.6900000000E+00  4.7000000000E+00  9.23483E-05  1.28732E+00
  4.7000000000E+00  4.7100000000E+00  9.22509E-05  1.35232E+00
  4.7100000000E+00  4.7200000000E+00  9.18823E-05  9.53477E-01
  4.7200000000E+00  4.7300000000E+00  9.21426E-05  1.37644E+00
  4.7300000000E+00  4.7400000000E+00  9.27765E-05  1.73003E+00
  4.7400000000E+00  4.7500000000E+00  9.31213E-05  9.12865E-01
  4.7500000000E+00  4.7600000000E+00  9.31985E-05  1.41804E+00
  4.7600000000E+00  4.7700000000E+00  9.37596E-05  1.72197E+00
  4.7700000000E+00  4.7800000000E+00  9.41437E-05  1.83849E+00
  4.7800000000E+00  4.7900000000E+00  9.37537E-05  9.11688E-01
  4.7900000000E+00  4.8000000000E+00  9.37678E-05  1.06726E+00
  4.8000000000E+00  4.8100000000E+00  9.58524E-05  2.07475E+00
  4.8100000000E+00  4.8200000000E+00  9.34005E-05  1.04504E+00
  4.8200000000E+00  4.8300000000E+00  9.40001E-05  6.14488E-01
  4.8300000000E+00  4.8400000000E+00  9.41602E-05  7.47882E-01
  4.8400000000E+00  4.8500000000E+00  9.38287E-05  7.00030E-01
  4.8500000000E+00  4.8600000000E+00  9.47485E-05  1.47921E+00
  4.8600000000E+00  4.8700000000E+00  9.54560E-05  1.65042E+00
  4.8700000000E+00  4.8800000000E+00  9.46768E-05  1.00869E+00
  4.8800000000E+00  4.8900000000E+00  9.42094E-05  8.91186E-01
  4.8900000000E+00  4.9000000000E+00  9.42550E-05  8.71314E-01
  4.9000000000E+00  4.9100000000E+00  9.43915E-05  1.20076E+00
  4.9100000000E+00  4.9200000000E+00  9.50916E-05  1.26532E+00
  4.9200000000E+00  4.9300000000E+00  9.56590E-05  1.47683E+00
  4.9300000000E+00  4.9400000000E+00  9.57598E-05  1.66869E+00
  4.9400000000E+00  4.9500000000E+00  9.58383E-05  8.49254E-01
  4.9500000000E+00  4.9600000000E+00  9.50458E-05  6.66856E-01
  4.9600000000E+00  4.9700000000E+00  9.57677E-05  8.30359E-01
  4.9700000000E+00  4.9800000000E+00  9.60389E-05  7.17068E-01
  4.9800000000E+00  4.9900000000E+00  9.59908E-05  1.32501E+00
  4.9900000000E+00  5.0000000000E+00  9.64128E-05  1.32917E+00
  5.0000000000E+00  5.0100000000E+00  9.80739E-05  1.72604E+00
  5.0100000000E+00  5.0200000000E+00  9.70235E-05  6.08548E-01
  5.0200000000E+00  5.0300000000E+00  9.65373E-05  6.70899E-01
  5.0300000000E+00  5.0400000000E+00  9.72058E-05  1.40409E+00
  5.0400000000E+00  5.0500000000E+00  9.71092E-05  8.03278E-01
  5.0500000000E+00  5.0600000000E+00  9.71198E-05  8.27377E-01
  5.0600000000E+00  5.0700000000E+00  9.74613E-05  9.22460E-01
  5.0700000000E+00  5.0800000000E+00  9.75832E-05  8.95925E-01
  5.0800000000E+00  5.0900000000E+00  9.75822E-05  8.75509E-01
  5.0900000000E+00  5.1000000000E+00  9.78623E-05  1.02755E+00
  5.1000000000E+00  5.1100000000E+00  9.85270E-05  6.71460E-01
  5.1100000000E+00  5.1200000000E+00  9.86258E-05  9.98528E-01
  5.1200000000E+00  5.1300000000E+00  9.86043E-05  8.78344E-01
  5.1300000000E+00  5.1400000000E+00  9.90789E-05  9.58970E-01
  5.1400000000E+00  5.1500000000E+00  1.00612E-04  1.35712E+00
  5.1500000000E+00  5.1600000000E+00  1.01557E-04  9.83880E-01
  5.1600000000E+00  5.1700000000E+00  1.00339E-04  7.51429E-01
  5.1700000000E+00  5.1800000000E+00  1.00021E-04  8.26170E-01
  5.1800000000E+00  5.1900000000E+00  1.00075E-04  5.74706E-01
  5.1900000000E+00  5.2000000000E+00  1.00698E-04  8.67570E-01
  5.2000000000E+00  5.2100000000E+00  1.01714E-04  7.33569E-01
  5.2100000000E+00  5.2200000000E+00  1.02364E-04  6.15750E-01
  5.2200000000E+00  5.2300000000E+00  1.01841E-04  7.48075E-01
  5.2300000000E+00  5.2400000000E+00  1.03494E-04  5.13707E-01
  5.2400000000E+00  5.2500000000E+00  1.05087E-04  1.33900E+00
  5.2500000000E+00  5.2600000000E+00  1.05601E-04  7.36781E-01
  5.2600000000E+00  5.2700000000E+00  1.04902E-04  1.05195E+00
  5.2700000000E+00  5.2800000000E+00  1.04681E-04  8.24770E-01
  5.2800000000E+00  5.2900000000E+00  1.04693E-04  1.07659E+00
  5.2900000000E+00  5.3000000000E+00  1.05033E-04  8.41468E-01
  5.3000000000E+00  5.3100000000E+00  1.06045E-04  7.38874E-01
  5.3100000000E+00  5.3200000000E+00  1.07277E-04  1.87041E+00
  5.3200000000E+00  5.3300000000E+00  1.07091E-04  8.75486E-01
  5.3300000000E+00  5.3400000000E+00  1.07390E-04  1.01560E+00
  5.3400000000E+00  5.3500000000E+00  1.08185E-04  1.11935E+00
  5.3500000000E+00  5.3600000000E+00  1.10257E-04  1.64625E+00
  5.3600000000E+00  5.3700000000E+00  1.09823E-04  1.07816E+00
  5.3700000000E+00  5.3800000000E+00  1.11920E-04  1.28821E+00
  5.3800000000E+00  5.3900000000E+00  1.10473E-04  9.31301E-01
  5.3900000000E+00  5.4000000000E+00  1.11516E-04  1.06262E+00
  5.4000000000E+00  5.4100000000E+00  1.12927E-04  1.25900E+00
  5.4100000000E+00  5.4200000000E+00  1.11663E-04  8.90477E-01
  5.4200000000E+00  5.4300000000E+00  1.11482E-04  1.01862E+00
  5.4300000000E+00  5.4400000000E+00  1.12075E-04  1.01849E+00
  5.4400000000E+00  5.4500000000E+00  1.12744E-04  9.47539E-01
  5.4500000000E+00  5.4600000000E+00  1.12170E-04  1.00905E+00
  5.4600000000E+00  5.4700000000E+00  1.10453E-04  9.72915E-01
  5.4700000000E+00  5.4800000000E+00  1.10420E-04  7.48385E-01
  5.4800000000E+00  5.4900000000E+00  1.09736E-04  1.05518E+00
  5.4900000000E+00  5.5000000000E+00  1.09075E-04  1.74038E+00
  5.5000000000E+00  5.5100000000E+00  1.09070E-04  1.99547E+00
  5.5100000000E+00  5.5200000000E+00  1.06259E-04  1.16789E+00
  5.5200000000E+00  5.5300000000E+00  1.04506E-04  1.06331E+00
  5.5300000000E+00  5.5400000000E+00  1.04597E-04  1.62205E+00
  5.5400000000E+00  5.5500000000E+00  1.03038E-04  1.16033E+00
  5.5500000000E+00  5.5600000000E+00  1.01516E-04  8.88292E-01
  5.5600000000E+00  5.5700000000E+00  1.01279E-04  9.40705E-01
  5.5700000000E+00  5.5800000000E+00  1.01751E-04  1.18595E+00
  5.5800000000E+00  5.5900000000E+00  1.01646E-04  1.30055E+00
  5.5900000000E+00  5.6000000000E+00  1.00193E-04  9.12348E-01
  5.6000000000E+00  5.6100000000E+00  9.97241E-05  6.50001E-01
  5.6100000000E+00  5.6200000000E+00  9.96474E-05  8.06486E-01
  5.6200000000E+00  5.6300000000E+00  1.01085E-04  1.40227E+00
  5.6300000000E+00  5.6400000000E+00  1.01676E-04  1.49408E+00
  5.6400000000E+00  5.6500000000E+00  1.01129E-04  9.91792E-01
  5.6500000000E+00  5.6600000000E+00  1.01709E-04  1.08018E+00
  5.6600000000E+00  5.6700000000E+00  1.01829E-04  1.16752E+00
  5.6700000000E+00  5.6800000000E+00  1.02574E-04  9.93991E-01
  5.6800000000E+00  5.6900000000E+00  1.03729E-04  1.27056E+00
  5.6900000000E+00  5.7000000000E+00  1.03691E-04  1.06665E+00
  5.7000000000E+00  5.7100000000E+00  1.04320E-04  9.76734E-01
  5.7100000000E+00  5.7200000000E+00  1.05372E-04  1.13088E+00
  5.7200000000E+00  5.7300000000E+00  1.05530E-04  1.38498E+00
  5.7300000000E+00  5.7400000000E+00  1.04558E-04  8.07959E-01
  5.7400000000E+00  5.7500000000E+00  1.05262E-04  7.88824E-01
  5.7500000000E+00  5.7600000000E+00  1.05739E-04  8.82258E-01
  5.7600000000E+00  5.7700000000E+00  1.07868E-04  1.52727E+00
  5.7700000000E+00  5.7800000000E+00  1.07500E-04  9.18126E-01
  5.7800000000E+00  5.7900000000E+00  1.07875E-04  9.07408E-01
  5.7900000000E+00  5.8000000000E+00  1.07739E-04  5.41743E-01
  5.8000000000E+00  5.8100000000E+00  1.08804E-04  5.68625E-01
  5.8100000000E+00  5.8200000000E+00  1.09152E-04  6.97520E-01
  5.8200000000E+00  5.8300000000E+00  1.09558E-04  6.68295E-01
  5.8300000000E+00  5.8400000000E+00  1.09601E-04  9.87944E-01
  5.8400000000E+00  5.8500000000E+00  1.08532E-04  6.92552E-01
  5.8500000000E+00  5.8600000000E+00  1.08085E-04  7.50075E-01
  5.8600000000E+00  5.8700000000E+00  1.10873E-04  2.14474E+00
  5.8700000000E+00  5.8800000000E+00  1.07943E-04  3.14396E-01
  5.8800000000E+00  5.8900000000E+00  1.07816E-04  5.31359E-01
  5.8900000000E+00  5.9000000000E+00  1.06657E-04  1.37385E+00
  5.9000000000E+00  5.9100000000E+00  1.07806E-04  1.89491E+00
  5.9100000000E+00  5.9200000000E+00  1.04350E-04  6.08169E-01
  5.9200000000E+00  5.9300000000E+00  1.05469E-04  2.05118E+00
  5.9300000000E+00  5.9400000000E+00  1.02987E-04  1.02909E+00
  5.9400000000E+00  5.9500000000E+00  1.01827E-04  5.00411E-01
  5.9500000000E+00  5.9600000000E+00  1.01202E-04  2.70817E-01
  5.9600000000E+00  5.9700000000E+00  1.02018E-04  1.36981E+00
  5.9700000000E+00  5.9800000000E+00  1.01427E-04  1.45252E+00
  5.9800000000E+00  5.9900000000E+00  1.01380E-04  1.65910E+00
  5.9900000000E+00  6.0000000000E+00  1.02467E-04  1.75651E+00
  6.0000000000E+00  6.0100000000E+00  1.00592E-04  1.17380E+00
  6.0100000000E+00  6.0200000000E+00  1.01296E-04  1.12144E+00
  6.0200000000E+00  6.0300000000E+00  1.01072E-04  6.33505E-01
  6.0300000000E+00  6.0400000000E+00  1.04442E-04  1.73145E+00
  6.0400000000E+00  6.0500000000E+00  1.01519E-04  7.98430E-01
  6.0500000000E+00  6.0600000000E+00  1.02875E-04  1.96648E+00
  6.0600000000E+00  6.0700000000E+00  1.02490E-04  6.00843E-01
  6.0700000000E+00  6.0800000000E+00  1.02086E-04  6.44490E-01
  6.0800000000E+00  6.0900000000E+00  1.03156E-04  1.33587E+00
  6.0900000000E+00  6.1000000000E+00  1.03564E-04  1.09808E+00
  6.1000000000E+00  6.1100000000E+00  1.06271E-04  1.81170E+00
  6.1100000000E+00  6.1200000000E+00  1.05901E-04  1.02013E+00
  6.1200000000E+00  6.1300000000E+00  1.06162E-04  1.35704E+00
  6.1300000000E+00  6.1400000000E+00  1.05785E-04  9.84774E-01
  6.1400000000E+00  6.1500000000E+00  1.06728E-04  1.22879E+00
  6.1500000000E+00  6.1600000000E+00  1.08087E-04  1.17676E+00
  6.1600000000E+00  6.1700000000E+00  1.08428E-04  1.36691E+00
  6.1700000000E+00  6.1800000000E+00  1.08471E-04  9.90510E-01
  6.1800000000E+00  6.1900000000E+00  1.09427E-04  5.27235E-01
  6.1900000000E+00  6.2000000000E+00  1.12052E-04  1.35966E+00
  6.2000000000E+00  6.2100000000E+00  1.10772E-04  1.13216E+00
  6.2100000000E+00  6.2200000000E+00  1.11639E-04  1.05117E+00
  6.2200000000E+00  6.2300000000E+00  1.09934E-04  1.06826E+00
  6.2300000000E+00  6.2400000000E+00  1.10529E-04  9.44514E-01
  6.2400000000E+00  6.2500000000E+00  1.08793E-04  7.82728E-01
  6.2500000000E+00  6.2600000000E+00  1.09629E-04  1.08023E+00
  6.2600000000E+00  6.2700000000E+00  1.08261E-04  7.61700E-01
  6.2700000000E+00  6.2800000000E+00  1.08149E-04  7.98908E-01
  6.2800000000E+00  6.2900000000E+00  1.07160E-04  6.83585E-01
  6.2900000000E+00  6.3000000000E+00  1.06610E-04  2.83113E-01
  6.3000000000E+00  6.3100000000E+00  1.06224E-04  1.87458E-01
  6.3100000000E+00  6.3200000000E+00  1.04377E-04  1.22893E+00
  6.3200000000E+00  6.3300000000E+00  1.02980E-04  8.25245E-01
  6.3300000000E+00  6.3400000000E+00  1.03453E-04  1.56144E+00
  6.3400000000E+00  6.3500000000E+00  1.02310E-04  9.91700E-01
  6.3500000000E+00  6.3600000000E+00  1.00361E-04  5.59446E-01
  6.3600000000E+00  6.3700000000E+00  1.00106E-04  1.45421E+00
  6.3700000000E+00  6.3800000000E+00  9.82282E-05  8.26151E-01
  6.3800000000E+00  6.3900000000E+00  9.91063E-05  1.49754E+00
  6.3900000000E+00  6.4000000000E+00  9.78246E-05  6.35075E-01
  6.4000000000E+00  6.4100000000E+00  9.80585E-05  7.87527E-01
  6.4100000000E+00  6.4200000000E+00  9.75164E-05  7.12966E-01
  6.4200000000E+00  6.4300000000E+00  9.80331E-05  1.02834E+00
  6.4300000000E+00  6.4400000000E+00  9.90792E-05  1.06155E+00
  6.4400000000E+00  6.4500000000E+00  9.88330E-05  1.01385E+00
  6.4500000000E+00  6.4600000000E+00  9.91505E-05  6.94641E-01
  6.4600000000E+00  6.4700000000E+00  9.92598E-05  8.76128E-01
  6.4700000000E+00  6.4800000000E+00  1.00102E-04  8.33221E-01
  6.4800000000E+00  6.4900000000E+00  9.99538E-05  8.93926E-01
  6.4900000000E+00  6.5000000000E+00  1.00692E-04  1.00530E+00
  6.5000000000E+00  6.5100000000E+00  1.01453E-04  1.02924E+00
  6.5100000000E+00  6.5200000000E+00  1.02693E-04  1.18142E+00
  6.5200000000E+00  6.5300000000E+00  1.03204E-04  1.13140E+00
  6.5300000000E+00  6.5400000000E+00  1.03653E-04  6.90406E-01
  6.5400000000E+00  6.5500000000E+00  1.04211E-04  5.87124E-01
  6.5500000000E+00  6.5600000000E+00  1.04607E-04  9.17750E-01
  6.5600000000E+00  6.5700000000E+00  1.05328E-04  6.27980E-01
  6.5700000000E+00  6.5800000000E+00  1.07144E-04  7.47160E-01
  6.5800000000E+00  6.5900000000E+00  1.07053E-04  6.89814E-01
  6.5900000000E+00  6.6000000000E+00  1.07888E-04  5.78600E-01
  6.6000000000E+00  6.6100000000E+00  1.08757E-04  8.55147E-01
  6.6100000000E+00  6.6200000000E+00  1.09835E-04  1.17120E+00
  6.6200000000E+00  6.6300000000E+00  1.08947E-04  6.70506E-01
  6.6300000000E+00  6.6400000000E+00  1.08206E-04  7.78266E-01
  6.6400000000E+00  6.6500000000E+00  1.08877E-04  1.29749E+00
  6.6500000000E+00  6.6600000000E+00  1.09433E-04  1.69554E+00
  6.6600000000E+00  6.6700000000E+00  1.08346E-04  1.21798E+00
  6.6700000000E+00  6.6800000000E+00  1.08269E-04  8.93043E-01
  6.6800000000E+00  6.6900000000E+00  1.07705E-04  8.56419E-01
  6.6900000000E+00  6.7000000000E+00  1.07939E-04  1.03818E+00
  6.7000000000E+00  6.7100000000E+00  1.07307E-04  1.24016E+00
  6.7100000000E+00  6.7200000000E+00  1.08023E-04  2.56876E+00
  6.7200000000E+00  6.7300000000E+00  1.04819E-04  1.13041E+00
  6.7300000000E+00  6.7400000000E+00  1.04129E-04  5.12638E-01
  6.7400000000E+00  6.7500000000E+00  1.02648E-04  6.31527E-01
  6.7500000000E+00  6.7600000000E+00  1.01649E-04  3.50285E-01
  6.7600000000E+00  6.7700000000E+00  1.00331E-04  7.77407E-01
  6.7700000000E+00  6.7800000000E+00  1.00255E-04  6.68732E-01
  6.7800000000E+00  6.7900000000E+00  9.95701E-05  3.69392E-01
  6.7900000000E+00  6.8000000000E+00  9.77460E-05  7.54734E-01
  6.8000000000E+00  6.8100000000E+00  9.76408E-05  1.06978E+00
  6.8100000000E+00  6.8200000000E+00  9.88307E-05  1.44417E+00
  6.8200000000E+00  6.8300000000E+00  9.84910E-05  1.23280E+00
  6.8300000000E+00  6.8400000000E+00  9.71429E-05  1.02786E+00
  6.8400000000E+00  6.8500000000E+00  9.65311E-05  1.29151E+00
  6.8500000000E+00  6.8600000000E+00  9.63914E-05  1.11380E+00
  6.8600000000E+00  6.8700000000E+00  9.68489E-05  7.89166E-01
  6.8700000000E+00  6.8800000000E+00  9.81517E-05  1.39651E+00
  6.8800000000E+00  6.8900000000E+00  9.76268E-05  9.02259E-01
  6.8900000000E+00  6.9000000000E+00  9.79848E-05  1.52467E+00
  6.9000000000E+00  6.9100000000E+00  9.89528E-05  1.20532E+00
  6.9100000000E+00  6.9200000000E+00  9.92844E-05  1.16003E+00
  6.9200000000E+00  6.9300000000E+00  9.99794E-05  9.38176E-01
  6.9300000000E+00  6.9400000000E+00  1.00059E-04  9.68183E-01
  6.9400000000E+00  6.9500000000E+00  1.01433E-04  9.63314E-01
  6.9500000000E+00  6.9600000000E+00  1.02802E-04  1.41076E+00
  6.9600000000E+00  6.9700000000E+00  1.02467E-04  1.10651E+00
  6.9700000000E+00  6.9800000000E+00  1.03275E-04  1.43078E+00
  6.9800000000E+00  6.9900000000E+00  1.04625E-04  1.21429E+00
  6.9900000000E+00  7.0000000000E+00  1.04319E-04  7.23850E-01
  7.0000000000E+00  7.0100000000E+00  1.04499E-04  7.33233E-01
  7.0100000000E+00  7.0200000000E+00  1.07535E-04  2.27861E+00
  7.0200000000E+00  7.0300000000E+00  1.06089E-04  7.72638E-01
  7.0300000000E+00  7.0400000000E+00  1.08538E-04  1.49413E+00
  7.0400000000E+00  7.0500000000E+00  1.07871E-04  8.27780E-01
  7.0500000000E+00  7.0600000000E+00  1.08799E-04  9.30068E-01
  7.0600000000E+00  7.0700000000E+00  1.08265E-04  6.34019E-01
  7.0700000000E+00  7.0800000000E+00  1.08549E-04  7.92620E-01
  7.0800000000E+00  7.0900000000E+00  1.09340E-04  9.58491E-01
  7.0900000000E+00  7.1000000000E+00  1.09032E-04  9.78785E-01
  7.1000000000E+00  7.1100000000E+00  1.08666E-04  7.69091E-01
  7.1100000000E+00  7.1200000000E+00  1.06695E-04  8.46420E-01
  7.1200000000E+00  7.1300000000E+00  1.06121E-04  9.87029E-01
  7.1300000000E+00  7.1400000000E+00  1.05320E-04  6.38657E-01
  7.1400000000E+00  7.1500000000E+00  1.05001E-04  9.64462E-01
  7.1500000000E+00  7.1600000000E+00  1.03490E-04  7.48403E-01
  7.1600000000E+00  7.1700000000E+00  1.02991E-04  7.86440E-01
  7.1700000000E+00  7.1800000000E+00  1.01181E-04  8.32003E-01
  7.1800000000E+00  7.1900000000E+00  1.00635E-04  8.49771E-01
  7.1900000000E+00  7.2000000000E+00  9.87539E-05  7.72304E-01
  7.2000000000E+00  7.2100000000E+00  9.78077E-05  6.18771E-01
  7.2100000000E+00  7.2200000000E+00  9.63133E-05  6.69133E-01
  7.2200000000E+00  7.2300000000E+00  9.53543E-05  4.45092E-01
  7.2300000000E+00  7.2400000000E+00  9.45982E-05  3.52595E-01
  7.2400000000E+00  7.2500000000E+00  9.46332E-05  3.69048E-01
  7.2500000000E+00  7.2600000000E+00  9.35158E-05  6.94339E-01
  7.2600000000E+00  7.2700000000E+00  9.33264E-05  6.01840E-01
  7.2700000000E+00  7.2800000000E+00  9.37318E-05  6.55860E-01
  7.2800000000E+00  7.2900000000E+00  9.39411E-05  7.56804E-01
  7.2900000000E+00  7.3000000000E+00  9.37011E-05  8.38893E-01
  7.3000000000E+00  7.3100000000E+00  9.41299E-05  6.27006E-01
  7.3100000000E+00  7.3200000000E+00  9.64389E-05  9.36742E-01
  7.3200000000E+00  7.3300000000E+00  9.69893E-05  1.81833E+00
  7.3300000000E+00  7.3400000000E+00  9.63665E-05  1.28629E+00
  7.3400000000E+00  7.3500000000E+00  9.59578E-05  7.17744E-01
  7.3500000000E+00  7.3600000000E+00  9.62476E-05  9.99468E-01
  7.3600000000E+00  7.3700000000E+00  9.58381E-05  6.57454E-01
  7.3700000000E+00  7.3800000000E+00  9.66142E-05  6.66868E-01
  7.3800000000E+00  7.3900000000E+00  9.81511E-05  9.07257E-01
  7.3900000000E+00  7.4000000000E+00  9.87489E-05  1.02263E+00
  7.4000000000E+00  7.4100000000E+00  9.99293E-05  1.05542E+00
  7.4100000000E+00  7.4200000000E+00  1.04328E-04  6.94501E-01
  7.4200000000E+00  7.4300000000E+00  1.02204E-04  8.35027E-01
  7.4300000000E+00  7.4400000000E+00  1.02173E-04  1.12240E+00
  7.4400000000E+00  7.4500000000E+00  1.03700E-04  8.47605E-01
  7.4500000000E+00  7.4600000000E+00  1.04369E-04  9.68795E-01
  7.4600000000E+00  7.4700000000E+00  1.05305E-04  9.47101E-01
  7.4700000000E+00  7.4800000000E+00  1.07573E-04  1.03779E+00
  7.4800000000E+00  7.4900000000E+00  1.07296E-04  6.06571E-01
  7.4900000000E+00  7.5000000000E+00  1.07934E-04  4.61440E-01
  7.5000000000E+00  7.5100000000E+00  1.07700E-04  9.71208E-01
  7.5100000000E+00  7.5200000000E+00  1.07850E-04  3.79761E-01
  7.5200000000E+00  7.5300000000E+00  1.07707E-04  1.65060E+00
  7.5300000000E+00  7.5400000000E+00  1.06126E-04  6.28499E-01
  7.5400000000E+00  7.5500000000E+00  1.05903E-04  7.31639E-01
  7.5500000000E+00  7.5600000000E+00  1.04459E-04  5.87301E-01
  7.5600000000E+00  7.5700000000E+00  1.04341E-04  5.67947E-01
  7.5700000000E+00  7.5800000000E+00  1.03548E-04  3.81832E-01
  7.5800000000E+00  7.5900000000E+00  1.03370E-04  6.00181E-01
  7.5900000000E+00  7.6000000000E+00  1.02391E-04  1.25563E+00
  7.6000000000E+00  7.6100000000E+00  9.97597E-05  8.77239E-01
  7.6100000000E+00  7.6200000000E+00  1.00245E-04  1.30906E+00
  7.6200000000E+00  7.6300000000E+00  1.00478E-04  1.74785E+00
  7.6300000000E+00  7.6400000000E+00  9.71419E-05  1.33274E+00
  7.6400000000E+00  7.6500000000E+00  9.65697E-05  1.03689E+00
  7.6500000000E+00  7.6600000000E+00  9.45190E-05  8.94530E-01
  7.6600000000E+00  7.6700000000E+00  9.39016E-05  8.82498E-01
  7.6700000000E+00  7.6800000000E+00  9.28337E-05  9.79937E-01
  7.6800000000E+00  7.6900000000E+00  9.16462E-05  1.36502E+00
  7.6900000000E+00  7.7000000000E+00  9.18426E-05  1.35512E+00
  7.7000000000E+00  7.7100000000E+00  9.10327E-05  1.31399E+00
  7.7100000000E+00  7.7200000000E+00  9.07719E-05  1.16360E+00
  7.7200000000E+00  7.7300000000E+00  9.06983E-05  8.55218E-01
  7.7300000000E+00  7.7400000000E+00  9.03773E-05  4.47642E-01
  7.7400000000E+00  7.7500000000E+00  9.06997E-05  7.12218E-01
  7.7500000000E+00  7.7600000000E+00  9.11991E-05  9.35345E-01
  7.7600000000E+00  7.7700000000E+00  9.10478E-05  8.07206E-01
  7.7700000000E+00  7.7800000000E+00  9.19294E-05  5.62413E-01
  7.7800000000E+00  7.7900000000E+00  9.15189E-05  6.72566E-01
  7.7900000000E+00  7.8000000000E+00  9.21868E-05  1.06248E+00
  7.8000000000E+00  7.8100000000E+00  9.35621E-05  1.30301E+00
  7.8100000000E+00  7.8200000000E+00  9.40418E-05  6.23187E-01
  7.8200000000E+00  7.8300000000E+00  9.44102E-05  1.16192E+00
  7.8300000000E+00  7.8400000000E+00  9.58684E-05  1.16265E+00
  7.8400000000E+00  7.8500000000E+00  9.62813E-05  1.55839E+00
  7.8500000000E+00  7.8600000000E+00  9.71680E-05  1.12935E+00
  7.8600000000E+00  7.8700000000E+00  9.76193E-05  1.24415E+00
  7.8700000000E+00  7.8800000000E+00  9.99957E-05  1.82362E+00
  7.8800000000E+00  7.8900000000E+00  1.01158E-04  1.20705E+00
  7.8900000000E+00  7.9000000000E+00  1.02491E-04  1.63354E+00
  7.9000000000E+00  7.9100000000E+00  1.02445E-04  1.37862E+00
  7.9100000000E+00  7.9200000000E+00  1.03190E-04  1.34471E+00
  7.9200000000E+00  7.9300000000E+00  1.03466E-04  1.41538E+00
  7.9300000000E+00  7.9400000000E+00  1.05509E-04  1.71266E+00
  7.9400000000E+00  7.9500000000E+00  1.05511E-04  1.19613E+00
  7.9500000000E+00  7.9600000000E+00  1.05297E-04  1.57720E+00
  7.9600000000E+00  7.9700000000E+00  1.05983E-04  1.66717E+00
  7.9700000000E+00  7.9800000000E+00  1.06536E-04  1.86666E+00
  7.9800000000E+00  7.9900000000E+00  1.06512E-04  2.34977E+00
  7.9900000000E+00  8.0000000000E+00  1.05306E-04  2.90548E+00
  8.0000000000E+00  8.0100000000E+00  1.04265E-04  1.98203E+00
  8.0100000000E+00  8.0200000000E+00  1.03250E-04  1.10951E+00
  8.0200000000E+00  8.0300000000E+00  1.03456E-04  8.76152E-01
  8.0300000000E+00  8.0400000000E+00  1.02646E-04  1.29273E+00
  8.0400000000E+00  8.0500000000E+00  1.02361E-04  8.74628E-01
  8.0500000000E+00  8.0600000000E+00  1.01573E-04  1.20369E+00
  8.0600000000E+00  8.0700000000E+00  1.00099E-04  1.08838E+00
  8.0700000000E+00  8.0800000000E+00  9.67472E-05  9.70029E-01
  8.0800000000E+00  8.0900000000E+00  9.50975E-05  1.40137E+00
  8.0900000000E+00  8.1000000000E+00  9.37586E-05  6.70634E-01
  8.1000000000E+00  8.1100000000E+00  9.37382E-05  9.65314E-01
  8.1100000000E+00  8.1200000000E+00  9.15056E-05  1.23139E+00
  8.1200000000E+00  8.1300000000E+00  9.04741E-05  1.39509E+00
  8.1300000000E+00  8.1400000000E+00  9.07268E-05  1.51222E+00
  8.1400000000E+00  8.1500000000E+00  8.97176E-05  1.97682E+00
  8.1500000000E+00  8.1600000000E+00  8.91232E-05  2.03061E+00
  8.1600000000E+00  8.1700000000E+00  8.89778E-05  1.89019E+00
  8.1700000000E+00  8.1800000000E+00  8.87510E-05  2.31172E+00
  8.1800000000E+00  8.1900000000E+00  8.70874E-05  2.30022E+00
  8.1900000000E+00  8.2000000000E+00  8.73705E-05  2.48052E+00
  8.2000000000E+00  8.2100000000E+00  8.77550E-05  1.81765E+00
  8.2100000000E+00  8.2200000000E+00  8.69496E-05  1.81769E+00
  8.2200000000E+00  8.2300000000E+00  8.88600E-05  1.85109E+00
  8.2300000000E+00  8.2400000000E+00  9.05318E-05  1.63861E+00
  8.2400000000E+00  8.2500000000E+00  8.97551E-05  1.61558E+00
  8.2500000000E+00  8.2600000000E+00  9.08041E-05  1.36327E+00
  8.2600000000E+00  8.2700000000E+00  9.36654E-05  1.42362E+00
  8.2700000000E+00  8.2800000000E+00  9.47601E-05  1.79576E+00
  8.2800000000E+00  8.2900000000E+00  9.57659E-05  1.79582E+00
  8.2900000000E+00  8.3000000000E+00  9.70863E-05  1.32702E+00
  8.3000000000E+00  8.3100000000E+00  1.00026E-04  1.33386E+00
  8.3100000000E+00  8.3200000000E+00  1.03722E-04  2.03752E+00
  8.3200000000E+00  8.3300000000E+00  1.03183E-04  1.98866E+00
  8.3300000000E+00  8.3400000000E+00  1.06198E-04  2.25618E+00
  8.3400000000E+00  8.3500000000E+00  1.05894E-04  1.35464E+00
  8.3500000000E+00  8.3600000000E+00  1.08250E-04  1.27975E+00
  8.3600000000E+00  8.3700000000E+00  1.09064E-04  8.12873E-01
  8.3700000000E+00  8.3800000000E+00  1.09804E-04  1.21809E+00
  8.3800000000E+00  8.3900000000E+00  1.12512E-04  8.84942E-01
  8.3900000000E+00  8.4000000000E+00  1.11580E-04  1.67347E+00
  8.4000000000E+00  8.4100000000E+00  1.11739E-04  1.60148E+00
  8.4100000000E+00  8.4200000000E+00  1.08325E-04  1.25036E+00
  8.4200000000E+00  8.4300000000E+00  1.10241E-04  2.16927E+00
  8.4300000000E+00  8.4400000000E+00  1.09641E-04  2.66557E+00
  8.4400000000E+00  8.4500000000E+00  1.08685E-04  3.67495E+00
  8.4500000000E+00  8.4600000000E+00  1.05059E-04  3.33023E+00
  8.4600000000E+00  8.4700000000E+00  1.01040E-04  2.82933E+00
  8.4700000000E+00  8.4800000000E+00  9.73483E-05  1.70855E+00
  8.4800000000E+00  8.4900000000E+00  9.25796E-05  2.73371E+00
  8.4900000000E+00  8.5000000000E+00  8.93268E-05  3.06302E+00
  8.5000000000E+00  8.5100000000E+00  8.64646E-05  2.57332E+00
  8.5100000000E+00  8.5200000000E+00  7.94924E-05  1.45378E+00
  8.5200000000E+00  8.5300000000E+00  7.54067E-05  1.15333E+00
  8.5300000000E+00  8.5400000000E+00  7.02312E-05  1.45858E+00
  8.5400000000E+00  8.5500000000E+00  6.42571E-05  7.16116E-01
  8.5500000000E+00  8.5600000000E+00  5.58524E-05  1.66257E+00
  8.5600000000E+00  8.5700000000E+00  5.30138E-05  1.62312E+00
  8.5700000000E+00  8.5800000000E+00  4.66998E-05  2.14806E+00
  8.5800000000E+00  8.5900000000E+00  4.14394E-05  5.20557E+00
  8.5900000000E+00  8.6000000000E+00  3.67708E-05  6.08610E+00
  8.6000000000E+00  8.6100000000E+00  3.19452E-05  7.92336E+00
  8.6100000000E+00  8.6200000000E+00  2.58996E-05  6.68664E+00
  8.6200000000E+00  8.6300000000E+00  2.36020E-05  1.77561E+00
  8.6300000000E+00  8.6400000000E+00  2.12760E-05  4.34016E+00
  8.6400000000E+00  8.6500000000E+00  1.82968E-05  8.95699E+00
  8.6500000000E+00  8.6600000000E+00  1.44568E-05  5.44939E+00
  8.6600000000E+00  8.6700000000E+00  1.09036E-05  1.01972E+01
  8.6700000000E+00  8.6800000000E+00  8.06406E-06  1.34879E+01
  8.6800000000E+00  8.6900000000E+00  5.52348E-06  9.92777E+00
  8.6900000000E+00  8.7000000000E+00  5.91352E-06  1.50261E+01
  8.7000000000E+00  8.7100000000E+00  4.09056E-06  1.31965E+01
  8.7100000000E+00  8.7200000000E+00  2.78333E-06  2.13232E+01
  8.7200000000E+00  8.7300000000E+00  2.37353E-06  2.54487E+01
  8.7300000000E+00  8.7400000000E+00  1.59347E-06  7.52957E+00
  8.7400000000E+00  8.7500000000E+00  1.49232E-06  1.38516E+01
  8.7500000000E+00  8.7600000000E+00  1.28580E-06  2.26185E+01
  8.7600000000E+00  8.7700000000E+00  7.40798E-07  3.31040E+01
  8.7700000000E+00  8.7800000000E+00  5.86901E-07  2.85826E+01
  8.7800000000E+00  8.7900000000E+00  5.86570E-07  3.52338E+01
  8.7900000000E+00  8.8000000000E+00  4.30412E-07  1.85992E+01
  8.8000000000E+00  8.8100000000E+00  4.00632E-07  4.43260E+01
  8.8100000000E+00  8.8200000000E+00  1.76849E-07  6.88559E+01
  8.8200000000E+00  8.8300000000E+00  1.26428E-07  8.43126E+01
  8.8300000000E+00  8.8400000000E+00  2.11097E-08  8.71018E+01
  8.8400000000E+00  8.8500000000E+00  8.72704E-09  6.97105E+01
  8.8500000000E+00  8.8600000000E+00  4.79202E-08  4.57231E+01
  8.8600000000E+00  8.8700000000E+00  3.87398E-08  7.62661E+01
  8.8700000000E+00  8.8800000000E+00  1.53400E-08  4.67473E+01
  8.8800000000E+00  8.8900000000E+00  4.26683E-08  6.31110E+01
  8.8900000000E+00  8.9000000000E+00  8.55161E-08  8.04967E+01
  8.9000000000E+00  8.9100000000E+00  1.04123E-07  8.07250E+01
  8.9100000000E+00  8.9200000000E+00  1.54278E-07  7.92159E+01
  8.9200000000E+00  8.9300000000E+00  1.41341E-07  6.36687E+01
  8.9300000000E+00  8.9400000000E+00  6.24762E-08  7.52868E+01
  8.9400000000E+00  8.9500000000E+00  6.16854E-08  8.11928E+01
  8.9500000000E+00  8.9600000000E+00  1.44032E-08  5.86273E+01
  8.9600000000E+00  8.9700000000E+00  1.79311E-08  5.83131E+01
  8.9700000000E+00  8.9800000000E+00  2.67071E-08  5.46827E+01
  8.9800000000E+00  8.9900000000E+00  2.24558E-08  6.77538E+01
  8.9900000000E+00  9.0000000000E+00  2.35722E-08  4.25973E+01
  9.0000000000E+00  9.0100000000E+00  3.13353E-08  5.91368E+01
  9.0100000000E+00  9.0200000000E+00  1.85069E-08  6.24481E+01
  9.0200000000E+00  9.0300000000E+00  2.57252E-08  4.52042E+01
  9.0300000000E+00  9.0400000000E+00  1.90110E-08  7.34326E+01
  9.0400000000E+00  9.0500000000E+00  2.07579E-08  7.55116E+01
  9.0500000000E+00  9.0600000000E+00  2.75319E-08  8.09819E+01
  9.0600000000E+00  9.0700000000E+00  2.18212E-08  7.18474E+01
  9.0700000000E+00  9.0800000000E+00  2.09302E-08  7.53907E+01
  9.0800000000E+00  9.0900000000E+00  2.44595E-08  7.41914E+01
  9.0900000000E+00  9.1000000000E+00  2.49286E-08  7.67661E+01
  9.1000000000E+00  9.1100000000E+00  2.78457E-08  7.37224E+01
  9.1100000000E+00  9.1200000000E+00  1.02118E-07  4.19980E+01
  9.1200000000E+00  9.1300000000E+00  4.59746E-08  8.64968E+01
  9.1300000000E+00  9.1400000000E+00  1.38317E-07  5.71455E+01
  9.1400000000E+00  9.1500000000E+00  7.45104E-08  7.02733E+01
  9.1500000000E+00  9.1600000000E+00  5.67113E-08  8.82663E+01
  9.1600000000E+00  9.1700000000E+00  5.37812E-08  8.70380E+01
  9.1700000000E+00  9.1800000000E+00  5.79653E-08  8.70629E+01
  9.1800000000E+00  9.1900000000E+00  5.86526E-08  8.77842E+01
  9.1900000000E+00  9.2000000000E+00  6.33584E-08  8.86137E+01
  9.2000000000E+00  9.2100000000E+00  1.35925E-07  5.74457E+01
  9.2100000000E+00  9.2200000000E+00  6.91623E-08  8.87048E+01
  9.2200000000E+00  9.2300000000E+00  9.66488E-08  8.64244E+01
  9.2300000000E+00  9.2400000000E+00  2.08894E-07  6.28150E+01
  9.2400000000E+00  9.2500000000E+00  9.08918E-08  8.14689E+01
  9.2500000000E+00  9.2600000000E+00  9.71861E-08  8.95995E+01
  9.2600000000E+00  9.2700000000E+00  1.09470E-07  9.03607E+01
  9.2700000000E+00  9.2800000000E+00  1.29501E-07  9.10368E+01
  9.2800000000E+00  9.2900000000E+00  2.02856E-07  9.57032E+01
  9.2900000000E+00  9.3000000000E+00  1.09577E-07  9.20632E+01
  9.3000000000E+00  9.3100000000E+00  9.69434E-09  5.55063E+01
  9.3100000000E+00  9.3200000000E+00  1.43334E-08  3.76073E+01
  9.3200000000E+00  9.3300000000E+00  3.28277E-08  5.86835E+01
  9.3300000000E+00  9.3400000000E+00  7.20075E-08  7.02673E+01
  9.3400000000E+00  9.3500000000E+00  1.67501E-08  3.82769E+01
  9.3500000000E+00  9.3600000000E+00  1.56575E-08  4.76961E+01
  9.3600000000E+00  9.3700000000E+00  1.53000E-08  4.38400E+01
  9.3700000000E+00  9.3800000000E+00  3.46578E-08  3.89499E+01
  9.3800000000E+00  9.3900000000E+00  1.49798E-07  9.16288E+01
  9.3900000000E+00  9.4000000000E+00  3.31522E-07  9.59168E+01
  9.4000000000E+00  9.4100000000E+00  1.15493E-08  6.76532E+01
  9.4100000000E+00  9.4200000000E+00  1.15822E-08  7.36873E+01
  9.4200000000E+00  9.4300000000E+00  1.87388E-08  7.36962E+01
  9.4300000000E+00  9.4400000000E+00  2.09007E-08  8.37831E+01
  9.4400000000E+00  9.4500000000E+00  1.38037E-08  7.56428E+01
  9.4500000000E+00  9.4600000000E+00  3.67935E-08  6.01495E+01
  9.4600000000E+00  9.4700000000E+00  1.32191E-08  7.26617E+01
  9.4700000000E+00  9.4800000000E+00  2.38758E-08  8.55824E+01
  9.4800000000E+00  9.4900000000E+00  1.43736E-08  7.61938E+01
  9.4900000000E+00  9.5000000000E+00  1.68814E-08  7.96695E+01
  9.5000000000E+00  9.5100000000E+00  2.41610E-08  7.37401E+01
  9.5100000000E+00  9.5200000000E+00  4.11486E-08  7.91624E+01
  9.5200000000E+00  9.5300000000E+00  3.70393E-08  9.21408E+01
  9.5300000000E+00  9.5400000000E+00  1.11740E-07  9.21914E+01
  9.5400000000E+00  9.5500000000E+00  1.20115E-08  4.37612E+01
  9.5500000000E+00  9.5600000000E+00  1.26036E-08  7.28785E+01
  9.5600000000E+00  9.5700000000E+00  3.83553E-08  5.98631E+01
  9.5700000000E+00  9.5800000000E+00  2.89461E-08  8.62651E+01
  9.5800000000E+00  9.5900000000E+00  1.97279E-08  5.43857E+01
  9.5900000000E+00  9.6000000000E+00  1.33416E-08  7.42739E+01
  9.6000000000E+00  9.6100000000E+00  1.25115E-08  7.26916E+01
  9.6100000000E+00  9.6200000000E+00  1.51630E-08  7.71851E+01
  9.6200000000E+00  9.6300000000E+00  1.17924E-08  7.11671E+01
  9.6300000000E+00  9.6400000000E+00  4.34694E-09  3.73174E+01
  9.6400000000E+00  9.6500000000E+00  3.48944E-08  7.93952E+01
  9.6500000000E+00  9.6600000000E+00  4.85284E-08  7.80093E+01
  9.6600000000E+00  9.6700000000E+00  8.97033E-09  5.21324E+01
  9.6700000000E+00  9.6800000000E+00  1.20580E-08  4.24454E+01
  9.6800000000E+00  9.6900000000E+00  1.21892E-08  3.91225E+01
  9.6900000000E+00  9.7000000000E+00  9.56132E-09  4.73203E+01
  9.7000000000E+00  9.7100000000E+00  1.86715E-08  4.33394E+01
  9.7100000000E+00  9.7200000000E+00  6.92209E-08  8.37168E+01
  9.7200000000E+00  9.7300000000E+00  1.72813E-08  4.08384E+01
  9.7300000000E+00  9.7400000000E+00  4.25868E-08  6.04732E+01
  9.7400000000E+00  9.7500000000E+00  2.40241E-08  5.09462E+01
  9.7500000000E+00  9.7600000000E+00  1.05385E-08  4.94593E+01
  9.7600000000E+00  9.7700000000E+00  1.05610E-08  4.95593E+01
  9.7700000000E+00  9.7800000000E+00  1.10109E-08  4.77705E+01
  9.7800000000E+00  9.7900000000E+00  1.47022E-08  5.03369E+01
  9.7900000000E+00  9.8000000000E+00  1.11621E-08  4.68953E+01
  9.8000000000E+00  9.8100000000E+00  2.64367E-08  5.13440E+01
  9.8100000000E+00  9.8200000000E+00  2.32450E-08  3.70911E+01
  9.8200000000E+00  9.8300000000E+00  1.42406E-08  3.49749E+01
  9.8300000000E+00  9.8400000000E+00  1.13924E-08  4.70923E+01
  9.8400000000E+00  9.8500000000E+00  1.11359E-08  4.38112E+01
  9.8500000000E+00  9.8600000000E+00  3.88204E-08  6.98876E+01
  9.8600000000E+00  9.8700000000E+00  1.12022E-08  4.39360E+01
  9.8700000000E+00  9.8800000000E+00  1.11263E-08  4.40161E+01
  9.8800000000E+00  9.8900000000E+00  8.98585E-08  8.52998E+01
  9.8900000000E+00  9.9000000000E+00  1.25480E-08  3.84617E+01
  9.9000000000E+00  9.9100000000E+00  1.22359E-08  4.46900E+01
  9.9100000000E+00  9.9200000000E+00  1.26983E-08  4.40444E+01
  9.9200000000E+00  9.9300000000E+00  1.24051E-08  4.93817E+01
  9.9300000000E+00  9.9400000000E+00  1.99613E-08  4.42114E+01
  9.9400000000E+00  9.9500000000E+00  1.20779E-08  4.56138E+01
  9.9500000000E+00  9.9600000000E+00  1.45659E-08  3.99440E+01
  9.9600000000E+00  9.9700000000E+00  4.63761E-08  8.50978E+01
  9.9700000000E+00  9.9800000000E+00  1.37326E-08  5.15638E+01
  9.9800000000E+00  9.9900000000E+00  1.72567E-08  5.98856E+01
  9.9900000000E+00  1.0000000000E+01  3.81283E-08  7.12148E+01
  1.0000000000E+01  1.0010000000E+01  6.09191E-08  8.89217E+01
  1.0010000000E+01  1.0020000000E+01  2.90007E-08  7.68081E+01
  1.0020000000E+01  1.0030000000E+01  2.87797E-08  7.66346E+01
  1.0030000000E+01  1.0040000000E+01  2.98141E-08  7.30626E+01
  1.0040000000E+01  1.0050000000E+01  2.93067E-08  6.88395E+01
  1.0050000000E+01  1.0060000000E+01  8.46856E-08  7.30448E+01
  1.0060000000E+01  1.0070000000E+01  3.94188E-08  5.64653E+01
  1.0070000000E+01  1.0080000000E+01  7.59125E-08  5.87872E+01
  1.0080000000E+01  1.0090000000E+01  6.10349E-08  4.79479E+01
  1.0090000000E+01  1.0100000000E+01  1.28306E-07  6.39549E+01
  1.0100000000E+01  1.0110000000E+01  1.89119E-07  7.50652E+01
  1.0110000000E+01  1.0120000000E+01  1.28885E-07  6.80408E+01
  1.0120000000E+01  1.0130000000E+01  1.06920E-07  6.38700E+01
  1.0130000000E+01  1.0140000000E+01  1.00754E-07  5.75798E+01
  1.0140000000E+01  1.0150000000E+01  2.19570E-07  7.62683E+01
  1.0150000000E+01  1.0160000000E+01  9.71205E-08  5.09716E+01
  1.0160000000E+01  1.0170000000E+01  8.75428E-08  5.73586E+01
  1.0170000000E+01  1.0180000000E+01  8.49735E-08  5.65344E+01
  1.0180000000E+01  1.0190000000E+01  1.65629E-07  4.27987E+01
  1.0190000000E+01  1.0200000000E+01  1.32026E-07  3.87601E+01
  1.0200000000E+01  1.0210000000E+01  3.54071E-07  8.49855E+01
  1.0210000000E+01  1.0220000000E+01  5.51009E-08  5.84478E+01
  1.0220000000E+01  1.0230000000E+01  4.05585E-08  7.66433E+01
  1.0230000000E+01  1.0240000000E+01  4.54602E-08  6.80374E+01
  1.0240000000E+01  1.0250000000E+01  1.62734E-07  4.22530E+01
  1.0250000000E+01  1.0260000000E+01  1.56943E-07  4.44179E+01
  1.0260000000E+01  1.0270000000E+01  1.62714E-07  5.81739E+01
  1.0270000000E+01  1.0280000000E+01  5.54249E-08  8.06843E+01
  1.0280000000E+01  1.0290000000E+01  5.74223E-08  8.03611E+01
  1.0290000000E+01  1.0300000000E+01  7.43691E-08  7.07331E+01
  1.0300000000E+01  1.0310000000E+01  1.09642E-07  6.33531E+01
  1.0310000000E+01  1.0320000000E+01  9.95570E-08  8.62721E+01
  1.0320000000E+01  1.0330000000E+01  1.43072E-07  7.84587E+01
  1.0330000000E+01  1.0340000000E+01  1.37476E-08  4.83017E+01
  1.0340000000E+01  1.0350000000E+01  1.45548E-08  4.90979E+01
  1.0350000000E+01  1.0360000000E+01  2.15831E-08  6.08002E+01
  1.0360000000E+01  1.0370000000E+01  2.96075E-08  6.70123E+01
  1.0370000000E+01  1.0380000000E+01  1.77867E-08  4.41619E+01
  1.0380000000E+01  1.0390000000E+01  2.26257E-08  3.84003E+01
  1.0390000000E+01  1.0400000000E+01  7.03994E-09  6.17811E+01
  1.0400000000E+01  1.0410000000E+01  2.50311E-08  6.98634E+01
  1.0410000000E+01  1.0420000000E+01  7.01251E-09  6.20303E+01
  1.0420000000E+01  1.0430000000E+01  1.10787E-08  4.55863E+01
  1.0430000000E+01  1.0440000000E+01  2.30274E-08  6.99719E+01
  1.0440000000E+01  1.0450000000E+01  1.34473E-08  5.04692E+01
  1.0450000000E+01  1.0460000000E+01  4.09343E-08  7.59322E+01
  1.0460000000E+01  1.0470000000E+01  7.16685E-09  6.83139E+01
  1.0470000000E+01  1.0480000000E+01  7.18904E-09  6.84057E+01
  1.0480000000E+01  1.0490000000E+01  9.28752E-09  4.93934E+01
  1.0490000000E+01  1.0500000000E+01  7.45343E-09  6.58201E+01
  1.0500000000E+01  1.0510000000E+01  8.77928E-09  7.38681E+01
  1.0510000000E+01  1.0520000000E+01  8.33002E-09  5.72469E+01
  1.0520000000E+01  1.0530000000E+01  1.56179E-08  5.40123E+01
  1.0530000000E+01  1.0540000000E+01  9.06811E-09  5.20666E+01
  1.0540000000E+01  1.0550000000E+01  1.02569E-08  4.02192E+01
  1.0550000000E+01  1.0560000000E+01  7.12473E-09  6.44797E+01
  1.0560000000E+01  1.0570000000E+01  8.05313E-09  6.14845E+01
  1.0570000000E+01  1.0580000000E+01  7.88103E-09  6.77575E+01
  1.0580000000E+01  1.0590000000E+01  7.88104E-09  6.77574E+01
  1.0590000000E+01  1.0600000000E+01  7.90133E-09  6.74947E+01
  1.0600000000E+01  1.0610000000E+01  8.66426E-09  6.08764E+01
  1.0610000000E+01  1.0620000000E+01  9.06844E-09  6.11601E+01
  1.0620000000E+01  1.0630000000E+01  3.74100E-08  4.29334E+01
  1.0630000000E+01  1.0640000000E+01  1.91767E-08  4.94074E+01
  1.0640000000E+01  1.0650000000E+01  1.26898E-08  5.68809E+01
  1.0650000000E+01  1.0660000000E+01  1.08918E-08  6.45505E+01
  1.0660000000E+01  1.0670000000E+01  2.00459E-08  6.16256E+01
  1.0670000000E+01  1.0680000000E+01  1.31554E-08  9.15253E+01
  1.0680000000E+01  1.0690000000E+01  8.82374E-09  6.88722E+01
  1.0690000000E+01  1.0700000000E+01  1.84252E-08  5.89893E+01
  1.0700000000E+01  1.0710000000E+01  1.07830E-08  7.00528E+01
  1.0710000000E+01  1.0720000000E+01  2.79682E-08  5.97275E+01
  1.0720000000E+01  1.0730000000E+01  1.48940E-08  6.31135E+01
  1.0730000000E+01  1.0740000000E+01  1.79235E-08  5.10254E+01
  1.0740000000E+01  1.0750000000E+01  1.25758E-07  7.27336E+01
  1.0750000000E+01  1.0760000000E+01  7.78246E-08  6.10088E+01
  1.0760000000E+01  1.0770000000E+01  7.19936E-08  7.26165E+01
  1.0770000000E+01  1.0780000000E+01  1.01675E-07  8.23360E+01
  1.0780000000E+01  1.0790000000E+01  6.08895E-08  6.89285E+01
  1.0790000000E+01  1.0800000000E+01  5.54630E-08  7.29566E+01
  1.0800000000E+01  1.0810000000E+01  2.13577E-08  6.45333E+01
  1.0810000000E+01  1.0820000000E+01  2.74511E-08  6.55655E+01
  1.0820000000E+01  1.0830000000E+01  1.75977E-08  6.47660E+01
  1.0830000000E+01  1.0840000000E+01  1.71589E-08  6.34499E+01
  1.0840000000E+01  1.0850000000E+01  1.71398E-08  6.06475E+01
  1.0850000000E+01  1.0860000000E+01  3.21781E-08  6.43003E+01
  1.0860000000E+01  1.0870000000E+01  6.70525E-08  7.95924E+01
  1.0870000000E+01  1.0880000000E+01  7.61827E-08  6.55936E+01
  1.0880000000E+01  1.0890000000E+01  1.14171E-07  7.73771E+01
  1.0890000000E+01  1.0900000000E+01  4.16947E-08  7.44565E+01
  1.0900000000E+01  1.0910000000E+01  3.58426E-08  5.06702E+01
  1.0910000000E+01  1.0920000000E+01  6.78865E-08  7.38903E+01
  1.0920000000E+01  1.0930000000E+01  3.96104E-08  5.95269E+01
  1.0930000000E+01  1.0940000000E+01  1.43176E-08  9.01814E+01
  1.0940000000E+01  1.0950000000E+01  1.51946E-08  8.63784E+01
  1.0950000000E+01  1.0960000000E+01  1.56879E-08  8.33170E+01
  1.0960000000E+01  1.0970000000E+01  1.39833E-08  8.82745E+01
  1.0970000000E+01  1.0980000000E+01  1.41867E-08  7.91358E+01
  1.0980000000E+01  1.0990000000E+01  1.27612E-08  9.03644E+01
  1.0990000000E+01  1.1000000000E+01  1.26527E-08  9.12341E+01
  1.1000000000E+01  1.1010000000E+01  2.47954E-08  6.02343E+01
  1.1010000000E+01  1.1020000000E+01  9.90608E-08  6.16546E+01
  1.1020000000E+01  1.1030000000E+01  8.41069E-08  7.68393E+01
  1.1030000000E+01  1.1040000000E+01  2.04713E-08  9.53373E+01
  1.1040000000E+01  1.1050000000E+01  2.06070E-08  9.53694E+01
  1.1050000000E+01  1.1060000000E+01  6.01444E-08  6.42371E+01
  1.1060000000E+01  1.1070000000E+01  3.82422E-08  6.09001E+01
  1.1070000000E+01  1.1080000000E+01  2.86211E-08  9.66604E+01
  1.1080000000E+01  1.1090000000E+01  1.60568E-08  9.40675E+01
  1.1090000000E+01  1.1100000000E+01  1.43574E-08  9.32827E+01
  1.1100000000E+01  1.1110000000E+01  2.63929E-08  9.30845E+01
  1.1110000000E+01  1.1120000000E+01  1.31413E-08  8.19104E+01
  1.1120000000E+01  1.1130000000E+01  1.55321E-08  7.28833E+01
  1.1130000000E+01  1.1140000000E+01  1.89863E-08  6.41415E+01
  1.1140000000E+01  1.1150000000E+01  1.58510E-08  8.09775E+01
  1.1150000000E+01  1.1160000000E+01  1.78266E-08  8.21170E+01
  1.1160000000E+01  1.1170000000E+01  1.80741E-08  8.23591E+01
  1.1170000000E+01  1.1180000000E+01  1.89388E-08  8.32348E+01
  1.1180000000E+01  1.1190000000E+01  2.05428E-08  8.45319E+01
  1.1190000000E+01  1.1200000000E+01  2.16055E-08  8.10807E+01
  1.1200000000E+01  1.1210000000E+01  4.34176E-08  9.29950E+01
  1.1210000000E+01  1.1220000000E+01  6.48062E-08  9.53047E+01
  1.1220000000E+01  1.1230000000E+01  5.84594E-08  9.47359E+01
  1.1230000000E+01  1.1240000000E+01  1.53852E-08  8.01834E+01
  1.1240000000E+01  1.1250000000E+01  4.74316E-09  4.02992E+01
  1.1250000000E+01  1.1260000000E+01  8.43618E-09  6.44255E+01
  1.1260000000E+01  1.1270000000E+01  4.40767E-09  3.03977E+01
  1.1270000000E+01  1.1280000000E+01  6.17810E-09  3.18928E+01
  1.1280000000E+01  1.1290000000E+01  1.72438E-08  5.55805E+01
  1.1290000000E+01  1.1300000000E+01  1.59992E-08  7.07528E+01
  1.1300000000E+01  1.1310000000E+01  8.48369E-08  5.96794E+01
  1.1310000000E+01  1.1320000000E+01  1.00817E-08  4.55383E+01
  1.1320000000E+01  1.1330000000E+01  1.55762E-08  3.37932E+01
  1.1330000000E+01  1.1340000000E+01  1.22125E-08  4.07588E+01
  1.1340000000E+01  1.1350000000E+01  1.57184E-07  7.67632E+01
  1.1350000000E+01  1.1360000000E+01  3.13154E-08  6.82327E+01
  1.1360000000E+01  1.1370000000E+01  1.91870E-08  4.27193E+01
  1.1370000000E+01  1.1380000000E+01  8.63811E-09  3.18413E+01
  1.1380000000E+01  1.1390000000E+01  7.90131E-09  3.35481E+01
  1.1390000000E+01  1.1400000000E+01  1.50131E-08  5.12802E+01
  1.1400000000E+01  1.1410000000E+01  1.39958E-08  6.54097E+01
  1.1410000000E+01  1.1420000000E+01  6.11745E-09  2.53575E+01
  1.1420000000E+01  1.1430000000E+01  4.15896E-09  3.73358E+01
  1.1430000000E+01  1.1440000000E+01  4.07513E-09  3.97128E+01
  1.1440000000E+01  1.1450000000E+01  3.36068E-09  4.58438E+01
  1.1450000000E+01  1.1460000000E+01  6.84096E-09  5.19487E+01
  1.1460000000E+01  1.1470000000E+01  6.88073E-08  6.38513E+01
  1.1470000000E+01  1.1480000000E+01  2.57386E-08  8.67230E+01
  1.1480000000E+01  1.1490000000E+01  4.11379E-08  9.34794E+01
  1.1490000000E+01  1.1500000000E+01  2.96794E-08  6.68459E+01
  1.1500000000E+01  1.1510000000E+01  2.36931E-08  6.78229E+01
  1.1510000000E+01  1.1520000000E+01  1.92884E-08  9.10648E+01
  1.1520000000E+01  1.1530000000E+01  3.89581E-09  5.71688E+01
  1.1530000000E+01  1.1540000000E+01  3.77291E-09  5.62722E+01
  1.1540000000E+01  1.1550000000E+01  6.69900E-09  5.36112E+01
  1.1550000000E+01  1.1560000000E+01  1.08970E-08  4.89748E+01
  1.1560000000E+01  1.1570000000E+01  6.12864E-09  5.58931E+01
  1.1570000000E+01  1.1580000000E+01  7.90910E-09  6.28738E+01
  1.1580000000E+01  1.1590000000E+01  4.33553E-09  5.03133E+01
  1.1590000000E+01  1.1600000000E+01  1.79592E-08  8.20192E+01
  1.1600000000E+01  1.1610000000E+01  4.02816E-09  5.06314E+01
  1.1610000000E+01  1.1620000000E+01  3.84032E-09  4.91918E+01
  1.1620000000E+01  1.1630000000E+01  2.52545E-08  7.87674E+01
  1.1630000000E+01  1.1640000000E+01  1.24268E-08  4.40520E+01
  1.1640000000E+01  1.1650000000E+01  1.40939E-07  9.34282E+01
  1.1650000000E+01  1.1660000000E+01  8.53179E-09  6.19326E+01
  1.1660000000E+01  1.1670000000E+01  4.69649E-09  4.69871E+01
  1.1670000000E+01  1.1680000000E+01  7.07159E-09  3.53384E+01
  1.1680000000E+01  1.1690000000E+01  5.74478E-09  4.60831E+01
  1.1690000000E+01  1.1700000000E+01  2.91036E-08  7.08422E+01
  1.1700000000E+01  1.1710000000E+01  1.14661E-08  6.00280E+01
  1.1710000000E+01  1.1720000000E+01  3.97835E-09  7.09844E+01
  1.1720000000E+01  1.1730000000E+01  4.06137E-09  6.99002E+01
  1.1730000000E+01  1.1740000000E+01  4.41687E-09  6.50066E+01
  1.1740000000E+01  1.1750000000E+01  6.87982E-09  4.60065E+01
  1.1750000000E+01  1.1760000000E+01  7.03964E-09  4.07188E+01
  1.1760000000E+01  1.1770000000E+01  2.00873E-08  5.75821E+01
  1.1770000000E+01  1.1780000000E+01  2.30992E-08  7.91181E+01
  1.1780000000E+01  1.1790000000E+01  5.09085E-09  3.58104E+01
  1.1790000000E+01  1.1800000000E+01  9.71588E-09  1.41693E+01
  1.1800000000E+01  1.1810000000E+01  4.89861E-09  3.68520E+01
  1.1810000000E+01  1.1820000000E+01  5.16879E-09  5.45385E+01
  1.1820000000E+01  1.1830000000E+01  3.58278E-09  5.54457E+01
  1.1830000000E+01  1.1840000000E+01  3.56999E-09  5.55656E+01
  1.1840000000E+01  1.1850000000E+01  2.04382E-08  8.51199E+01
  1.1850000000E+01  1.1860000000E+01  1.34677E-08  6.75724E+01
  1.1860000000E+01  1.1870000000E+01  2.41259E-08  4.81481E+01
  1.1870000000E+01  1.1880000000E+01  1.93456E-08  7.81268E+01
  1.1880000000E+01  1.1890000000E+01  3.00544E-09  6.77559E+01
  1.1890000000E+01  1.1900000000E+01  3.06972E-09  6.61765E+01
  1.1900000000E+01  1.1910000000E+01  3.78258E-08  6.76483E+01
  1.1910000000E+01  1.1920000000E+01  3.00644E-09  6.77656E+01
  1.1920000000E+01  1.1930000000E+01  3.24015E-09  6.26200E+01
  1.1930000000E+01  1.1940000000E+01  1.26977E-07  9.69660E+01
  1.1940000000E+01  1.1950000000E+01  1.86264E-08  7.88203E+01
  1.1950000000E+01  1.1960000000E+01  3.09406E-09  6.86090E+01
  1.1960000000E+01  1.1970000000E+01  1.00224E-08  6.45004E+01
  1.1970000000E+01  1.1980000000E+01  4.80943E-09  4.55305E+01
  1.1980000000E+01  1.1990000000E+01  1.13659E-08  6.70158E+01
  1.1990000000E+01  1.2000000000E+01  2.56961E-08  8.36969E+01
  1.2000000000E+01  1.2000000000E+01  2.56961E-08  8.36969E+01
