
E  /  dE   / X  /   Y  /  FWHMx  /  FWHMy/............./W
0.10716 0.00119 5.37639 1.17778 0.73242 0.89395 0.00345 0.00391 -0.00097 -0.00045 1.76553335e+09
0.10716 0.00119 4.70434 1.17778 0.73242 0.89395 0.00345 0.00391 -0.00097 -0.00045 3.86599722e+09
0.10716 0.00119 4.03229 1.17778 0.73242 0.89395 0.00345 0.00391 -0.00097 -0.00045 3.78823847e+09
0.10716 0.00119 3.36025 1.17778 0.73242 0.89395 0.00345 0.00391 -0.00097 -0.00045 3.17517875e+09
0.10716 0.00119 2.68820 1.17778 0.73242 0.89395 0.00345 0.00391 -0.00097 -0.00045 3.81291762e+09
0.10716 0.00119 2.01615 1.17778 0.73242 0.89395 0.00345 0.00391 -0.00097 -0.00045 3.47583257e+09
0.10716 0.00119 1.34410 1.17778 0.73242 0.89395 0.00345 0.00391 -0.00097 -0.00045 3.57552825e+09
0.10716 0.00119 0.67205 1.17778 0.73242 0.89395 0.00345 0.00391 -0.00097 -0.00045 3.57885817e+09
0.10716 0.00119 -0.00000 1.17778 0.73242 0.89395 0.00345 0.00391 -0.00097 -0.00045 3.52284045e+09
0.10716 0.00119 -0.67205 1.17778 0.73242 0.89395 0.00345 0.00391 -0.00097 -0.00045 3.57807456e+09
0.10716 0.00119 -1.34410 1.17778 0.73242 0.89395 0.00345 0.00391 -0.00097 -0.00045 3.56475569e+09
0.10716 0.00119 -2.01615 1.17778 0.73242 0.89395 0.00345 0.00391 -0.00097 -0.00045 3.46643092e+09
0.10716 0.00119 -2.68820 1.17778 0.73242 0.89395 0.00345 0.00391 -0.00097 -0.00045 3.79744423e+09
0.10716 0.00119 -3.36025 1.17778 0.73242 0.89395 0.00345 0.00391 -0.00097 -0.00045 3.16401438e+09
0.10716 0.00119 -4.03229 1.17778 0.73242 0.89395 0.00345 0.00391 -0.00097 -0.00045 3.78432125e+09
0.10716 0.00119 -4.70434 1.17778 0.73242 0.89395 0.00345 0.00391 -0.00097 -0.00045 3.86070869e+09
0.10716 0.00119 -5.37639 1.17778 0.73242 0.89395 0.00345 0.00391 -0.00097 -0.00045 1.76161613e+09
0.10716 0.00119 5.71242 0.58889 0.73242 0.89395 0.00345 0.00391 -0.00097 -0.00045 1.32189760e+09
0.10716 0.00119 5.04037 0.58889 0.73242 0.89395 0.00345 0.00391 -0.00097 -0.00045 4.82808955e+09
0.10716 0.00119 4.36832 0.58889 0.73242 0.89395 0.00345 0.00391 -0.00097 -0.00045 1.60218141e+09
0.10716 0.00119 3.69627 0.58889 0.73242 0.89395 0.00345 0.00391 -0.00097 -0.00045 2.93015084e+09
0.10716 0.00119 3.02422 0.58889 0.73242 0.89395 0.00345 0.00391 -0.00097 -0.00045 2.73193470e+09
0.10716 0.00119 2.35217 0.58889 0.73242 0.89395 0.00345 0.00391 -0.00097 -0.00045 2.40895214e+09
0.10716 0.00119 1.68012 0.58889 0.73242 0.89395 0.00345 0.00391 -0.00097 -0.00045 2.86943249e+09
0.10716 0.00119 1.00807 0.58889 0.73242 0.89395 0.00345 0.00391 -0.00097 -0.00045 2.45635162e+09
0.10716 0.00119 0.33602 0.58889 0.73242 0.89395 0.00345 0.00391 -0.00097 -0.00045 2.70196723e+09
0.10716 0.00119 -0.33602 0.58889 0.73242 0.89395 0.00345 0.00391 -0.00097 -0.00045 2.70470945e+09
0.10716 0.00119 -1.00807 0.58889 0.73242 0.89395 0.00345 0.00391 -0.00097 -0.00045 2.45752682e+09
0.10716 0.00119 -1.68012 0.58889 0.73242 0.89395 0.00345 0.00391 -0.00097 -0.00045 2.88059686e+09
0.10716 0.00119 -2.35217 0.58889 0.73242 0.89395 0.00345 0.00391 -0.00097 -0.00045 2.41737450e+09
0.10716 0.00119 -3.02422 0.58889 0.73242 0.89395 0.00345 0.00391 -0.00097 -0.00045 2.74329497e+09
0.10716 0.00119 -3.69627 0.58889 0.73242 0.89395 0.00345 0.00391 -0.00097 -0.00045 2.93445987e+09
0.10716 0.00119 -4.36832 0.58889 0.73242 0.89395 0.00345 0.00391 -0.00097 -0.00045 1.60414002e+09
0.10716 0.00119 -5.04037 0.58889 0.73242 0.89395 0.00345 0.00391 -0.00097 -0.00045 4.82671824e+09
0.10716 0.00119 -5.71242 0.58889 0.73242 0.89395 0.00345 0.00391 -0.00097 -0.00045 1.32013479e+09
0.10716 0.00119 5.37639 -0.00000 0.73242 0.89395 0.00345 0.00391 -0.00097 -0.00045 3.35713810e+09
0.10716 0.00119 4.70434 -0.00000 0.73242 0.89395 0.00345 0.00391 -0.00097 -0.00045 2.03700331e+09
0.10716 0.00119 4.03229 -0.00000 0.73242 0.89395 0.00345 0.00391 -0.00097 -0.00045 4.04227623e+09
0.10716 0.00119 3.36025 -0.00000 0.73242 0.89395 0.00345 0.00391 -0.00097 -0.00045 2.30318474e+09
0.10716 0.00119 2.68820 -0.00000 0.73242 0.89395 0.00345 0.00391 -0.00097 -0.00045 3.39670292e+09
0.10716 0.00119 2.01615 -0.00000 0.73242 0.89395 0.00345 0.00391 -0.00097 -0.00045 2.89430733e+09
0.10716 0.00119 1.34410 -0.00000 0.73242 0.89395 0.00345 0.00391 -0.00097 -0.00045 2.99086919e+09
0.10716 0.00119 0.67205 -0.00000 0.73242 0.89395 0.00345 0.00391 -0.00097 -0.00045 3.13639732e+09
0.10716 0.00119 -0.00000 -0.00000 0.73242 0.89395 0.00345 0.00391 -0.00097 -0.00045 2.88098846e+09
0.10716 0.00119 -0.67205 -0.00000 0.73242 0.89395 0.00345 0.00391 -0.00097 -0.00045 3.13600573e+09
0.10716 0.00119 -1.34410 -0.00000 0.73242 0.89395 0.00345 0.00391 -0.00097 -0.00045 2.98734357e+09
0.10716 0.00119 -2.01615 -0.00000 0.73242 0.89395 0.00345 0.00391 -0.00097 -0.00045 2.88882310e+09
0.10716 0.00119 -2.68820 -0.00000 0.73242 0.89395 0.00345 0.00391 -0.00097 -0.00045 3.39082689e+09
0.10716 0.00119 -3.36025 -0.00000 0.73242 0.89395 0.00345 0.00391 -0.00097 -0.00045 2.30259724e+09
0.10716 0.00119 -4.03229 -0.00000 0.73242 0.89395 0.00345 0.00391 -0.00097 -0.00045 4.03992582e+09
0.10716 0.00119 -4.70434 -0.00000 0.73242 0.89395 0.00345 0.00391 -0.00097 -0.00045 2.04777587e+09
0.10716 0.00119 -5.37639 -0.00000 0.73242 0.89395 0.00345 0.00391 -0.00097 -0.00045 3.34714894e+09
0.10716 0.00119 5.71242 -0.58889 0.73242 0.89395 0.00345 0.00391 -0.00097 -0.00045 1.09508509e+09
0.10716 0.00119 5.04037 -0.58889 0.73242 0.89395 0.00345 0.00391 -0.00097 -0.00045 3.64603985e+09
0.10716 0.00119 4.36832 -0.58889 0.73242 0.89395 0.00345 0.00391 -0.00097 -0.00045 1.76945077e+09
0.10716 0.00119 3.69627 -0.58889 0.73242 0.89395 0.00345 0.00391 -0.00097 -0.00045 2.34490408e+09
0.10716 0.00119 3.02422 -0.58889 0.73242 0.89395 0.00345 0.00391 -0.00097 -0.00045 2.66964955e+09
0.10716 0.00119 2.35217 -0.58889 0.73242 0.89395 0.00345 0.00391 -0.00097 -0.00045 2.07519703e+09
0.10716 0.00119 1.68012 -0.58889 0.73242 0.89395 0.00345 0.00391 -0.00097 -0.00045 2.57759262e+09
0.10716 0.00119 1.00807 -0.58889 0.73242 0.89395 0.00345 0.00391 -0.00097 -0.00045 2.27791809e+09
0.10716 0.00119 0.33602 -0.58889 0.73242 0.89395 0.00345 0.00391 -0.00097 -0.00045 2.41306547e+09
0.10716 0.00119 -0.33602 -0.58889 0.73242 0.89395 0.00345 0.00391 -0.00097 -0.00045 2.41502408e+09
0.10716 0.00119 -1.00807 -0.58889 0.73242 0.89395 0.00345 0.00391 -0.00097 -0.00045 2.27576358e+09
0.10716 0.00119 -1.68012 -0.58889 0.73242 0.89395 0.00345 0.00391 -0.00097 -0.00045 2.58092233e+09
0.10716 0.00119 -2.35217 -0.58889 0.73242 0.89395 0.00345 0.00391 -0.00097 -0.00045 2.07754744e+09
0.10716 0.00119 -3.02422 -0.58889 0.73242 0.89395 0.00345 0.00391 -0.00097 -0.00045 2.67513378e+09
0.10716 0.00119 -3.69627 -0.58889 0.73242 0.89395 0.00345 0.00391 -0.00097 -0.00045 2.35117192e+09
0.10716 0.00119 -4.36832 -0.58889 0.73242 0.89395 0.00345 0.00391 -0.00097 -0.00045 1.76788376e+09
0.10716 0.00119 -5.04037 -0.58889 0.73242 0.89395 0.00345 0.00391 -0.00097 -0.00045 3.64271034e+09
0.10716 0.00119 -5.71242 -0.58889 0.73242 0.89395 0.00345 0.00391 -0.00097 -0.00045 1.09312648e+09
0.10716 0.00119 5.37639 -1.17778 0.73242 0.89395 0.00345 0.00391 -0.00097 -0.00045 3.90830427e+09
0.10716 0.00119 4.70434 -1.17778 0.73242 0.89395 0.00345 0.00391 -0.00097 -0.00045 3.38397175e+09
0.10716 0.00119 4.03229 -1.17778 0.73242 0.89395 0.00345 0.00391 -0.00097 -0.00045 3.73163345e+09
0.10716 0.00119 3.36025 -1.17778 0.73242 0.89395 0.00345 0.00391 -0.00097 -0.00045 3.35087026e+09
0.10716 0.00119 2.68820 -1.17778 0.73242 0.89395 0.00345 0.00391 -0.00097 -0.00045 3.41550603e+09
0.10716 0.00119 2.01615 -1.17778 0.73242 0.89395 0.00345 0.00391 -0.00097 -0.00045 3.54497328e+09
0.10716 0.00119 1.34410 -1.17778 0.73242 0.89395 0.00345 0.00391 -0.00097 -0.00045 3.38847647e+09
0.10716 0.00119 0.67205 -1.17778 0.73242 0.89395 0.00345 0.00391 -0.00097 -0.00045 3.41883575e+09
0.10716 0.00119 -0.00000 -1.17778 0.73242 0.89395 0.00345 0.00391 -0.00097 -0.00045 3.49776950e+09
0.10716 0.00119 -0.67205 -1.17778 0.73242 0.89395 0.00345 0.00391 -0.00097 -0.00045 3.42040276e+09
0.10716 0.00119 -1.34410 -1.17778 0.73242 0.89395 0.00345 0.00391 -0.00097 -0.00045 3.38651786e+09
0.10716 0.00119 -2.01615 -1.17778 0.73242 0.89395 0.00345 0.00391 -0.00097 -0.00045 3.54693189e+09
0.10716 0.00119 -2.68820 -1.17778 0.73242 0.89395 0.00345 0.00391 -0.00097 -0.00045 3.41511423e+09
0.10716 0.00119 -3.36025 -1.17778 0.73242 0.89395 0.00345 0.00391 -0.00097 -0.00045 3.35126206e+09
0.10716 0.00119 -4.03229 -1.17778 0.73242 0.89395 0.00345 0.00391 -0.00097 -0.00045 3.72673672e+09
0.10716 0.00119 -4.70434 -1.17778 0.73242 0.89395 0.00345 0.00391 -0.00097 -0.00045 3.39670292e+09
0.10716 0.00119 -5.37639 -1.17778 0.73242 0.89395 0.00345 0.00391 -0.00097 -0.00045 3.89851081e+09
0.10716 0.00119 5.04037 -1.76667 0.73242 0.89395 0.00345 0.00391 -0.00097 -0.00045 2.76268558e+09
0.10716 0.00119 4.36832 -1.76667 0.73242 0.89395 0.00345 0.00391 -0.00097 -0.00045 2.65868088e+09
0.10716 0.00119 3.69627 -1.76667 0.73242 0.89395 0.00345 0.00391 -0.00097 -0.00045 2.20564358e+09
0.10716 0.00119 3.02422 -1.76667 0.73242 0.89395 0.00345 0.00391 -0.00097 -0.00045 2.56270673e+09
0.10716 0.00119 2.35217 -1.76667 0.73242 0.89395 0.00345 0.00391 -0.00097 -0.00045 2.55506798e+09
0.10716 0.00119 1.68012 -1.76667 0.73242 0.89395 0.00345 0.00391 -0.00097 -0.00045 2.42148762e+09
0.10716 0.00119 1.00807 -1.76667 0.73242 0.89395 0.00345 0.00391 -0.00097 -0.00045 2.59169490e+09
0.10716 0.00119 0.33602 -1.76667 0.73242 0.89395 0.00345 0.00391 -0.00097 -0.00045 2.48142256e+09
0.10716 0.00119 -0.33602 -1.76667 0.73242 0.89395 0.00345 0.00391 -0.00097 -0.00045 2.48063916e+09
0.10716 0.00119 -1.00807 -1.76667 0.73242 0.89395 0.00345 0.00391 -0.00097 -0.00045 2.58621066e+09
0.10716 0.00119 -1.68012 -1.76667 0.73242 0.89395 0.00345 0.00391 -0.00097 -0.00045 2.41306547e+09
0.10716 0.00119 -2.35217 -1.76667 0.73242 0.89395 0.00345 0.00391 -0.00097 -0.00045 2.55075896e+09
0.10716 0.00119 -3.02422 -1.76667 0.73242 0.89395 0.00345 0.00391 -0.00097 -0.00045 2.55683090e+09
0.10716 0.00119 -3.69627 -1.76667 0.73242 0.89395 0.00345 0.00391 -0.00097 -0.00045 2.20270566e+09
0.10716 0.00119 -4.36832 -1.76667 0.73242 0.89395 0.00345 0.00391 -0.00097 -0.00045 2.66416531e+09
0.10716 0.00119 -5.04037 -1.76667 0.73242 0.89395 0.00345 0.00391 -0.00097 -0.00045 2.75191302e+09
0.10390 0.00117 5.46701 1.19806 0.74094 0.89939 0.00360 0.00401 -0.00100 -0.00050 8.07236735e+08
0.10390 0.00117 4.78364 1.19806 0.74094 0.89939 0.00360 0.00401 -0.00100 -0.00050 1.62098808e+09
0.10390 0.00117 4.10026 1.19806 0.74094 0.89939 0.00360 0.00401 -0.00100 -0.00050 1.78634427e+09
0.10390 0.00117 3.41688 1.19806 0.74094 0.89939 0.00360 0.00401 -0.00100 -0.00050 1.50583279e+09
0.10390 0.00117 2.73351 1.19806 0.74094 0.89939 0.00360 0.00401 -0.00100 -0.00050 1.78040438e+09
0.10390 0.00117 2.05013 1.19806 0.74094 0.89939 0.00360 0.00401 -0.00100 -0.00050 1.57711026e+09
0.10390 0.00117 1.36675 1.19806 0.74094 0.89939 0.00360 0.00401 -0.00100 -0.00050 1.68211045e+09
0.10390 0.00117 0.68338 1.19806 0.74094 0.89939 0.00360 0.00401 -0.00100 -0.00050 1.74112506e+09
0.10390 0.00117 -0.00000 1.19806 0.74094 0.89939 0.00360 0.00401 -0.00100 -0.00050 1.59128914e+09
0.10390 0.00117 -0.68338 1.19806 0.74094 0.89939 0.00360 0.00401 -0.00100 -0.00050 1.74112506e+09
0.10390 0.00117 -1.36675 1.19806 0.74094 0.89939 0.00360 0.00401 -0.00100 -0.00050 1.68632576e+09
0.10390 0.00117 -2.05013 1.19806 0.74094 0.89939 0.00360 0.00401 -0.00100 -0.00050 1.58151722e+09
0.10390 0.00117 -2.73351 1.19806 0.74094 0.89939 0.00360 0.00401 -0.00100 -0.00050 1.78653571e+09
0.10390 0.00117 -3.41688 1.19806 0.74094 0.89939 0.00360 0.00401 -0.00100 -0.00050 1.50659916e+09
0.10390 0.00117 -4.10026 1.19806 0.74094 0.89939 0.00360 0.00401 -0.00100 -0.00050 1.79094267e+09
0.10390 0.00117 -4.78364 1.19806 0.74094 0.89939 0.00360 0.00401 -0.00100 -0.00050 1.62769424e+09
0.10390 0.00117 -5.46701 1.19806 0.74094 0.89939 0.00360 0.00401 -0.00100 -0.00050 8.07428327e+08
0.10390 0.00117 -5.80870 0.59903 0.74094 0.89939 0.00360 0.00401 -0.00100 -0.00050 5.56041071e+08
0.10390 0.00117 -5.12532 0.59903 0.74094 0.89939 0.00360 0.00401 -0.00100 -0.00050 2.03485740e+09
0.10390 0.00117 -4.44195 0.59903 0.74094 0.89939 0.00360 0.00401 -0.00100 -0.00050 8.98632832e+07
0.10390 0.00117 -3.75857 0.59903 0.74094 0.89939 0.00360 0.00401 -0.00100 -0.00050 9.54390220e+08
0.10390 0.00117 -3.07519 0.59903 0.74094 0.89939 0.00360 0.00401 -0.00100 -0.00050 7.59335190e+08
0.10390 0.00117 -2.39182 0.59903 0.74094 0.89939 0.00360 0.00401 -0.00100 -0.00050 6.11415238e+08
0.10390 0.00117 -1.70844 0.59903 0.74094 0.89939 0.00360 0.00401 -0.00100 -0.00050 7.92483033e+08
0.10390 0.00117 -1.02506 0.59903 0.74094 0.89939 0.00360 0.00401 -0.00100 -0.00050 6.59316784e+08
0.10390 0.00117 -0.34169 0.59903 0.74094 0.89939 0.00360 0.00401 -0.00100 -0.00050 7.10092403e+08
0.10390 0.00117 0.34169 0.59903 0.74094 0.89939 0.00360 0.00401 -0.00100 -0.00050 7.13158118e+08
0.10390 0.00117 1.02506 0.59903 0.74094 0.89939 0.00360 0.00401 -0.00100 -0.00050 6.57783951e+08
0.10390 0.00117 1.70844 0.59903 0.74094 0.89939 0.00360 0.00401 -0.00100 -0.00050 7.95165515e+08
0.10390 0.00117 2.39182 0.59903 0.74094 0.89939 0.00360 0.00401 -0.00100 -0.00050 6.14289312e+08
0.10390 0.00117 3.07519 0.59903 0.74094 0.89939 0.00360 0.00401 -0.00100 -0.00050 7.63358913e+08
0.10390 0.00117 3.75857 0.59903 0.74094 0.89939 0.00360 0.00401 -0.00100 -0.00050 9.56881161e+08
0.10390 0.00117 4.44195 0.59903 0.74094 0.89939 0.00360 0.00401 -0.00100 -0.00050 9.61862867e+07
0.10390 0.00117 5.12532 0.59903 0.74094 0.89939 0.00360 0.00401 -0.00100 -0.00050 2.03447412e+09
0.10390 0.00117 5.80870 0.59903 0.74094 0.89939 0.00360 0.00401 -0.00100 -0.00050 5.57382312e+08
0.10390 0.00117 5.46701 -0.00000 0.74094 0.89939 0.00360 0.00401 -0.00100 -0.00050 1.44911739e+09
0.10390 0.00117 4.78364 -0.00000 0.74094 0.89939 0.00360 0.00401 -0.00100 -0.00050 5.44161493e+08
0.10390 0.00117 4.10026 -0.00000 0.74094 0.89939 0.00360 0.00401 -0.00100 -0.00050 1.81316909e+09
0.10390 0.00117 3.41688 -0.00000 0.74094 0.89939 0.00360 0.00401 -0.00100 -0.00050 7.74855308e+08
0.10390 0.00117 2.73351 -0.00000 0.74094 0.89939 0.00360 0.00401 -0.00100 -0.00050 1.42727424e+09
0.10390 0.00117 2.05013 -0.00000 0.74094 0.89939 0.00360 0.00401 -0.00100 -0.00050 1.17262968e+09
0.10390 0.00117 1.36675 -0.00000 0.74094 0.89939 0.00360 0.00401 -0.00100 -0.00050 1.19600566e+09
0.10390 0.00117 0.68338 -0.00000 0.74094 0.89939 0.00360 0.00401 -0.00100 -0.00050 1.29794008e+09
0.10390 0.00117 -0.00000 -0.00000 0.74094 0.89939 0.00360 0.00401 -0.00100 -0.00050 1.15902563e+09
0.10390 0.00117 -0.68338 -0.00000 0.74094 0.89939 0.00360 0.00401 -0.00100 -0.00050 1.29755689e+09
0.10390 0.00117 -1.36675 -0.00000 0.74094 0.89939 0.00360 0.00401 -0.00100 -0.00050 1.19428118e+09
0.10390 0.00117 -2.05013 -0.00000 0.74094 0.89939 0.00360 0.00401 -0.00100 -0.00050 1.17358769e+09
0.10390 0.00117 -2.73351 -0.00000 0.74094 0.89939 0.00360 0.00401 -0.00100 -0.00050 1.43072319e+09
0.10390 0.00117 -3.41688 -0.00000 0.74094 0.89939 0.00360 0.00401 -0.00100 -0.00050 7.74472075e+08
0.10390 0.00117 -4.10026 -0.00000 0.74094 0.89939 0.00360 0.00401 -0.00100 -0.00050 1.81757605e+09
0.10390 0.00117 -4.78364 -0.00000 0.74094 0.89939 0.00360 0.00401 -0.00100 -0.00050 5.45502734e+08
0.10390 0.00117 -5.46701 -0.00000 0.74094 0.89939 0.00360 0.00401 -0.00100 -0.00050 1.44681809e+09
0.10390 0.00117 -5.80870 -0.59903 0.74094 0.89939 0.00360 0.00401 -0.00100 -0.00050 4.52573717e+08
0.10390 0.00117 -5.12532 -0.59903 0.74094 0.89939 0.00360 0.00401 -0.00100 -0.00050 1.60910851e+09
0.10390 0.00117 -4.44195 -0.59903 0.74094 0.89939 0.00360 0.00401 -0.00100 -0.00050 5.59298378e+08
0.10390 0.00117 -3.75857 -0.59903 0.74094 0.89939 0.00360 0.00401 -0.00100 -0.00050 1.02106919e+09
0.10390 0.00117 -3.07519 -0.59903 0.74094 0.89939 0.00360 0.00401 -0.00100 -0.00050 8.94225964e+08
0.10390 0.00117 -2.39182 -0.59903 0.74094 0.89939 0.00360 0.00401 -0.00100 -0.00050 8.49964858e+08
0.10390 0.00117 -1.70844 -0.59903 0.74094 0.89939 0.00360 0.00401 -0.00100 -0.00050 9.46534415e+08
0.10390 0.00117 -1.02506 -0.59903 0.74094 0.89939 0.00360 0.00401 -0.00100 -0.00050 8.68742333e+08
0.10390 0.00117 -0.34169 -0.59903 0.74094 0.89939 0.00360 0.00401 -0.00100 -0.00050 8.99207644e+08
0.10390 0.00117 0.34169 -0.59903 0.74094 0.89939 0.00360 0.00401 -0.00100 -0.00050 9.00357294e+08
0.10390 0.00117 1.02506 -0.59903 0.74094 0.89939 0.00360 0.00401 -0.00100 -0.00050 8.69125516e+08
0.10390 0.00117 1.70844 -0.59903 0.74094 0.89939 0.00360 0.00401 -0.00100 -0.00050 9.54390220e+08
0.10390 0.00117 2.39182 -0.59903 0.74094 0.89939 0.00360 0.00401 -0.00100 -0.00050 8.45941185e+08
0.10390 0.00117 3.07519 -0.59903 0.74094 0.89939 0.00360 0.00401 -0.00100 -0.00050 9.04572609e+08
0.10390 0.00117 3.75857 -0.59903 0.74094 0.89939 0.00360 0.00401 -0.00100 -0.00050 1.01762024e+09
0.10390 0.00117 4.44195 -0.59903 0.74094 0.89939 0.00360 0.00401 -0.00100 -0.00050 5.67345824e+08
0.10390 0.00117 5.12532 -0.59903 0.74094 0.89939 0.00360 0.00401 -0.00100 -0.00050 1.60336026e+09
0.10390 0.00117 5.80870 -0.59903 0.74094 0.89939 0.00360 0.00401 -0.00100 -0.00050 4.54106600e+08
0.10390 0.00117 5.46701 -1.19806 0.74094 0.89939 0.00360 0.00401 -0.00100 -0.00050 1.61409029e+09
0.10390 0.00117 4.78364 -1.19806 0.74094 0.89939 0.00360 0.00401 -0.00100 -0.00050 9.10320856e+08
0.10390 0.00117 4.10026 -1.19806 0.74094 0.89939 0.00360 0.00401 -0.00100 -0.00050 1.14043980e+09
0.10390 0.00117 3.41688 -1.19806 0.74094 0.89939 0.00360 0.00401 -0.00100 -0.00050 1.10135221e+09
0.10390 0.00117 2.73351 -1.19806 0.74094 0.89939 0.00360 0.00401 -0.00100 -0.00050 1.10077739e+09
0.10390 0.00117 2.05013 -1.19806 0.74094 0.89939 0.00360 0.00401 -0.00100 -0.00050 1.07567694e+09
0.10390 0.00117 1.36675 -1.19806 0.74094 0.89939 0.00360 0.00401 -0.00100 -0.00050 1.06897069e+09
0.10390 0.00117 0.68338 -1.19806 0.74094 0.89939 0.00360 0.00401 -0.00100 -0.00050 1.11514781e+09
0.10390 0.00117 -0.00000 -1.19806 0.74094 0.89939 0.00360 0.00401 -0.00100 -0.00050 1.04367870e+09
0.10390 0.00117 -0.68338 -1.19806 0.74094 0.89939 0.00360 0.00401 -0.00100 -0.00050 1.11591427e+09
0.10390 0.00117 -1.36675 -1.19806 0.74094 0.89939 0.00360 0.00401 -0.00100 -0.00050 1.07586858e+09
0.10390 0.00117 -2.05013 -1.19806 0.74094 0.89939 0.00360 0.00401 -0.00100 -0.00050 1.07471893e+09
0.10390 0.00117 -2.73351 -1.19806 0.74094 0.89939 0.00360 0.00401 -0.00100 -0.00050 1.10173540e+09
0.10390 0.00117 -3.41688 -1.19806 0.74094 0.89939 0.00360 0.00401 -0.00100 -0.00050 1.10269340e+09
0.10390 0.00117 -4.10026 -1.19806 0.74094 0.89939 0.00360 0.00401 -0.00100 -0.00050 1.13660766e+09
0.10390 0.00117 -4.78364 -1.19806 0.74094 0.89939 0.00360 0.00401 -0.00100 -0.00050 9.13194880e+08
0.10390 0.00117 -5.46701 -1.19806 0.74094 0.89939 0.00360 0.00401 -0.00100 -0.00050 1.61044970e+09
0.10390 0.00117 -5.12532 -1.79710 0.74094 0.89939 0.00360 0.00401 -0.00100 -0.00050 1.33070479e+09
0.10390 0.00117 -4.44195 -1.79710 0.74094 0.89939 0.00360 0.00401 -0.00100 -0.00050 1.31001130e+09
0.10390 0.00117 -3.75857 -1.79710 0.74094 0.89939 0.00360 0.00401 -0.00100 -0.00050 1.15078654e+09
0.10390 0.00117 -3.07519 -1.79710 0.74094 0.89939 0.00360 0.00401 -0.00100 -0.00050 1.30407151e+09
0.10390 0.00117 -2.39182 -1.79710 0.74094 0.89939 0.00360 0.00401 -0.00100 -0.00050 1.31556790e+09
0.10390 0.00117 -1.70844 -1.79710 0.74094 0.89939 0.00360 0.00401 -0.00100 -0.00050 1.20788523e+09
0.10390 0.00117 -1.02506 -1.79710 0.74094 0.89939 0.00360 0.00401 -0.00100 -0.00050 1.36979237e+09
0.10390 0.00117 -0.34169 -1.79710 0.74094 0.89939 0.00360 0.00401 -0.00100 -0.00050 1.26364263e+09
0.10390 0.00117 0.34169 -1.79710 0.74094 0.89939 0.00360 0.00401 -0.00100 -0.00050 1.26287617e+09
0.10390 0.00117 1.02506 -1.79710 0.74094 0.89939 0.00360 0.00401 -0.00100 -0.00050 1.37017565e+09
0.10390 0.00117 1.70844 -1.79710 0.74094 0.89939 0.00360 0.00401 -0.00100 -0.00050 1.20635230e+09
0.10390 0.00117 2.39182 -1.79710 0.74094 0.89939 0.00360 0.00401 -0.00100 -0.00050 1.31384343e+09
0.10390 0.00117 3.07519 -1.79710 0.74094 0.89939 0.00360 0.00401 -0.00100 -0.00050 1.30081420e+09
0.10390 0.00117 3.75857 -1.79710 0.74094 0.89939 0.00360 0.00401 -0.00100 -0.00050 1.14906207e+09
0.10390 0.00117 4.44195 -1.79710 0.74094 0.89939 0.00360 0.00401 -0.00100 -0.00050 1.30732881e+09
0.10390 0.00117 5.12532 -1.79710 0.74094 0.89939 0.00360 0.00401 -0.00100 -0.00050 1.33511164e+09
0.10064 0.00115 -5.55857 1.21857 0.74886 0.90566 0.00370 0.00410 -0.00104 -0.00055 3.50899172e+08
0.10064 0.00115 -4.86375 1.21857 0.74886 0.90566 0.00370 0.00410 -0.00104 -0.00055 1.05251019e+09
0.10064 0.00115 -4.16893 1.21857 0.74886 0.90566 0.00370 0.00410 -0.00104 -0.00055 1.04351757e+09
0.10064 0.00115 -3.47411 1.21857 0.74886 0.90566 0.00370 0.00410 -0.00104 -0.00055 8.79777057e+08
0.10064 0.00115 -2.77929 1.21857 0.74886 0.90566 0.00370 0.00410 -0.00104 -0.00055 1.10234416e+09
0.10064 0.00115 -2.08446 1.21857 0.74886 0.90566 0.00370 0.00410 -0.00104 -0.00055 9.68953843e+08
0.10064 0.00115 -1.38964 1.21857 0.74886 0.90566 0.00370 0.00410 -0.00104 -0.00055 9.83566799e+08
0.10064 0.00115 -0.69482 1.21857 0.74886 0.90566 0.00370 0.00410 -0.00104 -0.00055 1.05550769e+09
0.10064 0.00115 -0.00000 1.21857 0.74886 0.90566 0.00370 0.00410 -0.00104 -0.00055 9.49657151e+08
0.10064 0.00115 0.69482 1.21857 0.74886 0.90566 0.00370 0.00410 -0.00104 -0.00055 1.05457098e+09
0.10064 0.00115 1.38964 1.21857 0.74886 0.90566 0.00370 0.00410 -0.00104 -0.00055 9.86377021e+08
0.10064 0.00115 2.08446 1.21857 0.74886 0.90566 0.00370 0.00410 -0.00104 -0.00055 9.70827258e+08
0.10064 0.00115 2.77929 1.21857 0.74886 0.90566 0.00370 0.00410 -0.00104 -0.00055 1.10459234e+09
0.10064 0.00115 3.47411 1.21857 0.74886 0.90566 0.00370 0.00410 -0.00104 -0.00055 8.81463190e+08
0.10064 0.00115 4.16893 1.21857 0.74886 0.90566 0.00370 0.00410 -0.00104 -0.00055 1.04314281e+09
0.10064 0.00115 4.86375 1.21857 0.74886 0.90566 0.00370 0.00410 -0.00104 -0.00055 1.05194814e+09
0.10064 0.00115 5.55857 1.21857 0.74886 0.90566 0.00370 0.00410 -0.00104 -0.00055 3.51273860e+08
0.10064 0.00115 5.90598 0.60929 0.74886 0.90566 0.00370 0.00410 -0.00104 -0.00055 2.04207207e+08
0.10064 0.00115 5.21116 0.60929 0.74886 0.90566 0.00370 0.00410 -0.00104 -0.00055 1.56752449e+09
0.10064 0.00115 4.51634 0.60929 0.74886 0.90566 0.00370 0.00410 -0.00104 -0.00055 3.97173649e+08
0.10064 0.00115 3.82152 0.60929 0.74886 0.90566 0.00370 0.00410 -0.00104 -0.00055 8.94015350e+08
0.10064 0.00115 3.12670 0.60929 0.74886 0.90566 0.00370 0.00410 -0.00104 -0.00055 7.58376853e+08
0.10064 0.00115 2.43187 0.60929 0.74886 0.90566 0.00370 0.00410 -0.00104 -0.00055 6.50465518e+08
0.10064 0.00115 1.73705 0.60929 0.74886 0.90566 0.00370 0.00410 -0.00104 -0.00055 8.53923312e+08
0.10064 0.00115 1.04223 0.60929 0.74886 0.90566 0.00370 0.00410 -0.00104 -0.00055 6.93742441e+08
0.10064 0.00115 0.34741 0.60929 0.74886 0.90566 0.00370 0.00410 -0.00104 -0.00055 7.67931509e+08
0.10064 0.00115 -0.34741 0.60929 0.74886 0.90566 0.00370 0.00410 -0.00104 -0.00055 7.68493504e+08
0.10064 0.00115 -1.04223 0.60929 0.74886 0.90566 0.00370 0.00410 -0.00104 -0.00055 6.93929773e+08
0.10064 0.00115 -1.73705 0.60929 0.74886 0.90566 0.00370 0.00410 -0.00104 -0.00055 8.57295578e+08
0.10064 0.00115 -2.43187 0.60929 0.74886 0.90566 0.00370 0.00410 -0.00104 -0.00055 6.48966766e+08
0.10064 0.00115 -3.12670 0.60929 0.74886 0.90566 0.00370 0.00410 -0.00104 -0.00055 7.57627477e+08
0.10064 0.00115 -3.82152 0.60929 0.74886 0.90566 0.00370 0.00410 -0.00104 -0.00055 8.92141934e+08
0.10064 0.00115 -4.51634 0.60929 0.74886 0.90566 0.00370 0.00410 -0.00104 -0.00055 3.93614076e+08
0.10064 0.00115 -5.21116 0.60929 0.74886 0.90566 0.00370 0.00410 -0.00104 -0.00055 1.56696244e+09
0.10064 0.00115 -5.90598 0.60929 0.74886 0.90566 0.00370 0.00410 -0.00104 -0.00055 2.04394551e+08
0.10064 0.00115 -5.55857 0.00000 0.74886 0.90566 0.00370 0.00410 -0.00104 -0.00055 7.45262600e+08
0.10064 0.00115 -4.86375 0.00000 0.74886 0.90566 0.00370 0.00410 -0.00104 -0.00055 5.47612532e+08
0.10064 0.00115 -4.16893 0.00000 0.74886 0.90566 0.00370 0.00410 -0.00104 -0.00055 1.16435573e+09
0.10064 0.00115 -3.47411 0.00000 0.74886 0.90566 0.00370 0.00410 -0.00104 -0.00055 5.52108838e+08
0.10064 0.00115 -2.77929 0.00000 0.74886 0.90566 0.00370 0.00410 -0.00104 -0.00055 1.04726450e+09
0.10064 0.00115 -2.08446 0.00000 0.74886 0.90566 0.00370 0.00410 -0.00104 -0.00055 7.48634866e+08
0.10064 0.00115 -1.38964 0.00000 0.74886 0.90566 0.00370 0.00410 -0.00104 -0.00055 8.57108197e+08
0.10064 0.00115 -0.69482 0.00000 0.74886 0.90566 0.00370 0.00410 -0.00104 -0.00055 8.45305364e+08
0.10064 0.00115 -0.00000 0.00000 0.74886 0.90566 0.00370 0.00410 -0.00104 -0.00055 8.36125470e+08
0.10064 0.00115 0.69482 0.00000 0.74886 0.90566 0.00370 0.00410 -0.00104 -0.00055 8.44743418e+08
0.10064 0.00115 1.38964 0.00000 0.74886 0.90566 0.00370 0.00410 -0.00104 -0.00055 8.56358870e+08
0.10064 0.00115 2.08446 0.00000 0.74886 0.90566 0.00370 0.00410 -0.00104 -0.00055 7.49384242e+08
0.10064 0.00115 2.77929 0.00000 0.74886 0.90566 0.00370 0.00410 -0.00104 -0.00055 1.04614041e+09
0.10064 0.00115 3.47411 0.00000 0.74886 0.90566 0.00370 0.00410 -0.00104 -0.00055 5.53794922e+08
0.10064 0.00115 4.16893 0.00000 0.74886 0.90566 0.00370 0.00410 -0.00104 -0.00055 1.16079618e+09
0.10064 0.00115 4.86375 0.00000 0.74886 0.90566 0.00370 0.00410 -0.00104 -0.00055 5.46301112e+08
0.10064 0.00115 5.55857 0.00000 0.74886 0.90566 0.00370 0.00410 -0.00104 -0.00055 7.46574020e+08
0.10064 0.00115 5.90598 -0.60929 0.74886 0.90566 0.00370 0.00410 -0.00104 -0.00055 1.42945036e+08
0.10064 0.00115 5.21116 -0.60929 0.74886 0.90566 0.00370 0.00410 -0.00104 -0.00055 1.21269106e+09
0.10064 0.00115 4.51634 -0.60929 0.74886 0.90566 0.00370 0.00410 -0.00104 -0.00055 4.32207338e+08
0.10064 0.00115 3.82152 -0.60929 0.74886 0.90566 0.00370 0.00410 -0.00104 -0.00055 7.94909343e+08
0.10064 0.00115 3.12670 -0.60929 0.74886 0.90566 0.00370 0.00410 -0.00104 -0.00055 7.12664421e+08
0.10064 0.00115 2.43187 -0.60929 0.74886 0.90566 0.00370 0.00410 -0.00104 -0.00055 6.54212447e+08
0.10064 0.00115 1.73705 -0.60929 0.74886 0.90566 0.00370 0.00410 -0.00104 -0.00055 7.55379300e+08
0.10064 0.00115 1.04223 -0.60929 0.74886 0.90566 0.00370 0.00410 -0.00104 -0.00055 6.67139320e+08
0.10064 0.00115 0.34741 -0.60929 0.74886 0.90566 0.00370 0.00410 -0.00104 -0.00055 7.11353000e+08
0.10064 0.00115 -0.34741 -0.60929 0.74886 0.90566 0.00370 0.00410 -0.00104 -0.00055 7.12477040e+08
0.10064 0.00115 -1.04223 -0.60929 0.74886 0.90566 0.00370 0.00410 -0.00104 -0.00055 6.67326652e+08
0.10064 0.00115 -1.73705 -0.60929 0.74886 0.90566 0.00370 0.00410 -0.00104 -0.00055 7.58564185e+08
0.10064 0.00115 -2.43187 -0.60929 0.74886 0.90566 0.00370 0.00410 -0.00104 -0.00055 6.54774492e+08
0.10064 0.00115 -3.12670 -0.60929 0.74886 0.90566 0.00370 0.00410 -0.00104 -0.00055 7.11914996e+08
0.10064 0.00115 -3.82152 -0.60929 0.74886 0.90566 0.00370 0.00410 -0.00104 -0.00055 7.95658719e+08
0.10064 0.00115 -4.51634 -0.60929 0.74886 0.90566 0.00370 0.00410 -0.00104 -0.00055 4.30146541e+08
0.10064 0.00115 -5.21116 -0.60929 0.74886 0.90566 0.00370 0.00410 -0.00104 -0.00055 1.21100492e+09
0.10064 0.00115 -5.90598 -0.60929 0.74886 0.90566 0.00370 0.00410 -0.00104 -0.00055 1.43132392e+08
0.10064 0.00115 -5.55857 -1.21857 0.74886 0.90566 0.00370 0.00410 -0.00104 -0.00055 8.16454114e+08
0.10064 0.00115 -4.86375 -1.21857 0.74886 0.90566 0.00370 0.00410 -0.00104 -0.00055 1.06206484e+09
0.10064 0.00115 -4.16893 -1.21857 0.74886 0.90566 0.00370 0.00410 -0.00104 -0.00055 8.83336704e+08
0.10064 0.00115 -3.47411 -1.21857 0.74886 0.90566 0.00370 0.00410 -0.00104 -0.00055 9.63895444e+08
0.10064 0.00115 -2.77929 -1.21857 0.74886 0.90566 0.00370 0.00410 -0.00104 -0.00055 8.96076146e+08
0.10064 0.00115 -2.08446 -1.21857 0.74886 0.90566 0.00370 0.00410 -0.00104 -0.00055 9.62958736e+08
0.10064 0.00115 -1.38964 -1.21857 0.74886 0.90566 0.00370 0.00410 -0.00104 -0.00055 9.34107486e+08
0.10064 0.00115 -0.69482 -1.21857 0.74886 0.90566 0.00370 0.00410 -0.00104 -0.00055 9.50781239e+08
0.10064 0.00115 -0.00000 -1.21857 0.74886 0.90566 0.00370 0.00410 -0.00104 -0.00055 9.37292371e+08
0.10064 0.00115 0.69482 -1.21857 0.74886 0.90566 0.00370 0.00410 -0.00104 -0.00055 9.50781239e+08
0.10064 0.00115 1.38964 -1.21857 0.74886 0.90566 0.00370 0.00410 -0.00104 -0.00055 9.32796017e+08
0.10064 0.00115 2.08446 -1.21857 0.74886 0.90566 0.00370 0.00410 -0.00104 -0.00055 9.63708161e+08
0.10064 0.00115 2.77929 -1.21857 0.74886 0.90566 0.00370 0.00410 -0.00104 -0.00055 8.97012952e+08
0.10064 0.00115 3.47411 -1.21857 0.74886 0.90566 0.00370 0.00410 -0.00104 -0.00055 9.65206913e+08
0.10064 0.00115 4.16893 -1.21857 0.74886 0.90566 0.00370 0.00410 -0.00104 -0.00055 8.84648075e+08
0.10064 0.00115 4.86375 -1.21857 0.74886 0.90566 0.00370 0.00410 -0.00104 -0.00055 1.06037871e+09
0.10064 0.00115 5.55857 -1.21857 0.74886 0.90566 0.00370 0.00410 -0.00104 -0.00055 8.18140247e+08
0.10064 0.00115 5.21116 -1.82786 0.74886 0.90566 0.00370 0.00410 -0.00104 -0.00055 6.87372671e+08
0.10064 0.00115 4.51634 -1.82786 0.74886 0.90566 0.00370 0.00410 -0.00104 -0.00055 8.46991497e+08
0.10064 0.00115 3.82152 -1.82786 0.74886 0.90566 0.00370 0.00410 -0.00104 -0.00055 6.56273244e+08
0.10064 0.00115 3.12670 -1.82786 0.74886 0.90566 0.00370 0.00410 -0.00104 -0.00055 7.43389135e+08
0.10064 0.00115 2.43187 -1.82786 0.74886 0.90566 0.00370 0.00410 -0.00104 -0.00055 7.74113899e+08
0.10064 0.00115 1.73705 -1.82786 0.74886 0.90566 0.00370 0.00410 -0.00104 -0.00055 6.97114658e+08
0.10064 0.00115 1.04223 -1.82786 0.74886 0.90566 0.00370 0.00410 -0.00104 -0.00055 7.70179637e+08
0.10064 0.00115 0.34741 -1.82786 0.74886 0.90566 0.00370 0.00410 -0.00104 -0.00055 7.29150842e+08
0.10064 0.00115 -0.34741 -1.82786 0.74886 0.90566 0.00370 0.00410 -0.00104 -0.00055 7.29525555e+08
0.10064 0.00115 -1.04223 -1.82786 0.74886 0.90566 0.00370 0.00410 -0.00104 -0.00055 7.69055549e+08
0.10064 0.00115 -1.73705 -1.82786 0.74886 0.90566 0.00370 0.00410 -0.00104 -0.00055 6.94679198e+08
0.10064 0.00115 -2.43187 -1.82786 0.74886 0.90566 0.00370 0.00410 -0.00104 -0.00055 7.74113899e+08
0.10064 0.00115 -3.12670 -1.82786 0.74886 0.90566 0.00370 0.00410 -0.00104 -0.00055 7.43389135e+08
0.10064 0.00115 -3.82152 -1.82786 0.74886 0.90566 0.00370 0.00410 -0.00104 -0.00055 6.55523868e+08
0.10064 0.00115 -4.51634 -1.82786 0.74886 0.90566 0.00370 0.00410 -0.00104 -0.00055 8.48115585e+08
0.10064 0.00115 -5.21116 -1.82786 0.74886 0.90566 0.00370 0.00410 -0.00104 -0.00055 6.83251078e+08
0.09738 0.00112 -5.67172 1.24419 0.75600 0.91279 0.00374 0.00419 -0.00110 -0.00061 1.06431178e+08
0.09738 0.00112 -4.96276 1.24419 0.75600 0.91279 0.00374 0.00419 -0.00110 -0.00061 7.63520092e+08
0.09738 0.00112 -4.25379 1.24419 0.75600 0.91279 0.00374 0.00419 -0.00110 -0.00061 8.43022927e+08
0.09738 0.00112 -3.54483 1.24419 0.75600 0.91279 0.00374 0.00419 -0.00110 -0.00061 7.40805010e+08
0.09738 0.00112 -2.83586 1.24419 0.75600 0.91279 0.00374 0.00419 -0.00110 -0.00061 7.94295375e+08
0.09738 0.00112 -2.12690 1.24419 0.75600 0.91279 0.00374 0.00419 -0.00110 -0.00061 7.74694413e+08
0.09738 0.00112 -1.41793 1.24419 0.75600 0.91279 0.00374 0.00419 -0.00110 -0.00061 7.59306795e+08
0.09738 0.00112 -0.70897 1.24419 0.75600 0.91279 0.00374 0.00419 -0.00110 -0.00061 8.01806012e+08
0.09738 0.00112 -0.00000 1.24419 0.75600 0.91279 0.00374 0.00419 -0.00110 -0.00061 7.76709499e+08
0.09738 0.00112 0.70897 1.24419 0.75600 0.91279 0.00374 0.00419 -0.00110 -0.00061 8.02355529e+08
0.09738 0.00112 1.41793 1.24419 0.75600 0.91279 0.00374 0.00419 -0.00110 -0.00061 7.59123623e+08
0.09738 0.00112 2.12690 1.24419 0.75600 0.91279 0.00374 0.00419 -0.00110 -0.00061 7.75610370e+08
0.09738 0.00112 2.83586 1.24419 0.75600 0.91279 0.00374 0.00419 -0.00110 -0.00061 7.93196246e+08
0.09738 0.00112 3.54483 1.24419 0.75600 0.91279 0.00374 0.00419 -0.00110 -0.00061 7.37141278e+08
0.09738 0.00112 4.25379 1.24419 0.75600 0.91279 0.00374 0.00419 -0.00110 -0.00061 8.42106922e+08
0.09738 0.00112 4.96276 1.24419 0.75600 0.91279 0.00374 0.00419 -0.00110 -0.00061 7.63886437e+08
0.09738 0.00112 5.67172 1.24419 0.75600 0.91279 0.00374 0.00419 -0.00110 -0.00061 1.06980743e+08
0.09738 0.00112 6.02621 0.62209 0.75600 0.91279 0.00374 0.00419 -0.00110 -0.00061 3.93850342e+07
0.09738 0.00112 5.31724 0.62209 0.75600 0.91279 0.00374 0.00419 -0.00110 -0.00061 1.27424324e+09
0.09738 0.00112 4.60828 0.62209 0.75600 0.91279 0.00374 0.00419 -0.00110 -0.00061 4.44592890e+08
0.09738 0.00112 3.89931 0.62209 0.75600 0.91279 0.00374 0.00419 -0.00110 -0.00061 6.56356141e+08
0.09738 0.00112 3.19034 0.62209 0.75600 0.91279 0.00374 0.00419 -0.00110 -0.00061 6.30526892e+08
0.09738 0.00112 2.48138 0.62209 0.75600 0.91279 0.00374 0.00419 -0.00110 -0.00061 6.03964905e+08
0.09738 0.00112 1.77241 0.62209 0.75600 0.91279 0.00374 0.00419 -0.00110 -0.00061 6.52509237e+08
0.09738 0.00112 1.06345 0.62209 0.75600 0.91279 0.00374 0.00419 -0.00110 -0.00061 6.05430379e+08
0.09738 0.00112 0.35448 0.62209 0.75600 0.91279 0.00374 0.00419 -0.00110 -0.00061 6.54524275e+08
0.09738 0.00112 -0.35448 0.62209 0.75600 0.91279 0.00374 0.00419 -0.00110 -0.00061 6.52875629e+08
0.09738 0.00112 -1.06345 0.62209 0.75600 0.91279 0.00374 0.00419 -0.00110 -0.00061 6.05613551e+08
0.09738 0.00112 -1.77241 0.62209 0.75600 0.91279 0.00374 0.00419 -0.00110 -0.00061 6.52509237e+08
0.09738 0.00112 -2.48138 0.62209 0.75600 0.91279 0.00374 0.00419 -0.00110 -0.00061 6.04514470e+08
0.09738 0.00112 -3.19034 0.62209 0.75600 0.91279 0.00374 0.00419 -0.00110 -0.00061 6.30526892e+08
0.09738 0.00112 -3.89931 0.62209 0.75600 0.91279 0.00374 0.00419 -0.00110 -0.00061 6.54524275e+08
0.09738 0.00112 -4.60828 0.62209 0.75600 0.91279 0.00374 0.00419 -0.00110 -0.00061 4.43676981e+08
0.09738 0.00112 -5.31724 0.62209 0.75600 0.91279 0.00374 0.00419 -0.00110 -0.00061 1.27497593e+09
0.09738 0.00112 -6.02621 0.62209 0.75600 0.91279 0.00374 0.00419 -0.00110 -0.00061 3.99345928e+07
0.09738 0.00112 -5.67172 -0.00000 0.75600 0.91279 0.00374 0.00419 -0.00110 -0.00061 4.25175148e+08
0.09738 0.00112 -4.96276 -0.00000 0.75600 0.91279 0.00374 0.00419 -0.00110 -0.00061 5.99202044e+08
0.09738 0.00112 -4.25379 -0.00000 0.75600 0.91279 0.00374 0.00419 -0.00110 -0.00061 8.13346725e+08
0.09738 0.00112 -3.54483 -0.00000 0.75600 0.91279 0.00374 0.00419 -0.00110 -0.00061 6.18619786e+08
0.09738 0.00112 -2.83586 -0.00000 0.75600 0.91279 0.00374 0.00419 -0.00110 -0.00061 7.45201479e+08
0.09738 0.00112 -2.12690 -0.00000 0.75600 0.91279 0.00374 0.00419 -0.00110 -0.00061 6.65515472e+08
0.09738 0.00112 -1.41793 -0.00000 0.75600 0.91279 0.00374 0.00419 -0.00110 -0.00061 7.23951871e+08
0.09738 0.00112 -0.70897 -0.00000 0.75600 0.91279 0.00374 0.00419 -0.00110 -0.00061 6.98122621e+08
0.09738 0.00112 -0.00000 -0.00000 0.75600 0.91279 0.00374 0.00419 -0.00110 -0.00061 6.76873013e+08
0.09738 0.00112 0.70897 -0.00000 0.75600 0.91279 0.00374 0.00419 -0.00110 -0.00061 6.96290755e+08
0.09738 0.00112 1.41793 -0.00000 0.75600 0.91279 0.00374 0.00419 -0.00110 -0.00061 7.25966909e+08
0.09738 0.00112 2.12690 -0.00000 0.75600 0.91279 0.00374 0.00419 -0.00110 -0.00061 6.65881816e+08
0.09738 0.00112 2.83586 -0.00000 0.75600 0.91279 0.00374 0.00419 -0.00110 -0.00061 7.45934216e+08
0.09738 0.00112 3.54483 -0.00000 0.75600 0.91279 0.00374 0.00419 -0.00110 -0.00061 6.20085308e+08
0.09738 0.00112 4.25379 -0.00000 0.75600 0.91279 0.00374 0.00419 -0.00110 -0.00061 8.12247596e+08
0.09738 0.00112 4.96276 -0.00000 0.75600 0.91279 0.00374 0.00419 -0.00110 -0.00061 5.99018871e+08
0.09738 0.00112 5.67172 -0.00000 0.75600 0.91279 0.00374 0.00419 -0.00110 -0.00061 4.26640670e+08
0.09738 0.00112 6.02621 -0.62209 0.75600 0.91279 0.00374 0.00419 -0.00110 -0.00061 3.66372410e+07
0.09738 0.00112 5.31724 -0.62209 0.75600 0.91279 0.00374 0.00419 -0.00110 -0.00061 1.05735073e+09
0.09738 0.00112 4.60828 -0.62209 0.75600 0.91279 0.00374 0.00419 -0.00110 -0.00061 2.90166933e+08
0.09738 0.00112 3.89931 -0.62209 0.75600 0.91279 0.00374 0.00419 -0.00110 -0.00061 7.20104966e+08
0.09738 0.00112 3.19034 -0.62209 0.75600 0.91279 0.00374 0.00419 -0.00110 -0.00061 4.65292934e+08
0.09738 0.00112 2.48138 -0.62209 0.75600 0.91279 0.00374 0.00419 -0.00110 -0.00061 6.01583474e+08
0.09738 0.00112 1.77241 -0.62209 0.75600 0.91279 0.00374 0.00419 -0.00110 -0.00061 5.55603746e+08
0.09738 0.00112 1.06345 -0.62209 0.75600 0.91279 0.00374 0.00419 -0.00110 -0.00061 5.67144459e+08
0.09738 0.00112 0.35448 -0.62209 0.75600 0.91279 0.00374 0.00419 -0.00110 -0.00061 5.54138272e+08
0.09738 0.00112 -0.35448 -0.62209 0.75600 0.91279 0.00374 0.00419 -0.00110 -0.00061 5.53588707e+08
0.09738 0.00112 -1.06345 -0.62209 0.75600 0.91279 0.00374 0.00419 -0.00110 -0.00061 5.66778114e+08
0.09738 0.00112 -1.77241 -0.62209 0.75600 0.91279 0.00374 0.00419 -0.00110 -0.00061 5.54871009e+08
0.09738 0.00112 -2.48138 -0.62209 0.75600 0.91279 0.00374 0.00419 -0.00110 -0.00061 6.00301173e+08
0.09738 0.00112 -3.19034 -0.62209 0.75600 0.91279 0.00374 0.00419 -0.00110 -0.00061 4.66575235e+08
0.09738 0.00112 -3.89931 -0.62209 0.75600 0.91279 0.00374 0.00419 -0.00110 -0.00061 7.19738574e+08
0.09738 0.00112 -4.60828 -0.62209 0.75600 0.91279 0.00374 0.00419 -0.00110 -0.00061 2.87602330e+08
0.09738 0.00112 -5.31724 -0.62209 0.75600 0.91279 0.00374 0.00419 -0.00110 -0.00061 1.05991534e+09
0.09738 0.00112 -5.67172 -1.24419 0.75600 0.91279 0.00374 0.00419 -0.00110 -0.00061 3.94399889e+08
0.09738 0.00112 -4.96276 -1.24419 0.75600 0.91279 0.00374 0.00419 -0.00110 -0.00061 1.09673578e+09
0.09738 0.00112 -4.25379 -1.24419 0.75600 0.91279 0.00374 0.00419 -0.00110 -0.00061 6.35839318e+08
0.09738 0.00112 -3.54483 -1.24419 0.75600 0.91279 0.00374 0.00419 -0.00110 -0.00061 8.49251263e+08
0.09738 0.00112 -2.83586 -1.24419 0.75600 0.91279 0.00374 0.00419 -0.00110 -0.00061 7.78174973e+08
0.09738 0.00112 -2.12690 -1.24419 0.75600 0.91279 0.00374 0.00419 -0.00110 -0.00061 7.81289141e+08
0.09738 0.00112 -1.41793 -1.24419 0.75600 0.91279 0.00374 0.00419 -0.00110 -0.00061 7.96676758e+08
0.09738 0.00112 -0.70897 -1.24419 0.75600 0.91279 0.00374 0.00419 -0.00110 -0.00061 7.80556404e+08
0.09738 0.00112 -0.00000 -1.24419 0.75600 0.91279 0.00374 0.00419 -0.00110 -0.00061 8.28917563e+08
0.09738 0.00112 0.70897 -1.24419 0.75600 0.91279 0.00374 0.00419 -0.00110 -0.00061 7.81838705e+08
0.09738 0.00112 1.41793 -1.24419 0.75600 0.91279 0.00374 0.00419 -0.00110 -0.00061 7.95577677e+08
0.09738 0.00112 2.12690 -1.24419 0.75600 0.91279 0.00374 0.00419 -0.00110 -0.00061 7.81472313e+08
0.09738 0.00112 2.83586 -1.24419 0.75600 0.91279 0.00374 0.00419 -0.00110 -0.00061 7.79457274e+08
0.09738 0.00112 3.54483 -1.24419 0.75600 0.91279 0.00374 0.00419 -0.00110 -0.00061 8.51083081e+08
0.09738 0.00112 4.25379 -1.24419 0.75600 0.91279 0.00374 0.00419 -0.00110 -0.00061 6.35472925e+08
0.09738 0.00112 4.96276 -1.24419 0.75600 0.91279 0.00374 0.00419 -0.00110 -0.00061 1.09508709e+09
0.09738 0.00112 5.67172 -1.24419 0.75600 0.91279 0.00374 0.00419 -0.00110 -0.00061 3.95865386e+08
0.09738 0.00112 5.31724 -1.86628 0.75600 0.91279 0.00374 0.00419 -0.00110 -0.00061 3.40176762e+08
0.09738 0.00112 4.60828 -1.86628 0.75600 0.91279 0.00374 0.00419 -0.00110 -0.00061 6.40418959e+08
0.09738 0.00112 3.89931 -1.86628 0.75600 0.91279 0.00374 0.00419 -0.00110 -0.00061 5.55420573e+08
0.09738 0.00112 3.19034 -1.86628 0.75600 0.91279 0.00374 0.00419 -0.00110 -0.00061 5.23729333e+08
0.09738 0.00112 2.48138 -1.86628 0.75600 0.91279 0.00374 0.00419 -0.00110 -0.00061 5.66778114e+08
0.09738 0.00112 1.77241 -1.86628 0.75600 0.91279 0.00374 0.00419 -0.00110 -0.00061 5.30873625e+08
0.09738 0.00112 1.06345 -1.86628 0.75600 0.91279 0.00374 0.00419 -0.00110 -0.00061 5.55420573e+08
0.09738 0.00112 0.35448 -1.86628 0.75600 0.91279 0.00374 0.00419 -0.00110 -0.00061 5.52306406e+08
0.09738 0.00112 -0.35448 -1.86628 0.75600 0.91279 0.00374 0.00419 -0.00110 -0.00061 5.51756841e+08
0.09738 0.00112 -1.06345 -1.86628 0.75600 0.91279 0.00374 0.00419 -0.00110 -0.00061 5.55603746e+08
0.09738 0.00112 -1.77241 -1.86628 0.75600 0.91279 0.00374 0.00419 -0.00110 -0.00061 5.30690405e+08
0.09738 0.00112 -2.48138 -1.86628 0.75600 0.91279 0.00374 0.00419 -0.00110 -0.00061 5.68060416e+08
0.09738 0.00112 -3.19034 -1.86628 0.75600 0.91279 0.00374 0.00419 -0.00110 -0.00061 5.23546161e+08
0.09738 0.00112 -3.89931 -1.86628 0.75600 0.91279 0.00374 0.00419 -0.00110 -0.00061 5.55786918e+08
0.09738 0.00112 -4.60828 -1.86628 0.75600 0.91279 0.00374 0.00419 -0.00110 -0.00061 6.38587093e+08
0.09738 0.00112 -5.31724 -1.86628 0.75600 0.91279 0.00374 0.00419 -0.00110 -0.00061 3.35597121e+08
0.09411 0.00109 -5.06121 1.26975 0.76398 0.92277 0.00377 0.00431 -0.00116 -0.00066 5.12800993e+08
0.09411 0.00109 -4.33818 1.26975 0.76398 0.92277 0.00377 0.00431 -0.00116 -0.00066 6.20410409e+08
0.09411 0.00109 -3.61515 1.26975 0.76398 0.92277 0.00377 0.00431 -0.00116 -0.00066 5.78870647e+08
0.09411 0.00109 -2.89212 1.26975 0.76398 0.92277 0.00377 0.00431 -0.00116 -0.00066 5.89076550e+08
0.09411 0.00109 -2.16909 1.26975 0.76398 0.92277 0.00377 0.00431 -0.00116 -0.00066 5.70813374e+08
0.09411 0.00109 -1.44606 1.26975 0.76398 0.92277 0.00377 0.00431 -0.00116 -0.00066 6.01072917e+08
0.09411 0.00109 -0.72303 1.26975 0.76398 0.92277 0.00377 0.00431 -0.00116 -0.00066 5.76542979e+08
0.09411 0.00109 -0.00000 1.26975 0.76398 0.92277 0.00377 0.00431 -0.00116 -0.00066 5.71708653e+08
0.09411 0.00109 0.72303 1.26975 0.76398 0.92277 0.00377 0.00431 -0.00116 -0.00066 5.77080136e+08
0.09411 0.00109 1.44606 1.26975 0.76398 0.92277 0.00377 0.00431 -0.00116 -0.00066 6.00535759e+08
0.09411 0.00109 2.16909 1.26975 0.76398 0.92277 0.00377 0.00431 -0.00116 -0.00066 5.73320079e+08
0.09411 0.00109 2.89212 1.26975 0.76398 0.92277 0.00377 0.00431 -0.00116 -0.00066 5.88360356e+08
0.09411 0.00109 3.61515 1.26975 0.76398 0.92277 0.00377 0.00431 -0.00116 -0.00066 5.77080136e+08
0.09411 0.00109 4.33818 1.26975 0.76398 0.92277 0.00377 0.00431 -0.00116 -0.00066 6.20768483e+08
0.09411 0.00109 5.06121 1.26975 0.76398 0.92277 0.00377 0.00431 -0.00116 -0.00066 5.14054345e+08
0.09411 0.00109 5.42272 0.63487 0.76398 0.92277 0.00377 0.00431 -0.00116 -0.00066 8.98475995e+08
0.09411 0.00109 4.69969 0.63487 0.76398 0.92277 0.00377 0.00431 -0.00116 -0.00066 5.84063140e+08
0.09411 0.00109 3.97666 0.63487 0.76398 0.92277 0.00377 0.00431 -0.00116 -0.00066 5.25513555e+08
0.09411 0.00109 3.25363 0.63487 0.76398 0.92277 0.00377 0.00431 -0.00116 -0.00066 5.72782921e+08
0.09411 0.00109 2.53060 0.63487 0.76398 0.92277 0.00377 0.00431 -0.00116 -0.00066 5.61323712e+08
0.09411 0.00109 1.80757 0.63487 0.76398 0.92277 0.00377 0.00431 -0.00116 -0.00066 5.60428434e+08
0.09411 0.00109 1.08454 0.63487 0.76398 0.92277 0.00377 0.00431 -0.00116 -0.00066 5.64188491e+08
0.09411 0.00109 0.36151 0.63487 0.76398 0.92277 0.00377 0.00431 -0.00116 -0.00066 5.40553831e+08
0.09411 0.00109 -0.36151 0.63487 0.76398 0.92277 0.00377 0.00431 -0.00116 -0.00066 5.38584284e+08
0.09411 0.00109 -1.08454 0.63487 0.76398 0.92277 0.00377 0.00431 -0.00116 -0.00066 5.66516159e+08
0.09411 0.00109 -1.80757 0.63487 0.76398 0.92277 0.00377 0.00431 -0.00116 -0.00066 5.59354118e+08
0.09411 0.00109 -2.53060 0.63487 0.76398 0.92277 0.00377 0.00431 -0.00116 -0.00066 5.61502749e+08
0.09411 0.00109 -3.25363 0.63487 0.76398 0.92277 0.00377 0.00431 -0.00116 -0.00066 5.72603884e+08
0.09411 0.00109 -3.97666 0.63487 0.76398 0.92277 0.00377 0.00431 -0.00116 -0.00066 5.24081165e+08
0.09411 0.00109 -4.69969 0.63487 0.76398 0.92277 0.00377 0.00431 -0.00116 -0.00066 5.84600298e+08
0.09411 0.00109 -5.42272 0.63487 0.76398 0.92277 0.00377 0.00431 -0.00116 -0.00066 8.98834162e+08
0.09411 0.00109 -5.78424 -0.00000 0.76398 0.92277 0.00377 0.00431 -0.00116 -0.00066 1.70277145e+08
0.09411 0.00109 -5.06121 -0.00000 0.76398 0.92277 0.00377 0.00431 -0.00116 -0.00066 5.72603884e+08
0.09411 0.00109 -4.33818 -0.00000 0.76398 0.92277 0.00377 0.00431 -0.00116 -0.00066 4.85406229e+08
0.09411 0.00109 -3.61515 -0.00000 0.76398 0.92277 0.00377 0.00431 -0.00116 -0.00066 5.53624513e+08
0.09411 0.00109 -2.89212 -0.00000 0.76398 0.92277 0.00377 0.00431 -0.00116 -0.00066 5.34107985e+08
0.09411 0.00109 -2.16909 -0.00000 0.76398 0.92277 0.00377 0.00431 -0.00116 -0.00066 5.04743720e+08
0.09411 0.00109 -1.44606 -0.00000 0.76398 0.92277 0.00377 0.00431 -0.00116 -0.00066 5.38763321e+08
0.09411 0.00109 -0.72303 -0.00000 0.76398 0.92277 0.00377 0.00431 -0.00116 -0.00066 5.04564637e+08
0.09411 0.00109 -0.00000 -0.00000 0.76398 0.92277 0.00377 0.00431 -0.00116 -0.00066 5.70634337e+08
0.09411 0.00109 0.72303 -0.00000 0.76398 0.92277 0.00377 0.00431 -0.00116 -0.00066 5.04206563e+08
0.09411 0.00109 1.44606 -0.00000 0.76398 0.92277 0.00377 0.00431 -0.00116 -0.00066 5.41270026e+08
0.09411 0.00109 2.16909 -0.00000 0.76398 0.92277 0.00377 0.00431 -0.00116 -0.00066 5.02595089e+08
0.09411 0.00109 2.89212 -0.00000 0.76398 0.92277 0.00377 0.00431 -0.00116 -0.00066 5.36256616e+08
0.09411 0.00109 3.61515 -0.00000 0.76398 0.92277 0.00377 0.00431 -0.00116 -0.00066 5.52550198e+08
0.09411 0.00109 4.33818 -0.00000 0.76398 0.92277 0.00377 0.00431 -0.00116 -0.00066 4.83078561e+08
0.09411 0.00109 5.06121 -0.00000 0.76398 0.92277 0.00377 0.00431 -0.00116 -0.00066 5.74931552e+08
0.09411 0.00109 5.78424 -0.00000 0.76398 0.92277 0.00377 0.00431 -0.00116 -0.00066 1.70993339e+08
0.09411 0.00109 5.42272 -0.63487 0.76398 0.92277 0.00377 0.00431 -0.00116 -0.00066 7.26050277e+08
0.09411 0.00109 4.69969 -0.63487 0.76398 0.92277 0.00377 0.00431 -0.00116 -0.00066 3.11727136e+08
0.09411 0.00109 3.97666 -0.63487 0.76398 0.92277 0.00377 0.00431 -0.00116 -0.00066 5.70276216e+08
0.09411 0.00109 3.25363 -0.63487 0.76398 0.92277 0.00377 0.00431 -0.00116 -0.00066 3.46283894e+08
0.09411 0.00109 2.53060 -0.63487 0.76398 0.92277 0.00377 0.00431 -0.00116 -0.00066 5.05101794e+08
0.09411 0.00109 1.80757 -0.63487 0.76398 0.92277 0.00377 0.00431 -0.00116 -0.00066 4.07519198e+08
0.09411 0.00109 1.08454 -0.63487 0.76398 0.92277 0.00377 0.00431 -0.00116 -0.00066 4.51028507e+08
0.09411 0.00109 0.36151 -0.63487 0.76398 0.92277 0.00377 0.00431 -0.00116 -0.00066 4.38315899e+08
0.09411 0.00109 -0.36151 -0.63487 0.76398 0.92277 0.00377 0.00431 -0.00116 -0.00066 4.38315899e+08
0.09411 0.00109 -1.08454 -0.63487 0.76398 0.92277 0.00377 0.00431 -0.00116 -0.00066 4.50670434e+08
0.09411 0.00109 -1.80757 -0.63487 0.76398 0.92277 0.00377 0.00431 -0.00116 -0.00066 4.06982040e+08
0.09411 0.00109 -2.53060 -0.63487 0.76398 0.92277 0.00377 0.00431 -0.00116 -0.00066 5.05638952e+08
0.09411 0.00109 -3.25363 -0.63487 0.76398 0.92277 0.00377 0.00431 -0.00116 -0.00066 3.48790599e+08
0.09411 0.00109 -3.97666 -0.63487 0.76398 0.92277 0.00377 0.00431 -0.00116 -0.00066 5.70276216e+08
0.09411 0.00109 -4.69969 -0.63487 0.76398 0.92277 0.00377 0.00431 -0.00116 -0.00066 3.11727136e+08
0.09411 0.00109 -5.42272 -0.63487 0.76398 0.92277 0.00377 0.00431 -0.00116 -0.00066 7.27840788e+08
0.09411 0.00109 -5.78424 -1.26975 0.76398 0.92277 0.00377 0.00431 -0.00116 -0.00066 1.47358656e+08
0.09411 0.00109 -5.06121 -1.26975 0.76398 0.92277 0.00377 0.00431 -0.00116 -0.00066 9.62934269e+08
0.09411 0.00109 -4.33818 -1.26975 0.76398 0.92277 0.00377 0.00431 -0.00116 -0.00066 5.78691610e+08
0.09411 0.00109 -3.61515 -1.26975 0.76398 0.92277 0.00377 0.00431 -0.00116 -0.00066 6.95790734e+08
0.09411 0.00109 -2.89212 -1.26975 0.76398 0.92277 0.00377 0.00431 -0.00116 -0.00066 7.19246357e+08
0.09411 0.00109 -2.16909 -1.26975 0.76398 0.92277 0.00377 0.00431 -0.00116 -0.00066 6.47088931e+08
0.09411 0.00109 -1.44606 -1.26975 0.76398 0.92277 0.00377 0.00431 -0.00116 -0.00066 7.27482667e+08
0.09411 0.00109 -0.72303 -1.26975 0.76398 0.92277 0.00377 0.00431 -0.00116 -0.00066 6.54071935e+08
0.09411 0.00109 -0.00000 -1.26975 0.76398 0.92277 0.00377 0.00431 -0.00116 -0.00066 6.94895456e+08
0.09411 0.00109 0.72303 -1.26975 0.76398 0.92277 0.00377 0.00431 -0.00116 -0.00066 6.53534778e+08
0.09411 0.00109 1.44606 -1.26975 0.76398 0.92277 0.00377 0.00431 -0.00116 -0.00066 7.24975962e+08
0.09411 0.00109 2.16909 -1.26975 0.76398 0.92277 0.00377 0.00431 -0.00116 -0.00066 6.47268015e+08
0.09411 0.00109 2.89212 -1.26975 0.76398 0.92277 0.00377 0.00431 -0.00116 -0.00066 7.18709200e+08
0.09411 0.00109 3.61515 -1.26975 0.76398 0.92277 0.00377 0.00431 -0.00116 -0.00066 6.96685966e+08
0.09411 0.00109 4.33818 -1.26975 0.76398 0.92277 0.00377 0.00431 -0.00116 -0.00066 5.74573431e+08
0.09411 0.00109 5.06121 -1.26975 0.76398 0.92277 0.00377 0.00431 -0.00116 -0.00066 9.63829500e+08
0.09411 0.00109 5.78424 -1.26975 0.76398 0.92277 0.00377 0.00431 -0.00116 -0.00066 1.48791069e+08
0.09411 0.00109 5.42272 -1.90462 0.76398 0.92277 0.00377 0.00431 -0.00116 -0.00066 1.53625430e+08
0.09411 0.00109 4.69969 -1.90462 0.76398 0.92277 0.00377 0.00431 -0.00116 -0.00066 4.40822651e+08
0.09411 0.00109 3.97666 -1.90462 0.76398 0.92277 0.00377 0.00431 -0.00116 -0.00066 4.08414477e+08
0.09411 0.00109 3.25363 -1.90462 0.76398 0.92277 0.00377 0.00431 -0.00116 -0.00066 3.74932011e+08
0.09411 0.00109 2.53060 -1.90462 0.76398 0.92277 0.00377 0.00431 -0.00116 -0.00066 4.13786007e+08
0.09411 0.00109 1.80757 -1.90462 0.76398 0.92277 0.00377 0.00431 -0.00116 -0.00066 3.89614143e+08
0.09411 0.00109 1.08454 -1.90462 0.76398 0.92277 0.00377 0.00431 -0.00116 -0.00066 4.04833456e+08
0.09411 0.00109 0.36151 -1.90462 0.76398 0.92277 0.00377 0.00431 -0.00116 -0.00066 3.93016103e+08
0.09411 0.00109 -0.36151 -1.90462 0.76398 0.92277 0.00377 0.00431 -0.00116 -0.00066 3.93016103e+08
0.09411 0.00109 -1.08454 -1.90462 0.76398 0.92277 0.00377 0.00431 -0.00116 -0.00066 4.05370614e+08
0.09411 0.00109 -1.80757 -1.90462 0.76398 0.92277 0.00377 0.00431 -0.00116 -0.00066 3.89793203e+08
0.09411 0.00109 -2.53060 -1.90462 0.76398 0.92277 0.00377 0.00431 -0.00116 -0.00066 4.14860276e+08
0.09411 0.00109 -3.25363 -1.90462 0.76398 0.92277 0.00377 0.00431 -0.00116 -0.00066 3.74215792e+08
0.09411 0.00109 -3.97666 -1.90462 0.76398 0.92277 0.00377 0.00431 -0.00116 -0.00066 4.08772551e+08
0.09411 0.00109 -4.69969 -1.90462 0.76398 0.92277 0.00377 0.00431 -0.00116 -0.00066 4.37778788e+08
0.09411 0.00109 -5.42272 -1.90462 0.76398 0.92277 0.00377 0.00431 -0.00116 -0.00066 1.49865373e+08
0.09084 0.00105 -5.15916 1.29527 0.77480 0.93802 0.00390 0.00450 -0.00121 -0.00068 2.68529101e+08
0.09084 0.00105 -4.42214 1.29527 0.77480 0.93802 0.00390 0.00450 -0.00121 -0.00068 4.60835099e+08
0.09084 0.00105 -3.68511 1.29527 0.77480 0.93802 0.00390 0.00450 -0.00121 -0.00068 4.63632293e+08
0.09084 0.00105 -2.94809 1.29527 0.77480 0.93802 0.00390 0.00450 -0.00121 -0.00068 4.50695323e+08
0.09084 0.00105 -2.21107 1.29527 0.77480 0.93802 0.00390 0.00450 -0.00121 -0.00068 4.41954168e+08
0.09084 0.00105 -1.47404 1.29527 0.77480 0.93802 0.00390 0.00450 -0.00121 -0.00068 4.53667327e+08
0.09084 0.00105 -0.73702 1.29527 0.77480 0.93802 0.00390 0.00450 -0.00121 -0.00068 4.43877218e+08
0.09084 0.00105 0.00000 1.29527 0.77480 0.93802 0.00390 0.00450 -0.00121 -0.00068 4.30415818e+08
0.09084 0.00105 0.73702 1.29527 0.77480 0.93802 0.00390 0.00450 -0.00121 -0.00068 4.43527552e+08
0.09084 0.00105 1.47404 1.29527 0.77480 0.93802 0.00390 0.00450 -0.00121 -0.00068 4.54716281e+08
0.09084 0.00105 2.21107 1.29527 0.77480 0.93802 0.00390 0.00450 -0.00121 -0.00068 4.44401695e+08
0.09084 0.00105 2.94809 1.29527 0.77480 0.93802 0.00390 0.00450 -0.00121 -0.00068 4.49646416e+08
0.09084 0.00105 3.68511 1.29527 0.77480 0.93802 0.00390 0.00450 -0.00121 -0.00068 4.66953917e+08
0.09084 0.00105 4.42214 1.29527 0.77480 0.93802 0.00390 0.00450 -0.00121 -0.00068 4.64331579e+08
0.09084 0.00105 5.15916 1.29527 0.77480 0.93802 0.00390 0.00450 -0.00121 -0.00068 2.70102531e+08
0.09084 0.00105 5.52767 0.64763 0.77480 0.93802 0.00390 0.00450 -0.00121 -0.00068 5.04191394e+08
0.09084 0.00105 4.79065 0.64763 0.77480 0.93802 0.00390 0.00450 -0.00121 -0.00068 6.50868403e+08
0.09084 0.00105 4.05362 0.64763 0.77480 0.93802 0.00390 0.00450 -0.00121 -0.00068 5.04541015e+08
0.09084 0.00105 3.31660 0.64763 0.77480 0.93802 0.00390 0.00450 -0.00121 -0.00068 5.31988337e+08
0.09084 0.00105 2.57958 0.64763 0.77480 0.93802 0.00390 0.00450 -0.00121 -0.00068 5.58736327e+08
0.09084 0.00105 1.84256 0.64763 0.77480 0.93802 0.00390 0.00450 -0.00121 -0.00068 5.10659833e+08
0.09084 0.00105 1.10553 0.64763 0.77480 0.93802 0.00390 0.00450 -0.00121 -0.00068 5.51568555e+08
0.09084 0.00105 0.36851 0.64763 0.77480 0.93802 0.00390 0.00450 -0.00121 -0.00068 5.13107360e+08
0.09084 0.00105 -0.36851 0.64763 0.77480 0.93802 0.00390 0.00450 -0.00121 -0.00068 5.12757740e+08
0.09084 0.00105 -1.10553 0.64763 0.77480 0.93802 0.00390 0.00450 -0.00121 -0.00068 5.53316795e+08
0.09084 0.00105 -1.84256 0.64763 0.77480 0.93802 0.00390 0.00450 -0.00121 -0.00068 5.08911593e+08
0.09084 0.00105 -2.57958 0.64763 0.77480 0.93802 0.00390 0.00450 -0.00121 -0.00068 5.61533520e+08
0.09084 0.00105 -3.31660 0.64763 0.77480 0.93802 0.00390 0.00450 -0.00121 -0.00068 5.30065287e+08
0.09084 0.00105 -4.05362 0.64763 0.77480 0.93802 0.00390 0.00450 -0.00121 -0.00068 5.02967585e+08
0.09084 0.00105 -4.79065 0.64763 0.77480 0.93802 0.00390 0.00450 -0.00121 -0.00068 6.52791453e+08
0.09084 0.00105 -5.52767 0.64763 0.77480 0.93802 0.00390 0.00450 -0.00121 -0.00068 5.04191394e+08
0.09084 0.00105 -5.89618 0.00000 0.77480 0.93802 0.00390 0.00450 -0.00121 -0.00068 4.99995615e+07
0.09084 0.00105 -5.15916 0.00000 0.77480 0.93802 0.00390 0.00450 -0.00121 -0.00068 6.04714960e+08
0.09084 0.00105 -4.42214 0.00000 0.77480 0.93802 0.00390 0.00450 -0.00121 -0.00068 2.79542997e+08
0.09084 0.00105 -3.68511 0.00000 0.77480 0.93802 0.00390 0.00450 -0.00121 -0.00068 5.30939384e+08
0.09084 0.00105 -2.94809 0.00000 0.77480 0.93802 0.00390 0.00450 -0.00121 -0.00068 3.79716941e+08
0.09084 0.00105 -2.21107 0.00000 0.77480 0.93802 0.00390 0.00450 -0.00121 -0.00068 4.60660289e+08
0.09084 0.00105 -1.47404 0.00000 0.77480 0.93802 0.00390 0.00450 -0.00121 -0.00068 4.15730609e+08
0.09084 0.00105 -0.73702 0.00000 0.77480 0.93802 0.00390 0.00450 -0.00121 -0.00068 4.49296750e+08
0.09084 0.00105 0.00000 0.00000 0.77480 0.93802 0.00390 0.00450 -0.00121 -0.00068 4.49646416e+08
0.09084 0.00105 0.73702 0.00000 0.77480 0.93802 0.00390 0.00450 -0.00121 -0.00068 4.49471560e+08
0.09084 0.00105 1.47404 0.00000 0.77480 0.93802 0.00390 0.00450 -0.00121 -0.00068 4.16604706e+08
0.09084 0.00105 2.21107 0.00000 0.77480 0.93802 0.00390 0.00450 -0.00121 -0.00068 4.58037951e+08
0.09084 0.00105 2.94809 0.00000 0.77480 0.93802 0.00390 0.00450 -0.00121 -0.00068 3.82339302e+08
0.09084 0.00105 3.68511 0.00000 0.77480 0.93802 0.00390 0.00450 -0.00121 -0.00068 5.23247136e+08
0.09084 0.00105 4.42214 0.00000 0.77480 0.93802 0.00390 0.00450 -0.00121 -0.00068 2.76570993e+08
0.09084 0.00105 5.15916 0.00000 0.77480 0.93802 0.00390 0.00450 -0.00121 -0.00068 6.06288390e+08
0.09084 0.00105 5.89618 0.00000 0.77480 0.93802 0.00390 0.00450 -0.00121 -0.00068 5.03492050e+07
0.09084 0.00105 5.52767 -0.64763 0.77480 0.93802 0.00390 0.00450 -0.00121 -0.00068 4.88282421e+08
0.09084 0.00105 4.79065 -0.64763 0.77480 0.93802 0.00390 0.00450 -0.00121 -0.00068 3.87409189e+08
0.09084 0.00105 4.05362 -0.64763 0.77480 0.93802 0.00390 0.00450 -0.00121 -0.00068 4.82688080e+08
0.09084 0.00105 3.31660 -0.64763 0.77480 0.93802 0.00390 0.00450 -0.00121 -0.00068 3.47549398e+08
0.09084 0.00105 2.57958 -0.64763 0.77480 0.93802 0.00390 0.00450 -0.00121 -0.00068 4.85310417e+08
0.09084 0.00105 1.84256 -0.64763 0.77480 0.93802 0.00390 0.00450 -0.00121 -0.00068 3.79716941e+08
0.09084 0.00105 1.10553 -0.64763 0.77480 0.93802 0.00390 0.00450 -0.00121 -0.00068 4.39856261e+08
0.09084 0.00105 0.36851 -0.64763 0.77480 0.93802 0.00390 0.00450 -0.00121 -0.00068 4.13457892e+08
0.09084 0.00105 -0.36851 -0.64763 0.77480 0.93802 0.00390 0.00450 -0.00121 -0.00068 4.13632748e+08
0.09084 0.00105 -1.10553 -0.64763 0.77480 0.93802 0.00390 0.00450 -0.00121 -0.00068 4.39506640e+08
0.09084 0.00105 -1.84256 -0.64763 0.77480 0.93802 0.00390 0.00450 -0.00121 -0.00068 3.79716941e+08
0.09084 0.00105 -2.57958 -0.64763 0.77480 0.93802 0.00390 0.00450 -0.00121 -0.00068 4.83387367e+08
0.09084 0.00105 -3.31660 -0.64763 0.77480 0.93802 0.00390 0.00450 -0.00121 -0.00068 3.49122805e+08
0.09084 0.00105 -4.05362 -0.64763 0.77480 0.93802 0.00390 0.00450 -0.00121 -0.00068 4.76394405e+08
0.09084 0.00105 -4.79065 -0.64763 0.77480 0.93802 0.00390 0.00450 -0.00121 -0.00068 3.88108476e+08
0.09084 0.00105 -5.52767 -0.64763 0.77480 0.93802 0.00390 0.00450 -0.00121 -0.00068 4.89855851e+08
0.09084 0.00105 -5.89618 -1.29527 0.77480 0.93802 0.00390 0.00450 -0.00121 -0.00068 3.49647287e+07
0.09084 0.00105 -5.15916 -1.29527 0.77480 0.93802 0.00390 0.00450 -0.00121 -0.00068 7.31986560e+08
0.09084 0.00105 -4.42214 -1.29527 0.77480 0.93802 0.00390 0.00450 -0.00121 -0.00068 5.34785531e+08
0.09084 0.00105 -3.68511 -1.29527 0.77480 0.93802 0.00390 0.00450 -0.00121 -0.00068 6.12582018e+08
0.09084 0.00105 -2.94809 -1.29527 0.77480 0.93802 0.00390 0.00450 -0.00121 -0.00068 6.18875692e+08
0.09084 0.00105 -2.21107 -1.29527 0.77480 0.93802 0.00390 0.00450 -0.00121 -0.00068 5.66603431e+08
0.09084 0.00105 -1.47404 -1.29527 0.77480 0.93802 0.00390 0.00450 -0.00121 -0.00068 6.18700836e+08
0.09084 0.00105 -0.73702 -1.29527 0.77480 0.93802 0.00390 0.00450 -0.00121 -0.00068 5.86533315e+08
0.09084 0.00105 0.00000 -1.29527 0.77480 0.93802 0.00390 0.00450 -0.00121 -0.00068 5.81463405e+08
0.09084 0.00105 0.73702 -1.29527 0.77480 0.93802 0.00390 0.00450 -0.00121 -0.00068 5.86008839e+08
0.09084 0.00105 1.47404 -1.29527 0.77480 0.93802 0.00390 0.00450 -0.00121 -0.00068 6.19400169e+08
0.09084 0.00105 2.21107 -1.29527 0.77480 0.93802 0.00390 0.00450 -0.00121 -0.00068 5.69575435e+08
0.09084 0.00105 2.94809 -1.29527 0.77480 0.93802 0.00390 0.00450 -0.00121 -0.00068 6.18001549e+08
0.09084 0.00105 3.68511 -1.29527 0.77480 0.93802 0.00390 0.00450 -0.00121 -0.00068 6.13805782e+08
0.09084 0.00105 4.42214 -1.29527 0.77480 0.93802 0.00390 0.00450 -0.00121 -0.00068 5.30764573e+08
0.09084 0.00105 5.15916 -1.29527 0.77480 0.93802 0.00390 0.00450 -0.00121 -0.00068 7.36357184e+08
0.09084 0.00105 5.89618 -1.29527 0.77480 0.93802 0.00390 0.00450 -0.00121 -0.00068 3.49647287e+07
0.09084 0.00105 5.52767 -1.94290 0.77480 0.93802 0.00390 0.00450 -0.00121 -0.00068 5.38456799e+07
0.09084 0.00105 4.79065 -1.94290 0.77480 0.93802 0.00390 0.00450 -0.00121 -0.00068 2.70976628e+08
0.09084 0.00105 4.05362 -1.94290 0.77480 0.93802 0.00390 0.00450 -0.00121 -0.00068 2.93354063e+08
0.09084 0.00105 3.31660 -1.94290 0.77480 0.93802 0.00390 0.00450 -0.00121 -0.00068 2.59787922e+08
0.09084 0.00105 2.57958 -1.94290 0.77480 0.93802 0.00390 0.00450 -0.00121 -0.00068 2.92130299e+08
0.09084 0.00105 1.84256 -1.94290 0.77480 0.93802 0.00390 0.00450 -0.00121 -0.00068 2.65731930e+08
0.09084 0.00105 1.10553 -1.94290 0.77480 0.93802 0.00390 0.00450 -0.00121 -0.00068 2.83214287e+08
0.09084 0.00105 0.36851 -1.94290 0.77480 0.93802 0.00390 0.00450 -0.00121 -0.00068 2.70976628e+08
0.09084 0.00105 -0.36851 -1.94290 0.77480 0.93802 0.00390 0.00450 -0.00121 -0.00068 2.70801818e+08
0.09084 0.00105 -1.10553 -1.94290 0.77480 0.93802 0.00390 0.00450 -0.00121 -0.00068 2.83389121e+08
0.09084 0.00105 -1.84256 -1.94290 0.77480 0.93802 0.00390 0.00450 -0.00121 -0.00068 2.64857810e+08
0.09084 0.00105 -2.57958 -1.94290 0.77480 0.93802 0.00390 0.00450 -0.00121 -0.00068 2.92654776e+08
0.09084 0.00105 -3.31660 -1.94290 0.77480 0.93802 0.00390 0.00450 -0.00121 -0.00068 2.58913802e+08
0.09084 0.00105 -4.05362 -1.94290 0.77480 0.93802 0.00390 0.00450 -0.00121 -0.00068 2.92829586e+08
0.09084 0.00105 -4.79065 -1.94290 0.77480 0.93802 0.00390 0.00450 -0.00121 -0.00068 2.66081574e+08
0.09084 0.00105 -5.52767 -1.94290 0.77480 0.93802 0.00390 0.00450 -0.00121 -0.00068 5.10485034e+07
0.08759 0.00102 -5.28084 1.32801 0.78974 0.95992 0.00419 0.00479 -0.00122 -0.00066 1.32758107e+08
0.08759 0.00102 -4.52644 1.32801 0.78974 0.95992 0.00419 0.00479 -0.00122 -0.00066 2.88352651e+08
0.08759 0.00102 -3.77203 1.32801 0.78974 0.95992 0.00419 0.00479 -0.00122 -0.00066 2.95510352e+08
0.08759 0.00102 -3.01762 1.32801 0.78974 0.95992 0.00419 0.00479 -0.00122 -0.00066 2.91420244e+08
0.08759 0.00102 -2.26322 1.32801 0.78974 0.95992 0.00419 0.00479 -0.00122 -0.00066 3.03860978e+08
0.08759 0.00102 -1.50881 1.32801 0.78974 0.95992 0.00419 0.00479 -0.00122 -0.00066 2.92442760e+08
0.08759 0.00102 -0.75441 1.32801 0.78974 0.95992 0.00419 0.00479 -0.00122 -0.00066 2.97214568e+08
0.08759 0.00102 -0.00000 1.32801 0.78974 0.95992 0.00419 0.00479 -0.00122 -0.00066 3.05224355e+08
0.08759 0.00102 0.75441 1.32801 0.78974 0.95992 0.00419 0.00479 -0.00122 -0.00066 2.98918762e+08
0.08759 0.00102 1.50881 1.32801 0.78974 0.95992 0.00419 0.00479 -0.00122 -0.00066 2.93294867e+08
0.08759 0.00102 2.26322 1.32801 0.78974 0.95992 0.00419 0.00479 -0.00122 -0.00066 3.03690570e+08
0.08759 0.00102 3.01762 1.32801 0.78974 0.95992 0.00419 0.00479 -0.00122 -0.00066 2.93124459e+08
0.08759 0.00102 3.77203 1.32801 0.78974 0.95992 0.00419 0.00479 -0.00122 -0.00066 3.00452569e+08
0.08759 0.00102 4.52644 1.32801 0.78974 0.95992 0.00419 0.00479 -0.00122 -0.00066 2.88693489e+08
0.08759 0.00102 5.28084 1.32801 0.78974 0.95992 0.00419 0.00479 -0.00122 -0.00066 1.32928526e+08
0.08759 0.00102 5.65805 0.66400 0.78974 0.95992 0.00419 0.00479 -0.00122 -0.00066 2.53075479e+08
0.08759 0.00102 4.90364 0.66400 0.78974 0.95992 0.00419 0.00479 -0.00122 -0.00066 8.02683781e+08
0.08759 0.00102 4.14923 0.66400 0.78974 0.95992 0.00419 0.00479 -0.00122 -0.00066 4.07647484e+08
0.08759 0.00102 3.39483 0.66400 0.78974 0.95992 0.00419 0.00479 -0.00122 -0.00066 5.09388936e+08
0.08759 0.00102 2.64042 0.66400 0.78974 0.95992 0.00419 0.00479 -0.00122 -0.00066 5.37508429e+08
0.08759 0.00102 1.88602 0.66400 0.78974 0.95992 0.00419 0.00479 -0.00122 -0.00066 4.88938392e+08
0.08759 0.00102 1.13161 0.66400 0.78974 0.95992 0.00419 0.00479 -0.00122 -0.00066 5.18421284e+08
0.08759 0.00102 0.37720 0.66400 0.78974 0.95992 0.00419 0.00479 -0.00122 -0.00066 5.18421284e+08
0.08759 0.00102 -0.37720 0.66400 0.78974 0.95992 0.00419 0.00479 -0.00122 -0.00066 5.17398746e+08
0.08759 0.00102 -1.13161 0.66400 0.78974 0.95992 0.00419 0.00479 -0.00122 -0.00066 5.16546615e+08
0.08759 0.00102 -1.88602 0.66400 0.78974 0.95992 0.00419 0.00479 -0.00122 -0.00066 4.92858093e+08
0.08759 0.00102 -2.64042 0.66400 0.78974 0.95992 0.00419 0.00479 -0.00122 -0.00066 5.39212645e+08
0.08759 0.00102 -3.39483 0.66400 0.78974 0.95992 0.00419 0.00479 -0.00122 -0.00066 5.09559344e+08
0.08759 0.00102 -4.14923 0.66400 0.78974 0.95992 0.00419 0.00479 -0.00122 -0.00066 4.12589723e+08
0.08759 0.00102 -4.90364 0.66400 0.78974 0.95992 0.00419 0.00479 -0.00122 -0.00066 8.11034452e+08
0.08759 0.00102 -5.65805 0.66400 0.78974 0.95992 0.00419 0.00479 -0.00122 -0.00066 2.53757156e+08
0.08759 0.00102 -5.28084 0.00000 0.78974 0.95992 0.00419 0.00479 -0.00122 -0.00066 5.26942318e+08
0.08759 0.00102 -4.52644 0.00000 0.78974 0.95992 0.00419 0.00479 -0.00122 -0.00066 9.81626009e+07
0.08759 0.00102 -3.77203 0.00000 0.78974 0.95992 0.00419 0.00479 -0.00122 -0.00066 5.46029508e+08
0.08759 0.00102 -3.01762 0.00000 0.78974 0.95992 0.00419 0.00479 -0.00122 -0.00066 2.27171449e+08
0.08759 0.00102 -2.26322 0.00000 0.78974 0.95992 0.00419 0.00479 -0.00122 -0.00066 4.07136215e+08
0.08759 0.00102 -1.50881 0.00000 0.78974 0.95992 0.00419 0.00479 -0.00122 -0.00066 3.22948168e+08
0.08759 0.00102 -0.75441 0.00000 0.78974 0.95992 0.00419 0.00479 -0.00122 -0.00066 3.60270394e+08
0.08759 0.00102 -0.00000 0.00000 0.78974 0.95992 0.00419 0.00479 -0.00122 -0.00066 3.25845308e+08
0.08759 0.00102 0.75441 0.00000 0.78974 0.95992 0.00419 0.00479 -0.00122 -0.00066 3.59077448e+08
0.08759 0.00102 1.50881 0.00000 0.78974 0.95992 0.00419 0.00479 -0.00122 -0.00066 3.23118576e+08
0.08759 0.00102 2.26322 0.00000 0.78974 0.95992 0.00419 0.00479 -0.00122 -0.00066 4.12930540e+08
0.08759 0.00102 3.01762 0.00000 0.78974 0.95992 0.00419 0.00479 -0.00122 -0.00066 2.28705234e+08
0.08759 0.00102 3.77203 0.00000 0.78974 0.95992 0.00419 0.00479 -0.00122 -0.00066 5.41768946e+08
0.08759 0.00102 4.52644 0.00000 0.78974 0.95992 0.00419 0.00479 -0.00122 -0.00066 1.11796305e+08
0.08759 0.00102 5.28084 0.00000 0.78974 0.95992 0.00419 0.00479 -0.00122 -0.00066 5.32566234e+08
0.08759 0.00102 5.65805 -0.66400 0.78974 0.95992 0.00419 0.00479 -0.00122 -0.00066 2.45917777e+08
0.08759 0.00102 4.90364 -0.66400 0.78974 0.95992 0.00419 0.00479 -0.00122 -0.00066 5.16035346e+08
0.08759 0.00102 4.14923 -0.66400 0.78974 0.95992 0.00419 0.00479 -0.00122 -0.00066 3.12211626e+08
0.08759 0.00102 3.39483 -0.66400 0.78974 0.95992 0.00419 0.00479 -0.00122 -0.00066 4.27757212e+08
0.08759 0.00102 2.64042 -0.66400 0.78974 0.95992 0.00419 0.00479 -0.00122 -0.00066 3.65212611e+08
0.08759 0.00102 1.88602 -0.66400 0.78974 0.95992 0.00419 0.00479 -0.00122 -0.00066 3.92309587e+08
0.08759 0.00102 1.13161 -0.66400 0.78974 0.95992 0.00419 0.00479 -0.00122 -0.00066 3.71859043e+08
0.08759 0.00102 0.37720 -0.66400 0.78974 0.95992 0.00419 0.00479 -0.00122 -0.00066 3.83618101e+08
0.08759 0.00102 -0.37720 -0.66400 0.78974 0.95992 0.00419 0.00479 -0.00122 -0.00066 3.82084293e+08
0.08759 0.00102 -1.13161 -0.66400 0.78974 0.95992 0.00419 0.00479 -0.00122 -0.00066 3.70325258e+08
0.08759 0.00102 -1.88602 -0.66400 0.78974 0.95992 0.00419 0.00479 -0.00122 -0.00066 3.94013803e+08
0.08759 0.00102 -2.64042 -0.66400 0.78974 0.95992 0.00419 0.00479 -0.00122 -0.00066 3.67428096e+08
0.08759 0.00102 -3.39483 -0.66400 0.78974 0.95992 0.00419 0.00479 -0.00122 -0.00066 4.25882544e+08
0.08759 0.00102 -4.14923 -0.66400 0.78974 0.95992 0.00419 0.00479 -0.00122 -0.00066 3.08803195e+08
0.08759 0.00102 -4.90364 -0.66400 0.78974 0.95992 0.00419 0.00479 -0.00122 -0.00066 5.33588728e+08
0.08759 0.00102 -5.65805 -0.66400 0.78974 0.95992 0.00419 0.00479 -0.00122 -0.00066 2.48814939e+08
0.08759 0.00102 -5.28084 -1.32801 0.78974 0.95992 0.00419 0.00479 -0.00122 -0.00066 5.49267486e+08
0.08759 0.00102 -4.52644 -1.32801 0.78974 0.95992 0.00419 0.00479 -0.00122 -0.00066 5.48244992e+08
0.08759 0.00102 -3.77203 -1.32801 0.78974 0.95992 0.00419 0.00479 -0.00122 -0.00066 4.84677875e+08
0.08759 0.00102 -3.01762 -1.32801 0.78974 0.95992 0.00419 0.00479 -0.00122 -0.00066 5.00186180e+08
0.08759 0.00102 -2.26322 -1.32801 0.78974 0.95992 0.00419 0.00479 -0.00122 -0.00066 5.23022617e+08
0.08759 0.00102 -1.50881 -1.32801 0.78974 0.95992 0.00419 0.00479 -0.00122 -0.00066 4.91153877e+08
0.08759 0.00102 -0.75441 -1.32801 0.78974 0.95992 0.00419 0.00479 -0.00122 -0.00066 5.11093152e+08
0.08759 0.00102 -0.00000 -1.32801 0.78974 0.95992 0.00419 0.00479 -0.00122 -0.00066 5.20125455e+08
0.08759 0.00102 0.75441 -1.32801 0.78974 0.95992 0.00419 0.00479 -0.00122 -0.00066 5.11263560e+08
0.08759 0.00102 1.50881 -1.32801 0.78974 0.95992 0.00419 0.00479 -0.00122 -0.00066 4.89620069e+08
0.08759 0.00102 2.26322 -1.32801 0.78974 0.95992 0.00419 0.00479 -0.00122 -0.00066 5.15524122e+08
0.08759 0.00102 3.01762 -1.32801 0.78974 0.95992 0.00419 0.00479 -0.00122 -0.00066 4.93539770e+08
0.08759 0.00102 3.77203 -1.32801 0.78974 0.95992 0.00419 0.00479 -0.00122 -0.00066 4.80076497e+08
0.08759 0.00102 4.52644 -1.32801 0.78974 0.95992 0.00419 0.00479 -0.00122 -0.00066 5.36145074e+08
0.08759 0.00102 5.28084 -1.32801 0.78974 0.95992 0.00419 0.00479 -0.00122 -0.00066 5.66991321e+08
0.08759 0.00102 4.90364 -1.99201 0.78974 0.95992 0.00419 0.00479 -0.00122 -0.00066 1.57639598e+08
0.08759 0.00102 4.14923 -1.99201 0.78974 0.95992 0.00419 0.00479 -0.00122 -0.00066 1.61388869e+08
0.08759 0.00102 3.39483 -1.99201 0.78974 0.95992 0.00419 0.00479 -0.00122 -0.00066 1.56787491e+08
0.08759 0.00102 2.64042 -1.99201 0.78974 0.95992 0.00419 0.00479 -0.00122 -0.00066 1.72295829e+08
0.08759 0.00102 1.88602 -1.99201 0.78974 0.95992 0.00419 0.00479 -0.00122 -0.00066 1.58662126e+08
0.08759 0.00102 1.13161 -1.99201 0.78974 0.95992 0.00419 0.00479 -0.00122 -0.00066 1.66842343e+08
0.08759 0.00102 0.37720 -1.99201 0.78974 0.95992 0.00419 0.00479 -0.00122 -0.00066 1.65478977e+08
0.08759 0.00102 -0.37720 -1.99201 0.78974 0.95992 0.00419 0.00479 -0.00122 -0.00066 1.64626870e+08
0.08759 0.00102 -1.13161 -1.99201 0.78974 0.95992 0.00419 0.00479 -0.00122 -0.00066 1.67864871e+08
0.08759 0.00102 -1.88602 -1.99201 0.78974 0.95992 0.00419 0.00479 -0.00122 -0.00066 1.57980448e+08
0.08759 0.00102 -2.64042 -1.99201 0.78974 0.95992 0.00419 0.00479 -0.00122 -0.00066 1.74170453e+08
0.08759 0.00102 -3.39483 -1.99201 0.78974 0.95992 0.00419 0.00479 -0.00122 -0.00066 1.54231178e+08
0.08759 0.00102 -4.14923 -1.99201 0.78974 0.95992 0.00419 0.00479 -0.00122 -0.00066 1.60877599e+08
0.08759 0.00102 -4.90364 -1.99201 0.78974 0.95992 0.00419 0.00479 -0.00122 -0.00066 1.46221380e+08
0.08435 0.00099 -4.63036 1.36071 0.80716 0.98573 0.00457 0.00513 -0.00122 -0.00062 1.26071675e+08
0.08435 0.00099 -3.85863 1.36071 0.80716 0.98573 0.00457 0.00513 -0.00122 -0.00062 1.23583412e+08
0.08435 0.00099 -3.08691 1.36071 0.80716 0.98573 0.00457 0.00513 -0.00122 -0.00062 1.16948068e+08
0.08435 0.00099 -2.31518 1.36071 0.80716 0.98573 0.00457 0.00513 -0.00122 -0.00062 1.34365861e+08
0.08435 0.00099 -1.54345 1.36071 0.80716 0.98573 0.00457 0.00513 -0.00122 -0.00062 1.11639790e+08
0.08435 0.00099 -0.77173 1.36071 0.80716 0.98573 0.00457 0.00513 -0.00122 -0.00062 1.29223465e+08
0.08435 0.00099 0.00000 1.36071 0.80716 0.98573 0.00457 0.00513 -0.00122 -0.00062 1.13298621e+08
0.08435 0.00099 0.77173 1.36071 0.80716 0.98573 0.00457 0.00513 -0.00122 -0.00062 1.28725819e+08
0.08435 0.00099 1.54345 1.36071 0.80716 0.98573 0.00457 0.00513 -0.00122 -0.00062 1.11639790e+08
0.08435 0.00099 2.31518 1.36071 0.80716 0.98573 0.00457 0.00513 -0.00122 -0.00062 1.31545834e+08
0.08435 0.00099 3.08691 1.36071 0.80716 0.98573 0.00457 0.00513 -0.00122 -0.00062 1.17611607e+08
0.08435 0.00099 3.85863 1.36071 0.80716 0.98573 0.00457 0.00513 -0.00122 -0.00062 1.20099858e+08
0.08435 0.00099 4.63036 1.36071 0.80716 0.98573 0.00457 0.00513 -0.00122 -0.00062 1.34034097e+08
0.08435 0.00099 5.78795 0.68036 0.80716 0.98573 0.00457 0.00513 -0.00122 -0.00062 3.31767575e+07
0.08435 0.00099 5.01622 0.68036 0.80716 0.98573 0.00457 0.00513 -0.00122 -0.00062 7.00858964e+08
0.08435 0.00099 4.24450 0.68036 0.80716 0.98573 0.00457 0.00513 -0.00122 -0.00062 6.53084432e+08
0.08435 0.00099 3.47277 0.68036 0.80716 0.98573 0.00457 0.00513 -0.00122 -0.00062 5.97679264e+08
0.08435 0.00099 2.70104 0.68036 0.80716 0.98573 0.00457 0.00513 -0.00122 -0.00062 6.10452296e+08
0.08435 0.00099 1.92932 0.68036 0.80716 0.98573 0.00457 0.00513 -0.00122 -0.00062 6.13106451e+08
0.08435 0.00099 1.15759 0.68036 0.80716 0.98573 0.00457 0.00513 -0.00122 -0.00062 5.89882713e+08
0.08435 0.00099 0.38586 0.68036 0.80716 0.98573 0.00457 0.00513 -0.00122 -0.00062 6.08627583e+08
0.08435 0.00099 -0.38586 0.68036 0.80716 0.98573 0.00457 0.00513 -0.00122 -0.00062 6.12277052e+08
0.08435 0.00099 -1.15759 0.68036 0.80716 0.98573 0.00457 0.00513 -0.00122 -0.00062 5.89219185e+08
0.08435 0.00099 -1.92932 0.68036 0.80716 0.98573 0.00457 0.00513 -0.00122 -0.00062 6.15262949e+08
0.08435 0.00099 -2.70104 0.68036 0.80716 0.98573 0.00457 0.00513 -0.00122 -0.00062 6.06305214e+08
0.08435 0.00099 -3.47277 0.68036 0.80716 0.98573 0.00457 0.00513 -0.00122 -0.00062 6.00499290e+08
0.08435 0.00099 -4.24450 0.68036 0.80716 0.98573 0.00457 0.00513 -0.00122 -0.00062 6.62373954e+08
0.08435 0.00099 -5.01622 0.68036 0.80716 0.98573 0.00457 0.00513 -0.00122 -0.00062 6.98536595e+08
0.08435 0.00099 -5.78795 0.68036 0.80716 0.98573 0.00457 0.00513 -0.00122 -0.00062 3.31767575e+07
0.08435 0.00099 -5.40209 -0.00000 0.80716 0.98573 0.00457 0.00513 -0.00122 -0.00062 3.39564098e+08
0.08435 0.00099 -4.63036 -0.00000 0.80716 0.98573 0.00457 0.00513 -0.00122 -0.00062 3.77219732e+08
0.08435 0.00099 -3.85863 -0.00000 0.80716 0.98573 0.00457 0.00513 -0.00122 -0.00062 2.69395271e+08
0.08435 0.00099 -3.08691 -0.00000 0.80716 0.98573 0.00457 0.00513 -0.00122 -0.00062 3.64280785e+08
0.08435 0.00099 -2.31518 -0.00000 0.80716 0.98573 0.00457 0.00513 -0.00122 -0.00062 3.39729991e+08
0.08435 0.00099 -1.54345 -0.00000 0.80716 0.98573 0.00457 0.00513 -0.00122 -0.00062 3.17169781e+08
0.08435 0.00099 -0.77173 -0.00000 0.80716 0.98573 0.00457 0.00513 -0.00122 -0.00062 3.54493650e+08
0.08435 0.00099 0.00000 -0.00000 0.80716 0.98573 0.00457 0.00513 -0.00122 -0.00062 2.99586117e+08
0.08435 0.00099 0.77173 -0.00000 0.80716 0.98573 0.00457 0.00513 -0.00122 -0.00062 3.56318363e+08
0.08435 0.00099 1.54345 -0.00000 0.80716 0.98573 0.00457 0.00513 -0.00122 -0.00062 3.18496859e+08
0.08435 0.00099 2.31518 -0.00000 0.80716 0.98573 0.00457 0.00513 -0.00122 -0.00062 3.44540623e+08
0.08435 0.00099 3.08691 -0.00000 0.80716 0.98573 0.00457 0.00513 -0.00122 -0.00062 3.60133681e+08
0.08435 0.00099 3.85863 -0.00000 0.80716 0.98573 0.00457 0.00513 -0.00122 -0.00062 2.85817750e+08
0.08435 0.00099 4.63036 -0.00000 0.80716 0.98573 0.00457 0.00513 -0.00122 -0.00062 3.81698600e+08
0.08435 0.00099 5.40209 -0.00000 0.80716 0.98573 0.00457 0.00513 -0.00122 -0.00062 3.34587595e+08
0.08435 0.00099 5.78795 -0.68036 0.80716 0.98573 0.00457 0.00513 -0.00122 -0.00062 5.10922043e+07
0.08435 0.00099 5.01622 -0.68036 0.80716 0.98573 0.00457 0.00513 -0.00122 -0.00062 6.82611751e+08
0.08435 0.00099 4.24450 -0.68036 0.80716 0.98573 0.00457 0.00513 -0.00122 -0.00062 2.97761383e+08
0.08435 0.00099 3.47277 -0.68036 0.80716 0.98573 0.00457 0.00513 -0.00122 -0.00062 5.23529225e+08
0.08435 0.00099 2.70104 -0.68036 0.80716 0.98573 0.00457 0.00513 -0.00122 -0.00062 3.90988077e+08
0.08435 0.00099 1.92932 -0.68036 0.80716 0.98573 0.00457 0.00513 -0.00122 -0.00062 4.59829849e+08
0.08435 0.00099 1.15759 -0.68036 0.80716 0.98573 0.00457 0.00513 -0.00122 -0.00062 4.10894132e+08
0.08435 0.00099 0.38586 -0.68036 0.80716 0.98573 0.00457 0.00513 -0.00122 -0.00062 4.27980161e+08
0.08435 0.00099 -0.38586 -0.68036 0.80716 0.98573 0.00457 0.00513 -0.00122 -0.00062 4.24496607e+08
0.08435 0.00099 -1.15759 -0.68036 0.80716 0.98573 0.00457 0.00513 -0.00122 -0.00062 4.15207086e+08
0.08435 0.00099 -1.92932 -0.68036 0.80716 0.98573 0.00457 0.00513 -0.00122 -0.00062 4.64474588e+08
0.08435 0.00099 -2.70104 -0.68036 0.80716 0.98573 0.00457 0.00513 -0.00122 -0.00062 4.06415265e+08
0.08435 0.00099 -3.47277 -0.68036 0.80716 0.98573 0.00457 0.00513 -0.00122 -0.00062 5.25519809e+08
0.08435 0.00099 -4.24450 -0.68036 0.80716 0.98573 0.00457 0.00513 -0.00122 -0.00062 3.23307490e+08
0.08435 0.00099 -5.01622 -0.68036 0.80716 0.98573 0.00457 0.00513 -0.00122 -0.00062 6.89910645e+08
0.08435 0.00099 -5.78795 -0.68036 0.80716 0.98573 0.00457 0.00513 -0.00122 -0.00062 5.07604349e+07
0.08435 0.00099 -5.40209 -1.36071 0.80716 0.98573 0.00457 0.00513 -0.00122 -0.00062 2.22781923e+08
0.08435 0.00099 -4.63036 -1.36071 0.80716 0.98573 0.00457 0.00513 -0.00122 -0.00062 6.70999904e+08
0.08435 0.00099 -3.85863 -1.36071 0.80716 0.98573 0.00457 0.00513 -0.00122 -0.00062 5.07106724e+08
0.08435 0.00099 -3.08691 -1.36071 0.80716 0.98573 0.00457 0.00513 -0.00122 -0.00062 5.11419721e+08
0.08435 0.00099 -2.31518 -1.36071 0.80716 0.98573 0.00457 0.00513 -0.00122 -0.00062 5.44264679e+08
0.08435 0.00099 -1.54345 -1.36071 0.80716 0.98573 0.00457 0.00513 -0.00122 -0.00062 5.33648146e+08
0.08435 0.00099 -0.77173 -1.36071 0.80716 0.98573 0.00457 0.00513 -0.00122 -0.00062 5.74787312e+08
0.08435 0.00099 0.00000 -1.36071 0.80716 0.98573 0.00457 0.00513 -0.00122 -0.00062 5.44762336e+08
0.08435 0.00099 0.77173 -1.36071 0.80716 0.98573 0.00457 0.00513 -0.00122 -0.00062 5.70474315e+08
0.08435 0.00099 1.54345 -1.36071 0.80716 0.98573 0.00457 0.00513 -0.00122 -0.00062 5.42605838e+08
0.08435 0.00099 2.31518 -1.36071 0.80716 0.98573 0.00457 0.00513 -0.00122 -0.00062 5.74621440e+08
0.08435 0.00099 3.08691 -1.36071 0.80716 0.98573 0.00457 0.00513 -0.00122 -0.00062 5.35141073e+08
0.08435 0.00099 3.85863 -1.36071 0.80716 0.98573 0.00457 0.00513 -0.00122 -0.00062 5.15732674e+08
0.08435 0.00099 4.63036 -1.36071 0.80716 0.98573 0.00457 0.00513 -0.00122 -0.00062 7.11475541e+08
0.08435 0.00099 5.40209 -1.36071 0.80716 0.98573 0.00457 0.00513 -0.00122 -0.00062 2.48162138e+08
0.08435 0.00099 5.01622 -2.04107 0.80716 0.98573 0.00457 0.00513 -0.00122 -0.00062 3.31767575e+07
0.08435 0.00099 4.24450 -2.04107 0.80716 0.98573 0.00457 0.00513 -0.00122 -0.00062 4.59498085e+07
0.08435 0.00099 3.47277 -2.04107 0.80716 0.98573 0.00457 0.00513 -0.00122 -0.00062 5.82252055e+07
0.08435 0.00099 2.70104 -2.04107 0.80716 0.98573 0.00457 0.00513 -0.00122 -0.00062 5.12580862e+07
0.08435 0.00099 1.92932 -2.04107 0.80716 0.98573 0.00457 0.00513 -0.00122 -0.00062 5.55710666e+07
0.08435 0.00099 1.15759 -2.04107 0.80716 0.98573 0.00457 0.00513 -0.00122 -0.00062 5.54051847e+07
0.08435 0.00099 0.38586 -2.04107 0.80716 0.98573 0.00457 0.00513 -0.00122 -0.00062 5.50734153e+07
0.08435 0.00099 -0.38586 -2.04107 0.80716 0.98573 0.00457 0.00513 -0.00122 -0.00062 5.29169278e+07
0.08435 0.00099 -1.15759 -2.04107 0.80716 0.98573 0.00457 0.00513 -0.00122 -0.00062 5.73957902e+07
0.08435 0.00099 -1.92932 -2.04107 0.80716 0.98573 0.00457 0.00513 -0.00122 -0.00062 5.20875070e+07
0.08435 0.00099 -2.70104 -2.04107 0.80716 0.98573 0.00457 0.00513 -0.00122 -0.00062 5.10922043e+07
0.08435 0.00099 -3.47277 -2.04107 0.80716 0.98573 0.00457 0.00513 -0.00122 -0.00062 5.24192764e+07
0.08435 0.00099 -4.24450 -2.04107 0.80716 0.98573 0.00457 0.00513 -0.00122 -0.00062 4.21344795e+07
