6092500.0 0.0
9000000.0 2.95623E-20
9500000.0 3.73187E-17
1.0E7 7.78932E-15
1.05E7 4.5730504E-13
1.1E7 1.05786E-11
1.15E7 1.21665E-10
1.2E7 9.27097E-10
1.25E7 5.59167E-9
1.3E7 2.94184E-8
1.35E7 1.2996E-7
1.4E7 5.00272E-7
1.45E7 1.64954E-6
1.5E7 4.85076E-6
1.6E7 2.9083E-5
1.7E7 1.17054E-4
1.8E7 3.36321E-4
1.9E7 7.24497E-4
2.0E7 0.00124111
2.1E7 0.00179557
2.2E7 0.00232537
2.3E7 0.00282131
2.4E7 0.00330095
2.5E7 0.00367349
2.6E7 0.00400923
2.7E7 0.00419319
2.8E7 0.00419449
2.9E7 0.00407798
3.0E7 0.00373023
3.2E7 0.00309279
3.4E7 0.0025078
3.6E7 0.00207917
3.8E7 0.00176736
4.0E7 0.00151868
4.2E7 0.00139395
4.4E7 0.00119657
4.6E7 0.00109931
4.8E7 9.43435E-4
5.0E7 8.72333E-4
5.2E7 7.52579E-4
5.4E7 6.80272E-4
5.6E7 6.20006E-4
5.8E7 5.56398E-4
6.0E7 4.89689E-4
