# Detector n: 1D Projection
  0.0000000000E+00  1.0000000000E-02  8.43571E-05  7.41186E-02
  1.0000000000E-02  2.0000000000E-02  8.44802E-05  2.31251E-02
  2.0000000000E-02  3.0000000000E-02  8.44511E-05  4.65497E-02
  3.0000000000E-02  4.0000000000E-02  8.44756E-05  8.93559E-02
  4.0000000000E-02  5.0000000000E-02  8.44017E-05  3.36816E-02
  5.0000000000E-02  6.0000000000E-02  8.45445E-05  6.43914E-02
  6.0000000000E-02  7.0000000000E-02  8.46806E-05  6.52131E-02
  7.0000000000E-02  8.0000000000E-02  8.45799E-05  4.31035E-02
  8.0000000000E-02  9.0000000000E-02  8.45515E-05  5.27143E-02
  9.0000000000E-02  1.0000000000E-01  8.46309E-05  8.07046E-02
  1.0000000000E-01  1.1000000000E-01  8.45663E-05  1.02003E-01
  1.1000000000E-01  1.2000000000E-01  8.45311E-05  9.80603E-02
  1.2000000000E-01  1.3000000000E-01  8.45053E-05  1.28196E-01
  1.3000000000E-01  1.4000000000E-01  8.44834E-05  5.56957E-02
  1.4000000000E-01  1.5000000000E-01  8.44947E-05  4.77404E-02
  1.5000000000E-01  1.6000000000E-01  8.44910E-05  5.53433E-02
  1.6000000000E-01  1.7000000000E-01  8.44619E-05  1.06817E-01
  1.7000000000E-01  1.8000000000E-01  8.46530E-05  1.16574E-01
  1.8000000000E-01  1.9000000000E-01  8.47017E-05  4.71716E-02
  1.9000000000E-01  2.0000000000E-01  8.47052E-05  6.07548E-02
  2.0000000000E-01  2.1000000000E-01  8.47096E-05  5.79183E-02
  2.1000000000E-01  2.2000000000E-01  8.47515E-05  3.73448E-02
  2.2000000000E-01  2.3000000000E-01  8.46188E-05  7.29700E-02
  2.3000000000E-01  2.4000000000E-01  8.46363E-05  5.66872E-02
  2.4000000000E-01  2.5000000000E-01  8.45487E-05  5.17274E-02
  2.5000000000E-01  2.6000000000E-01  8.44112E-05  8.63963E-02
  2.6000000000E-01  2.7000000000E-01  8.44840E-05  4.65644E-02
  2.7000000000E-01  2.8000000000E-01  8.43582E-05  8.15761E-02
  2.8000000000E-01  2.9000000000E-01  8.44068E-05  7.00921E-02
  2.9000000000E-01  3.0000000000E-01  8.43476E-05  4.77106E-02
  3.0000000000E-01  3.1000000000E-01  8.43607E-05  5.63520E-02
  3.1000000000E-01  3.2000000000E-01  8.43605E-05  5.63930E-02
  3.2000000000E-01  3.3000000000E-01  8.43171E-05  9.18789E-02
  3.3000000000E-01  3.4000000000E-01  8.44100E-05  5.21967E-02
  3.4000000000E-01  3.5000000000E-01  8.44234E-05  5.20399E-02
  3.5000000000E-01  3.6000000000E-01  8.43761E-05  4.58360E-02
  3.6000000000E-01  3.7000000000E-01  8.43999E-05  3.99111E-02
  3.7000000000E-01  3.8000000000E-01  8.44295E-05  6.14991E-02
  3.8000000000E-01  3.9000000000E-01  8.43871E-05  9.24726E-02
  3.9000000000E-01  4.0000000000E-01  8.44303E-05  4.93129E-02
  4.0000000000E-01  4.1000000000E-01  8.44769E-05  7.90797E-02
  4.1000000000E-01  4.2000000000E-01  8.46076E-05  1.20962E-01
  4.2000000000E-01  4.3000000000E-01  8.47047E-05  5.46936E-02
  4.3000000000E-01  4.4000000000E-01  8.48691E-05  5.15143E-02
  4.4000000000E-01  4.5000000000E-01  8.49205E-05  7.64961E-02
  4.5000000000E-01  4.6000000000E-01  8.49296E-05  4.17797E-02
  4.6000000000E-01  4.7000000000E-01  8.49558E-05  6.46410E-02
  4.7000000000E-01  4.8000000000E-01  8.48543E-05  3.92232E-02
  4.8000000000E-01  4.9000000000E-01  8.47500E-05  7.11003E-02
  4.9000000000E-01  5.0000000000E-01  8.47188E-05  7.85927E-02
  5.0000000000E-01  5.1000000000E-01  8.46901E-05  9.08796E-02
  5.1000000000E-01  5.2000000000E-01  8.47038E-05  8.71174E-02
  5.2000000000E-01  5.3000000000E-01  8.46261E-05  5.10777E-02
  5.3000000000E-01  5.4000000000E-01  8.46463E-05  3.04850E-02
  5.4000000000E-01  5.5000000000E-01  8.45324E-05  7.14773E-02
  5.5000000000E-01  5.6000000000E-01  8.44774E-05  4.91301E-02
  5.6000000000E-01  5.7000000000E-01  8.43590E-05  8.07614E-02
  5.7000000000E-01  5.8000000000E-01  8.43362E-05  5.80540E-02
  5.8000000000E-01  5.9000000000E-01  8.43583E-05  1.29018E-02
  5.9000000000E-01  6.0000000000E-01  8.43543E-05  7.90664E-02
  6.0000000000E-01  6.1000000000E-01  8.43400E-05  8.72545E-02
  6.1000000000E-01  6.2000000000E-01  8.42605E-05  6.43381E-02
  6.2000000000E-01  6.3000000000E-01  8.41951E-05  6.41098E-02
  6.3000000000E-01  6.4000000000E-01  8.42596E-05  6.01358E-02
  6.4000000000E-01  6.5000000000E-01  8.41921E-05  8.74767E-02
  6.5000000000E-01  6.6000000000E-01  8.42290E-05  8.21866E-02
  6.6000000000E-01  6.7000000000E-01  8.42009E-05  6.65949E-02
  6.7000000000E-01  6.8000000000E-01  8.41922E-05  7.33213E-02
  6.8000000000E-01  6.9000000000E-01  8.41817E-05  5.28703E-02
  6.9000000000E-01  7.0000000000E-01  8.42189E-05  1.03156E-01
  7.0000000000E-01  7.1000000000E-01  8.41253E-05  5.55097E-02
  7.1000000000E-01  7.2000000000E-01  8.40784E-05  7.12070E-02
  7.2000000000E-01  7.3000000000E-01  8.41465E-05  1.06146E-01
  7.3000000000E-01  7.4000000000E-01  8.41776E-05  1.05955E-01
  7.4000000000E-01  7.5000000000E-01  8.42832E-05  8.00981E-02
  7.5000000000E-01  7.6000000000E-01  8.42758E-05  5.24039E-02
  7.6000000000E-01  7.7000000000E-01  8.41387E-05  1.04027E-01
  7.7000000000E-01  7.8000000000E-01  8.41141E-05  1.04285E-01
  7.8000000000E-01  7.9000000000E-01  8.40840E-05  6.77672E-02
  7.9000000000E-01  8.0000000000E-01  8.41908E-05  9.87626E-02
  8.0000000000E-01  8.1000000000E-01  8.41704E-05  8.86309E-02
  8.1000000000E-01  8.2000000000E-01  8.41141E-05  8.23540E-02
  8.2000000000E-01  8.3000000000E-01  8.42114E-05  8.11509E-02
  8.3000000000E-01  8.4000000000E-01  8.42040E-05  6.59530E-02
  8.4000000000E-01  8.5000000000E-01  8.42010E-05  7.34099E-02
  8.5000000000E-01  8.6000000000E-01  8.42191E-05  7.46266E-02
  8.6000000000E-01  8.7000000000E-01  8.43173E-05  6.80570E-02
  8.7000000000E-01  8.8000000000E-01  8.43000E-05  6.57860E-02
  8.8000000000E-01  8.9000000000E-01  8.43700E-05  8.72787E-02
  8.9000000000E-01  9.0000000000E-01  8.44164E-05  3.15596E-02
  9.0000000000E-01  9.1000000000E-01  8.45052E-05  8.46508E-02
  9.1000000000E-01  9.2000000000E-01  8.45737E-05  8.75103E-02
  9.2000000000E-01  9.3000000000E-01  8.47464E-05  3.84236E-02
  9.3000000000E-01  9.4000000000E-01  8.47150E-05  1.00666E-01
  9.4000000000E-01  9.5000000000E-01  8.46827E-05  8.06981E-02
  9.5000000000E-01  9.6000000000E-01  8.47007E-05  6.48824E-02
  9.6000000000E-01  9.7000000000E-01  8.46841E-05  7.33408E-02
  9.7000000000E-01  9.8000000000E-01  8.46892E-05  5.60775E-02
  9.8000000000E-01  9.9000000000E-01  8.46870E-05  7.10664E-02
  9.9000000000E-01  1.0000000000E+00  8.46027E-05  8.34171E-02
  1.0000000000E+00  1.0100000000E+00  8.46058E-05  7.66898E-02
  1.0100000000E+00  1.0200000000E+00  8.46128E-05  9.43348E-02
  1.0200000000E+00  1.0300000000E+00  8.45690E-05  4.02822E-02
  1.0300000000E+00  1.0400000000E+00  8.45663E-05  7.10688E-02
  1.0400000000E+00  1.0500000000E+00  8.45283E-05  8.74405E-02
  1.0500000000E+00  1.0600000000E+00  8.45585E-05  1.06115E-01
  1.0600000000E+00  1.0700000000E+00  8.44628E-05  4.97574E-02
  1.0700000000E+00  1.0800000000E+00  8.44253E-05  3.85152E-02
  1.0800000000E+00  1.0900000000E+00  8.44615E-05  7.05777E-02
  1.0900000000E+00  1.1000000000E+00  8.44319E-05  3.54387E-02
  1.1000000000E+00  1.1100000000E+00  8.44676E-05  7.35111E-02
  1.1100000000E+00  1.1200000000E+00  8.44655E-05  5.99888E-02
  1.1200000000E+00  1.1300000000E+00  8.44351E-05  8.86359E-02
  1.1300000000E+00  1.1400000000E+00  8.44451E-05  4.60960E-02
  1.1400000000E+00  1.1500000000E+00  8.44046E-05  4.64429E-02
  1.1500000000E+00  1.1600000000E+00  8.44642E-05  5.81504E-02
  1.1600000000E+00  1.1700000000E+00  8.44802E-05  5.35256E-02
  1.1700000000E+00  1.1800000000E+00  8.44346E-05  6.47739E-02
  1.1800000000E+00  1.1900000000E+00  8.43774E-05  3.70936E-02
  1.1900000000E+00  1.2000000000E+00  8.43959E-05  4.69108E-02
  1.2000000000E+00  1.2100000000E+00  8.43631E-05  5.57381E-02
  1.2100000000E+00  1.2200000000E+00  8.44361E-05  5.85480E-02
  1.2200000000E+00  1.2300000000E+00  8.43896E-05  7.56081E-02
  1.2300000000E+00  1.2400000000E+00  8.45146E-05  1.16320E-01
  1.2400000000E+00  1.2500000000E+00  8.44035E-05  4.81754E-02
  1.2500000000E+00  1.2600000000E+00  8.44342E-05  5.18148E-02
  1.2600000000E+00  1.2700000000E+00  8.44228E-05  7.47128E-02
  1.2700000000E+00  1.2800000000E+00  8.44938E-05  8.04474E-02
  1.2800000000E+00  1.2900000000E+00  8.44691E-05  8.98745E-02
  1.2900000000E+00  1.3000000000E+00  8.45760E-05  6.67197E-02
  1.3000000000E+00  1.3100000000E+00  8.45226E-05  4.18265E-02
  1.3100000000E+00  1.3200000000E+00  8.45600E-05  1.14981E-01
  1.3200000000E+00  1.3300000000E+00  8.46067E-05  9.22606E-02
  1.3300000000E+00  1.3400000000E+00  8.45457E-05  7.28470E-02
  1.3400000000E+00  1.3500000000E+00  8.47101E-05  8.88378E-02
  1.3500000000E+00  1.3600000000E+00  8.47920E-05  5.82090E-02
  1.3600000000E+00  1.3700000000E+00  8.49278E-05  8.33389E-02
  1.3700000000E+00  1.3800000000E+00  8.50458E-05  3.38872E-02
  1.3800000000E+00  1.3900000000E+00  8.49973E-05  2.62085E-02
  1.3900000000E+00  1.4000000000E+00  8.49970E-05  6.01892E-02
  1.4000000000E+00  1.4100000000E+00  8.50212E-05  3.18753E-02
  1.4100000000E+00  1.4200000000E+00  8.49784E-05  2.69047E-02
  1.4200000000E+00  1.4300000000E+00  8.49437E-05  4.48723E-02
  1.4300000000E+00  1.4400000000E+00  8.49103E-05  5.59980E-02
  1.4400000000E+00  1.4500000000E+00  8.49427E-05  3.52403E-02
  1.4500000000E+00  1.4600000000E+00  8.48805E-05  5.50405E-02
  1.4600000000E+00  1.4700000000E+00  8.48422E-05  7.22949E-02
  1.4700000000E+00  1.4800000000E+00  8.49302E-05  5.15099E-02
  1.4800000000E+00  1.4900000000E+00  8.49458E-05  7.34870E-02
  1.4900000000E+00  1.5000000000E+00  8.49265E-05  5.38605E-02
  1.5000000000E+00  1.5100000000E+00  8.49142E-05  7.60693E-02
  1.5100000000E+00  1.5200000000E+00  8.50467E-05  8.82179E-02
  1.5200000000E+00  1.5300000000E+00  8.50445E-05  5.06964E-02
  1.5300000000E+00  1.5400000000E+00  8.48985E-05  4.82685E-02
  1.5400000000E+00  1.5500000000E+00  8.49066E-05  6.47759E-02
  1.5500000000E+00  1.5600000000E+00  8.48759E-05  4.90198E-02
  1.5600000000E+00  1.5700000000E+00  8.48751E-05  5.91010E-02
  1.5700000000E+00  1.5800000000E+00  8.49084E-05  4.26025E-02
  1.5800000000E+00  1.5900000000E+00  8.48836E-05  8.70748E-02
  1.5900000000E+00  1.6000000000E+00  8.49376E-05  4.63616E-02
  1.6000000000E+00  1.6100000000E+00  8.49512E-05  5.49240E-02
  1.6100000000E+00  1.6200000000E+00  8.49542E-05  4.17311E-02
  1.6200000000E+00  1.6300000000E+00  8.49127E-05  2.70261E-02
  1.6300000000E+00  1.6400000000E+00  8.50204E-05  2.83735E-02
  1.6400000000E+00  1.6500000000E+00  8.49567E-05  4.01649E-02
  1.6500000000E+00  1.6600000000E+00  8.50289E-05  1.04985E-01
  1.6600000000E+00  1.6700000000E+00  8.48929E-05  5.11074E-02
  1.6700000000E+00  1.6800000000E+00  8.49626E-05  4.26281E-02
  1.6800000000E+00  1.6900000000E+00  8.49568E-05  6.40415E-02
  1.6900000000E+00  1.7000000000E+00  8.49720E-05  5.69058E-02
  1.7000000000E+00  1.7100000000E+00  8.50946E-05  6.59104E-02
  1.7100000000E+00  1.7200000000E+00  8.50852E-05  3.13388E-02
  1.7200000000E+00  1.7300000000E+00  8.49656E-05  6.62292E-02
  1.7300000000E+00  1.7400000000E+00  8.50352E-05  4.58591E-02
  1.7400000000E+00  1.7500000000E+00  8.50905E-05  4.45301E-02
  1.7500000000E+00  1.7600000000E+00  8.51264E-05  6.90117E-02
  1.7600000000E+00  1.7700000000E+00  8.52229E-05  5.82734E-02
  1.7700000000E+00  1.7800000000E+00  8.52644E-05  3.68016E-02
  1.7800000000E+00  1.7900000000E+00  8.52734E-05  7.86733E-02
  1.7900000000E+00  1.8000000000E+00  8.53610E-05  6.64305E-02
  1.8000000000E+00  1.8100000000E+00  8.53750E-05  8.05234E-02
  1.8100000000E+00  1.8200000000E+00  8.54874E-05  6.52980E-02
  1.8200000000E+00  1.8300000000E+00  8.55399E-05  6.21874E-02
  1.8300000000E+00  1.8400000000E+00  8.55659E-05  7.82692E-02
  1.8400000000E+00  1.8500000000E+00  8.56891E-05  4.10422E-02
  1.8500000000E+00  1.8600000000E+00  8.56058E-05  4.37407E-02
  1.8600000000E+00  1.8700000000E+00  8.55763E-05  7.18930E-02
  1.8700000000E+00  1.8800000000E+00  8.55549E-05  3.52594E-02
  1.8800000000E+00  1.8900000000E+00  8.55428E-05  1.96871E-02
  1.8900000000E+00  1.9000000000E+00  8.55310E-05  5.99421E-02
  1.9000000000E+00  1.9100000000E+00  8.55234E-05  7.34284E-02
  1.9100000000E+00  1.9200000000E+00  8.56105E-05  7.58161E-02
  1.9200000000E+00  1.9300000000E+00  8.55761E-05  2.75270E-02
  1.9300000000E+00  1.9400000000E+00  8.55874E-05  4.92060E-02
  1.9400000000E+00  1.9500000000E+00  8.56452E-05  6.23274E-02
  1.9500000000E+00  1.9600000000E+00  8.55895E-05  5.63511E-02
  1.9600000000E+00  1.9700000000E+00  8.55645E-05  4.02609E-02
  1.9700000000E+00  1.9800000000E+00  8.56462E-05  7.72012E-02
  1.9800000000E+00  1.9900000000E+00  8.56037E-05  3.93746E-02
  1.9900000000E+00  2.0000000000E+00  8.55867E-05  7.79493E-02
  2.0000000000E+00  2.0100000000E+00  8.55929E-05  4.57950E-02
  2.0100000000E+00  2.0200000000E+00  8.56644E-05  2.49341E-02
  2.0200000000E+00  2.0300000000E+00  8.56019E-05  2.40008E-02
  2.0300000000E+00  2.0400000000E+00  8.56010E-05  7.99302E-02
  2.0400000000E+00  2.0500000000E+00  8.55619E-05  6.18070E-02
  2.0500000000E+00  2.0600000000E+00  8.56544E-05  6.14039E-02
  2.0600000000E+00  2.0700000000E+00  8.56384E-05  5.09245E-02
  2.0700000000E+00  2.0800000000E+00  8.57056E-05  6.57837E-02
  2.0800000000E+00  2.0900000000E+00  8.57429E-05  8.50550E-02
  2.0900000000E+00  2.1000000000E+00  8.57550E-05  4.56370E-02
  2.1000000000E+00  2.1100000000E+00  8.57259E-05  4.75599E-02
  2.1100000000E+00  2.1200000000E+00  8.57727E-05  9.89621E-02
  2.1200000000E+00  2.1300000000E+00  8.57627E-05  3.46910E-02
  2.1300000000E+00  2.1400000000E+00  8.57989E-05  6.61529E-02
  2.1400000000E+00  2.1500000000E+00  8.58398E-05  5.01002E-02
  2.1500000000E+00  2.1600000000E+00  8.58221E-05  7.38169E-02
  2.1600000000E+00  2.1700000000E+00  8.58966E-05  4.67497E-02
  2.1700000000E+00  2.1800000000E+00  8.59588E-05  8.95554E-02
  2.1800000000E+00  2.1900000000E+00  8.60331E-05  2.39320E-02
  2.1900000000E+00  2.2000000000E+00  8.61044E-05  6.64957E-02
  2.2000000000E+00  2.2100000000E+00  8.61562E-05  2.68204E-02
  2.2100000000E+00  2.2200000000E+00  8.62303E-05  5.09810E-02
  2.2200000000E+00  2.2300000000E+00  8.62686E-05  7.02725E-02
  2.2300000000E+00  2.2400000000E+00  8.62804E-05  7.31914E-02
  2.2400000000E+00  2.2500000000E+00  8.63335E-05  7.01116E-02
  2.2500000000E+00  2.2600000000E+00  8.63660E-05  5.70015E-02
  2.2600000000E+00  2.2700000000E+00  8.63709E-05  3.43737E-02
  2.2700000000E+00  2.2800000000E+00  8.63601E-05  4.63049E-02
  2.2800000000E+00  2.2900000000E+00  8.63996E-05  4.92412E-02
  2.2900000000E+00  2.3000000000E+00  8.63903E-05  7.56906E-02
  2.3000000000E+00  2.3100000000E+00  8.63660E-05  5.31602E-02
  2.3100000000E+00  2.3200000000E+00  8.63946E-05  3.07550E-02
  2.3200000000E+00  2.3300000000E+00  8.64624E-05  3.11986E-02
  2.3300000000E+00  2.3400000000E+00  8.63837E-05  7.73732E-02
  2.3400000000E+00  2.3500000000E+00  8.63845E-05  2.46172E-02
  2.3500000000E+00  2.3600000000E+00  8.64068E-05  3.68581E-02
  2.3600000000E+00  2.3700000000E+00  8.64546E-05  3.43289E-02
  2.3700000000E+00  2.3800000000E+00  8.63540E-05  4.04333E-02
  2.3800000000E+00  2.3900000000E+00  8.64974E-05  7.30867E-02
  2.3900000000E+00  2.4000000000E+00  8.64110E-05  1.41480E-01
  2.4000000000E+00  2.4100000000E+00  8.64667E-05  7.18095E-02
  2.4100000000E+00  2.4200000000E+00  8.65278E-05  6.63745E-02
  2.4200000000E+00  2.4300000000E+00  8.64654E-05  4.87599E-02
  2.4300000000E+00  2.4400000000E+00  8.64579E-05  7.52890E-02
  2.4400000000E+00  2.4500000000E+00  8.65641E-05  6.64244E-02
  2.4500000000E+00  2.4600000000E+00  8.65844E-05  6.64156E-02
  2.4600000000E+00  2.4700000000E+00  8.65483E-05  4.68078E-02
  2.4700000000E+00  2.4800000000E+00  8.65518E-05  4.79264E-02
  2.4800000000E+00  2.4900000000E+00  8.66320E-05  6.77671E-02
  2.4900000000E+00  2.5000000000E+00  8.66310E-05  2.53009E-02
  2.5000000000E+00  2.5100000000E+00  8.66340E-05  5.00952E-02
  2.5100000000E+00  2.5200000000E+00  8.67216E-05  1.37947E-02
  2.5200000000E+00  2.5300000000E+00  8.67265E-05  4.98381E-02
  2.5300000000E+00  2.5400000000E+00  8.67926E-05  7.03779E-02
  2.5400000000E+00  2.5500000000E+00  8.67551E-05  7.86495E-02
  2.5500000000E+00  2.5600000000E+00  8.69272E-05  4.48001E-02
  2.5600000000E+00  2.5700000000E+00  8.70094E-05  6.81709E-02
  2.5700000000E+00  2.5800000000E+00  8.70189E-05  5.63347E-02
  2.5800000000E+00  2.5900000000E+00  8.71118E-05  6.79191E-02
  2.5900000000E+00  2.6000000000E+00  8.71831E-05  5.11440E-02
  2.6000000000E+00  2.6100000000E+00  8.72631E-05  6.12971E-02
  2.6100000000E+00  2.6200000000E+00  8.73369E-05  1.01877E-01
  2.6200000000E+00  2.6300000000E+00  8.73327E-05  4.32235E-02
  2.6300000000E+00  2.6400000000E+00  8.73219E-05  3.87004E-02
  2.6400000000E+00  2.6500000000E+00  8.73485E-05  4.44463E-02
  2.6500000000E+00  2.6600000000E+00  8.73398E-05  3.05558E-02
  2.6600000000E+00  2.6700000000E+00  8.74034E-05  5.46984E-02
  2.6700000000E+00  2.6800000000E+00  8.74750E-05  7.51185E-02
  2.6800000000E+00  2.6900000000E+00  8.74392E-05  8.11502E-02
  2.6900000000E+00  2.7000000000E+00  8.74323E-05  4.91643E-02
  2.7000000000E+00  2.7100000000E+00  8.75202E-05  5.19190E-02
  2.7100000000E+00  2.7200000000E+00  8.74864E-05  2.36997E-02
  2.7200000000E+00  2.7300000000E+00  8.75339E-05  4.57835E-02
  2.7300000000E+00  2.7400000000E+00  8.75414E-05  5.28229E-02
  2.7400000000E+00  2.7500000000E+00  8.75291E-05  9.39697E-02
  2.7500000000E+00  2.7600000000E+00  8.75351E-05  6.01880E-02
  2.7600000000E+00  2.7700000000E+00  8.75785E-05  3.79784E-02
  2.7700000000E+00  2.7800000000E+00  8.77085E-05  5.03477E-02
  2.7800000000E+00  2.7900000000E+00  8.76355E-05  7.21804E-02
  2.7900000000E+00  2.8000000000E+00  8.77436E-05  5.63384E-02
  2.8000000000E+00  2.8100000000E+00  8.77960E-05  3.09925E-02
  2.8100000000E+00  2.8200000000E+00  8.77997E-05  5.96849E-02
  2.8200000000E+00  2.8300000000E+00  8.78572E-05  8.41310E-02
  2.8300000000E+00  2.8400000000E+00  8.77987E-05  5.28783E-02
  2.8400000000E+00  2.8500000000E+00  8.78861E-05  5.79733E-02
  2.8500000000E+00  2.8600000000E+00  8.79392E-05  5.80082E-02
  2.8600000000E+00  2.8700000000E+00  8.78558E-05  8.64629E-02
  2.8700000000E+00  2.8800000000E+00  8.78922E-05  6.16837E-02
  2.8800000000E+00  2.8900000000E+00  8.79120E-05  6.95967E-02
  2.8900000000E+00  2.9000000000E+00  8.79573E-05  6.40550E-02
  2.9000000000E+00  2.9100000000E+00  8.80438E-05  3.07228E-02
  2.9100000000E+00  2.9200000000E+00  8.81756E-05  3.06359E-02
  2.9200000000E+00  2.9300000000E+00  8.82776E-05  2.43379E-02
  2.9300000000E+00  2.9400000000E+00  8.82536E-05  7.45413E-02
  2.9400000000E+00  2.9500000000E+00  8.83406E-05  4.19766E-02
  2.9500000000E+00  2.9600000000E+00  8.84149E-05  3.65048E-02
  2.9600000000E+00  2.9700000000E+00  8.84547E-05  3.14582E-02
  2.9700000000E+00  2.9800000000E+00  8.85174E-05  1.44622E-02
  2.9800000000E+00  2.9900000000E+00  8.85379E-05  4.63215E-02
  2.9900000000E+00  3.0000000000E+00  8.85681E-05  3.41203E-02
  3.0000000000E+00  3.0100000000E+00  8.86198E-05  3.92267E-02
  3.0100000000E+00  3.0200000000E+00  8.86147E-05  4.36835E-02
  3.0200000000E+00  3.0300000000E+00  8.86862E-05  5.62284E-02
  3.0300000000E+00  3.0400000000E+00  8.87850E-05  8.12306E-02
  3.0400000000E+00  3.0500000000E+00  8.87332E-05  3.45439E-02
  3.0500000000E+00  3.0600000000E+00  8.88150E-05  4.57014E-02
  3.0600000000E+00  3.0700000000E+00  8.88411E-05  5.37821E-02
  3.0700000000E+00  3.0800000000E+00  8.88765E-05  7.87383E-02
  3.0800000000E+00  3.0900000000E+00  8.88495E-05  8.75890E-02
  3.0900000000E+00  3.1000000000E+00  8.88059E-05  3.14135E-02
  3.1000000000E+00  3.1100000000E+00  8.88207E-05  8.01170E-02
  3.1100000000E+00  3.1200000000E+00  8.88628E-05  1.06846E-01
  3.1200000000E+00  3.1300000000E+00  8.89512E-05  9.19372E-02
  3.1300000000E+00  3.1400000000E+00  8.88954E-05  6.92406E-02
  3.1400000000E+00  3.1500000000E+00  8.89886E-05  5.99389E-02
  3.1500000000E+00  3.1600000000E+00  8.90265E-05  7.44604E-02
  3.1600000000E+00  3.1700000000E+00  8.90850E-05  6.81077E-02
  3.1700000000E+00  3.1800000000E+00  8.90882E-05  6.61951E-02
  3.1800000000E+00  3.1900000000E+00  8.91984E-05  7.30642E-02
  3.1900000000E+00  3.2000000000E+00  8.92907E-05  5.42795E-02
  3.2000000000E+00  3.2100000000E+00  8.92766E-05  7.93570E-02
  3.2100000000E+00  3.2200000000E+00  8.92883E-05  9.31617E-02
  3.2200000000E+00  3.2300000000E+00  8.93001E-05  5.68290E-02
  3.2300000000E+00  3.2400000000E+00  8.93518E-05  4.84424E-02
  3.2400000000E+00  3.2500000000E+00  8.93448E-05  5.81947E-02
  3.2500000000E+00  3.2600000000E+00  8.94672E-05  4.84225E-02
  3.2600000000E+00  3.2700000000E+00  8.95649E-05  5.98602E-02
  3.2700000000E+00  3.2800000000E+00  8.95747E-05  3.78272E-02
  3.2800000000E+00  3.2900000000E+00  8.96093E-05  5.07779E-02
  3.2900000000E+00  3.3000000000E+00  8.97267E-05  4.28463E-02
  3.3000000000E+00  3.3100000000E+00  8.98309E-05  5.38044E-02
  3.3100000000E+00  3.3200000000E+00  8.98769E-05  6.89096E-02
  3.3200000000E+00  3.3300000000E+00  8.98815E-05  1.43559E-02
  3.3300000000E+00  3.3400000000E+00  8.99955E-05  4.39258E-02
  3.3400000000E+00  3.3500000000E+00  8.99987E-05  5.11180E-02
  3.3500000000E+00  3.3600000000E+00  9.00743E-05  9.62118E-02
  3.3600000000E+00  3.3700000000E+00  9.00806E-05  9.79997E-02
  3.3700000000E+00  3.3800000000E+00  9.01535E-05  6.75180E-02
  3.3800000000E+00  3.3900000000E+00  9.02650E-05  2.50638E-02
  3.3900000000E+00  3.4000000000E+00  9.02443E-05  6.81918E-02
  3.4000000000E+00  3.4100000000E+00  9.03137E-05  6.64933E-02
  3.4100000000E+00  3.4200000000E+00  9.03812E-05  5.54801E-02
  3.4200000000E+00  3.4300000000E+00  9.04725E-05  9.40342E-02
  3.4300000000E+00  3.4400000000E+00  9.03880E-05  6.60590E-02
  3.4400000000E+00  3.4500000000E+00  9.04930E-05  6.94971E-02
  3.4500000000E+00  3.4600000000E+00  9.04977E-05  7.93486E-02
  3.4600000000E+00  3.4700000000E+00  9.04635E-05  2.03217E-02
  3.4700000000E+00  3.4800000000E+00  9.05507E-05  5.81311E-02
  3.4800000000E+00  3.4900000000E+00  9.05840E-05  8.20248E-02
  3.4900000000E+00  3.5000000000E+00  9.06590E-05  4.41043E-02
  3.5000000000E+00  3.5100000000E+00  9.05966E-05  7.10850E-02
  3.5100000000E+00  3.5200000000E+00  9.07157E-05  6.91828E-02
  3.5200000000E+00  3.5300000000E+00  9.07573E-05  5.96465E-02
  3.5300000000E+00  3.5400000000E+00  9.07915E-05  8.22605E-02
  3.5400000000E+00  3.5500000000E+00  9.08532E-05  5.97109E-02
  3.5500000000E+00  3.5600000000E+00  9.10033E-05  4.17117E-02
  3.5600000000E+00  3.5700000000E+00  9.10374E-05  6.03882E-02
  3.5700000000E+00  3.5800000000E+00  9.11728E-05  5.97536E-02
  3.5800000000E+00  3.5900000000E+00  9.12833E-05  3.71340E-02
  3.5900000000E+00  3.6000000000E+00  9.13388E-05  7.51571E-02
  3.6000000000E+00  3.6100000000E+00  9.13797E-05  5.41379E-02
  3.6100000000E+00  3.6200000000E+00  9.14201E-05  8.08278E-02
  3.6200000000E+00  3.6300000000E+00  9.15048E-05  4.07315E-02
  3.6300000000E+00  3.6400000000E+00  9.15303E-05  2.80658E-02
  3.6400000000E+00  3.6500000000E+00  9.16366E-05  4.14128E-02
  3.6500000000E+00  3.6600000000E+00  9.17127E-05  3.50793E-02
  3.6600000000E+00  3.6700000000E+00  9.18265E-05  8.95752E-02
  3.6700000000E+00  3.6800000000E+00  9.17951E-05  4.05698E-02
  3.6800000000E+00  3.6900000000E+00  9.18977E-05  8.45670E-02
  3.6900000000E+00  3.7000000000E+00  9.19326E-05  4.91714E-02
  3.7000000000E+00  3.7100000000E+00  9.19414E-05  4.91774E-02
  3.7100000000E+00  3.7200000000E+00  9.19264E-05  3.18815E-02
  3.7200000000E+00  3.7300000000E+00  9.20643E-05  3.83168E-02
  3.7300000000E+00  3.7400000000E+00  9.20836E-05  5.97193E-02
  3.7400000000E+00  3.7500000000E+00  9.21836E-05  9.78010E-02
  3.7500000000E+00  3.7600000000E+00  9.22486E-05  2.67140E-02
  3.7600000000E+00  3.7700000000E+00  9.22495E-05  8.82438E-02
  3.7700000000E+00  3.7800000000E+00  9.22219E-05  5.19907E-02
  3.7800000000E+00  3.7900000000E+00  9.23598E-05  3.94436E-02
  3.7900000000E+00  3.8000000000E+00  9.23964E-05  4.38370E-02
  3.8000000000E+00  3.8100000000E+00  9.23864E-05  3.69985E-02
  3.8100000000E+00  3.8200000000E+00  9.25275E-05  6.57891E-02
  3.8200000000E+00  3.8300000000E+00  9.26342E-05  3.78037E-02
  3.8300000000E+00  3.8400000000E+00  9.27446E-05  5.01803E-02
  3.8400000000E+00  3.8500000000E+00  9.27436E-05  6.62790E-02
  3.8500000000E+00  3.8600000000E+00  9.27739E-05  6.36800E-02
  3.8600000000E+00  3.8700000000E+00  9.28555E-05  4.16715E-02
  3.8700000000E+00  3.8800000000E+00  9.29554E-05  7.22461E-02
  3.8800000000E+00  3.8900000000E+00  9.29965E-05  7.79070E-02
  3.8900000000E+00  3.9000000000E+00  9.29664E-05  2.16396E-02
  3.9000000000E+00  3.9100000000E+00  9.31231E-05  4.44759E-02
  3.9100000000E+00  3.9200000000E+00  9.32991E-05  4.21085E-02
  3.9200000000E+00  3.9300000000E+00  9.33127E-05  5.40366E-02
  3.9300000000E+00  3.9400000000E+00  9.34166E-05  6.28658E-02
  3.9400000000E+00  3.9500000000E+00  9.35230E-05  4.55894E-02
  3.9500000000E+00  3.9600000000E+00  9.35221E-05  3.99138E-02
  3.9600000000E+00  3.9700000000E+00  9.36396E-05  3.40937E-02
  3.9700000000E+00  3.9800000000E+00  9.38095E-05  4.52566E-02
  3.9800000000E+00  3.9900000000E+00  9.38183E-05  4.20368E-02
  3.9900000000E+00  4.0000000000E+00  9.39087E-05  3.34043E-02
  4.0000000000E+00  4.0100000000E+00  9.39897E-05  3.55646E-02
  4.0100000000E+00  4.0200000000E+00  9.40701E-05  2.78767E-02
  4.0200000000E+00  4.0300000000E+00  9.40996E-05  2.10567E-02
  4.0300000000E+00  4.0400000000E+00  9.41867E-05  3.02444E-02
  4.0400000000E+00  4.0500000000E+00  9.42405E-05  2.76823E-02
  4.0500000000E+00  4.0600000000E+00  9.43531E-05  4.17210E-02
  4.0600000000E+00  4.0700000000E+00  9.43835E-05  2.08689E-02
  4.0700000000E+00  4.0800000000E+00  9.45076E-05  3.81838E-02
  4.0800000000E+00  4.0900000000E+00  9.45865E-05  4.53675E-02
  4.0900000000E+00  4.1000000000E+00  9.46407E-05  6.12233E-02
  4.1000000000E+00  4.1100000000E+00  9.47166E-05  6.19326E-02
  4.1100000000E+00  4.1200000000E+00  9.47884E-05  4.33339E-02
  4.1200000000E+00  4.1300000000E+00  9.48763E-05  4.95624E-02
  4.1300000000E+00  4.1400000000E+00  9.49309E-05  5.97983E-02
  4.1400000000E+00  4.1500000000E+00  9.50302E-05  4.98408E-02
  4.1500000000E+00  4.1600000000E+00  9.50593E-05  5.72388E-02
  4.1600000000E+00  4.1700000000E+00  9.52321E-05  5.58169E-02
  4.1700000000E+00  4.1800000000E+00  9.52288E-05  6.16740E-02
  4.1800000000E+00  4.1900000000E+00  9.52803E-05  4.83794E-02
  4.1900000000E+00  4.2000000000E+00  9.54443E-05  5.55780E-02
  4.2000000000E+00  4.2100000000E+00  9.55820E-05  3.78596E-02
  4.2100000000E+00  4.2200000000E+00  9.57028E-05  6.03560E-02
  4.2200000000E+00  4.2300000000E+00  9.57854E-05  1.74433E-02
  4.2300000000E+00  4.2400000000E+00  9.58764E-05  9.03197E-02
  4.2400000000E+00  4.2500000000E+00  9.59543E-05  4.17209E-02
  4.2500000000E+00  4.2600000000E+00  9.60927E-05  4.62262E-02
  4.2600000000E+00  4.2700000000E+00  9.61335E-05  6.15293E-02
  4.2700000000E+00  4.2800000000E+00  9.63053E-05  5.99219E-02
  4.2800000000E+00  4.2900000000E+00  9.62674E-05  7.24909E-02
  4.2900000000E+00  4.3000000000E+00  9.64246E-05  3.02447E-02
  4.3000000000E+00  4.3100000000E+00  9.65075E-05  5.40832E-02
  4.3100000000E+00  4.3200000000E+00  9.66004E-05  7.06712E-02
  4.3200000000E+00  4.3300000000E+00  9.66468E-05  4.86779E-02
  4.3300000000E+00  4.3400000000E+00  9.67812E-05  5.00245E-02
  4.3400000000E+00  4.3500000000E+00  9.69061E-05  4.88909E-02
  4.3500000000E+00  4.3600000000E+00  9.70123E-05  4.51291E-02
  4.3600000000E+00  4.3700000000E+00  9.70710E-05  4.54694E-02
  4.3700000000E+00  4.3800000000E+00  9.71692E-05  4.17815E-02
  4.3800000000E+00  4.3900000000E+00  9.72620E-05  5.38733E-02
  4.3900000000E+00  4.4000000000E+00  9.74059E-05  5.84660E-02
  4.4000000000E+00  4.4100000000E+00  9.75041E-05  1.60272E-02
  4.4100000000E+00  4.4200000000E+00  9.75651E-05  6.71313E-02
  4.4200000000E+00  4.4300000000E+00  9.75799E-05  5.05772E-02
  4.4300000000E+00  4.4400000000E+00  9.77633E-05  5.89519E-02
  4.4400000000E+00  4.4500000000E+00  9.79000E-05  6.09961E-02
  4.4500000000E+00  4.4600000000E+00  9.80583E-05  2.84326E-02
  4.4600000000E+00  4.4700000000E+00  9.80884E-05  3.37355E-02
  4.4700000000E+00  4.4800000000E+00  9.81783E-05  7.57919E-02
  4.4800000000E+00  4.4900000000E+00  9.82938E-05  3.97363E-02
  4.4900000000E+00  4.5000000000E+00  9.84024E-05  4.94035E-02
  4.5000000000E+00  4.5100000000E+00  9.86382E-05  5.70446E-02
  4.5100000000E+00  4.5200000000E+00  9.87788E-05  5.50457E-02
  4.5200000000E+00  4.5300000000E+00  9.88846E-05  4.79998E-02
  4.5300000000E+00  4.5400000000E+00  9.89871E-05  3.54025E-02
  4.5400000000E+00  4.5500000000E+00  9.90650E-05  4.25883E-02
  4.5500000000E+00  4.5600000000E+00  9.92259E-05  5.48804E-02
  4.5600000000E+00  4.5700000000E+00  9.93199E-05  3.24422E-02
  4.5700000000E+00  4.5800000000E+00  9.94524E-05  6.34444E-02
  4.5800000000E+00  4.5900000000E+00  9.95319E-05  6.00095E-02
  4.5900000000E+00  4.6000000000E+00  9.97012E-05  2.30170E-02
  4.6000000000E+00  4.6100000000E+00  9.97675E-05  7.71734E-02
  4.6100000000E+00  4.6200000000E+00  9.98698E-05  6.55791E-02
  4.6200000000E+00  4.6300000000E+00  1.00046E-04  3.10917E-02
  4.6300000000E+00  4.6400000000E+00  1.00190E-04  3.62698E-02
  4.6400000000E+00  4.6500000000E+00  1.00363E-04  5.91284E-02
  4.6500000000E+00  4.6600000000E+00  1.00516E-04  8.64005E-02
  4.6600000000E+00  4.6700000000E+00  1.00610E-04  7.25508E-02
  4.6700000000E+00  4.6800000000E+00  1.00725E-04  5.06565E-02
  4.6800000000E+00  4.6900000000E+00  1.00884E-04  6.66160E-02
  4.6900000000E+00  4.7000000000E+00  1.01068E-04  4.84073E-02
  4.7000000000E+00  4.7100000000E+00  1.01190E-04  8.71334E-02
  4.7100000000E+00  4.7200000000E+00  1.01344E-04  7.01455E-02
  4.7200000000E+00  4.7300000000E+00  1.01518E-04  4.72630E-02
  4.7300000000E+00  4.7400000000E+00  1.01626E-04  4.77757E-02
  4.7400000000E+00  4.7500000000E+00  1.01797E-04  6.27288E-02
  4.7500000000E+00  4.7600000000E+00  1.01944E-04  7.34038E-02
  4.7600000000E+00  4.7700000000E+00  1.02087E-04  7.35207E-02
  4.7700000000E+00  4.7800000000E+00  1.02225E-04  4.83147E-02
  4.7800000000E+00  4.7900000000E+00  1.02396E-04  5.81583E-02
  4.7900000000E+00  4.8000000000E+00  1.02513E-04  7.72179E-02
  4.8000000000E+00  4.8100000000E+00  1.02732E-04  5.56151E-02
  4.8100000000E+00  4.8200000000E+00  1.02844E-04  3.24286E-02
  4.8200000000E+00  4.8300000000E+00  1.03019E-04  3.54688E-02
  4.8300000000E+00  4.8400000000E+00  1.03230E-04  2.67075E-02
  4.8400000000E+00  4.8500000000E+00  1.03372E-04  7.03113E-02
  4.8500000000E+00  4.8600000000E+00  1.03518E-04  3.27159E-02
  4.8600000000E+00  4.8700000000E+00  1.03723E-04  3.33583E-02
  4.8700000000E+00  4.8800000000E+00  1.03885E-04  1.54242E-02
  4.8800000000E+00  4.8900000000E+00  1.04088E-04  8.78557E-02
  4.8900000000E+00  4.9000000000E+00  1.04237E-04  7.42802E-02
  4.9000000000E+00  4.9100000000E+00  1.04463E-04  6.37745E-02
  4.9100000000E+00  4.9200000000E+00  1.04690E-04  3.98476E-02
  4.9200000000E+00  4.9300000000E+00  1.04853E-04  5.06348E-02
  4.9300000000E+00  4.9400000000E+00  1.04964E-04  4.08051E-02
  4.9400000000E+00  4.9500000000E+00  1.05173E-04  7.58794E-02
  4.9500000000E+00  4.9600000000E+00  1.05555E-04  5.33093E-02
  4.9600000000E+00  4.9700000000E+00  1.05749E-04  5.28764E-02
  4.9700000000E+00  4.9800000000E+00  1.05906E-04  4.25179E-02
  4.9800000000E+00  4.9900000000E+00  1.06155E-04  5.78180E-02
  4.9900000000E+00  5.0000000000E+00  1.06299E-04  4.49564E-02
  5.0000000000E+00  5.0100000000E+00  1.06613E-04  8.09327E-02
  5.0100000000E+00  5.0200000000E+00  1.06810E-04  7.05988E-02
  5.0200000000E+00  5.0300000000E+00  1.07071E-04  4.13623E-02
  5.0300000000E+00  5.0400000000E+00  1.07388E-04  3.26688E-02
  5.0400000000E+00  5.0500000000E+00  1.07621E-04  3.65015E-02
  5.0500000000E+00  5.0600000000E+00  1.07880E-04  4.72380E-02
  5.0600000000E+00  5.0700000000E+00  1.08134E-04  6.46361E-02
  5.0700000000E+00  5.0800000000E+00  1.08339E-04  5.33799E-02
  5.0800000000E+00  5.0900000000E+00  1.08634E-04  7.11202E-02
  5.0900000000E+00  5.1000000000E+00  1.08947E-04  3.02367E-02
  5.1000000000E+00  5.1100000000E+00  1.09244E-04  2.67030E-02
  5.1100000000E+00  5.1200000000E+00  1.09489E-04  4.40329E-02
  5.1200000000E+00  5.1300000000E+00  1.09772E-04  2.00908E-02
  5.1300000000E+00  5.1400000000E+00  1.10085E-04  4.02180E-02
  5.1400000000E+00  5.1500000000E+00  1.10393E-04  6.74123E-02
  5.1500000000E+00  5.1600000000E+00  1.10733E-04  7.63605E-02
  5.1600000000E+00  5.1700000000E+00  1.11030E-04  5.89579E-02
  5.1700000000E+00  5.1800000000E+00  1.11360E-04  5.31111E-02
  5.1800000000E+00  5.1900000000E+00  1.11759E-04  4.25155E-02
  5.1900000000E+00  5.2000000000E+00  1.12122E-04  5.85388E-02
  5.2000000000E+00  5.2100000000E+00  1.12558E-04  5.28271E-02
  5.2100000000E+00  5.2200000000E+00  1.12878E-04  3.60541E-02
  5.2200000000E+00  5.2300000000E+00  1.13107E-04  5.30283E-02
  5.2300000000E+00  5.2400000000E+00  1.13459E-04  4.20648E-02
  5.2400000000E+00  5.2500000000E+00  1.13875E-04  3.59165E-02
  5.2500000000E+00  5.2600000000E+00  1.14219E-04  3.20170E-02
  5.2600000000E+00  5.2700000000E+00  1.14506E-04  5.87795E-02
  5.2700000000E+00  5.2800000000E+00  1.14847E-04  7.01729E-02
  5.2800000000E+00  5.2900000000E+00  1.15169E-04  5.20156E-02
  5.2900000000E+00  5.3000000000E+00  1.15474E-04  5.25838E-02
  5.3000000000E+00  5.3100000000E+00  1.15775E-04  4.17693E-02
  5.3100000000E+00  5.3200000000E+00  1.16016E-04  5.18502E-02
  5.3200000000E+00  5.3300000000E+00  1.16260E-04  5.06985E-02
  5.3300000000E+00  5.3400000000E+00  1.16446E-04  6.29779E-02
  5.3400000000E+00  5.3500000000E+00  1.16641E-04  5.09702E-02
  5.3500000000E+00  5.3600000000E+00  1.16790E-04  3.92473E-02
  5.3600000000E+00  5.3700000000E+00  1.16981E-04  4.78520E-02
  5.3700000000E+00  5.3800000000E+00  1.17007E-04  3.95644E-02
  5.3800000000E+00  5.3900000000E+00  1.17118E-04  3.51129E-02
  5.3900000000E+00  5.4000000000E+00  1.17215E-04  1.23921E-02
  5.4000000000E+00  5.4100000000E+00  1.17218E-04  1.99858E-02
  5.4100000000E+00  5.4200000000E+00  1.17225E-04  4.09378E-02
  5.4200000000E+00  5.4300000000E+00  1.17195E-04  7.09575E-02
  5.4300000000E+00  5.4400000000E+00  1.17237E-04  2.37801E-02
  5.4400000000E+00  5.4500000000E+00  1.17082E-04  3.26287E-02
  5.4500000000E+00  5.4600000000E+00  1.16924E-04  5.32422E-02
  5.4600000000E+00  5.4700000000E+00  1.16759E-04  6.79900E-02
  5.4700000000E+00  5.4800000000E+00  1.16632E-04  7.16008E-02
  5.4800000000E+00  5.4900000000E+00  1.16488E-04  7.09717E-02
  5.4900000000E+00  5.5000000000E+00  1.16244E-04  4.98494E-02
  5.5000000000E+00  5.5100000000E+00  1.16099E-04  3.06650E-02
  5.5100000000E+00  5.5200000000E+00  1.15885E-04  3.37781E-02
  5.5200000000E+00  5.5300000000E+00  1.15711E-04  7.56309E-02
  5.5300000000E+00  5.5400000000E+00  1.15485E-04  4.22963E-02
  5.5400000000E+00  5.5500000000E+00  1.15365E-04  4.59634E-02
  5.5500000000E+00  5.5600000000E+00  1.15250E-04  6.07619E-02
  5.5600000000E+00  5.5700000000E+00  1.15029E-04  4.77361E-02
  5.5700000000E+00  5.5800000000E+00  1.14897E-04  3.84288E-02
  5.5800000000E+00  5.5900000000E+00  1.14770E-04  4.78642E-02
  5.5900000000E+00  5.6000000000E+00  1.14700E-04  3.63134E-02
  5.6000000000E+00  5.6100000000E+00  1.14616E-04  3.71981E-02
  5.6100000000E+00  5.6200000000E+00  1.14576E-04  1.58262E-02
  5.6200000000E+00  5.6300000000E+00  1.14547E-04  3.22674E-02
  5.6300000000E+00  5.6400000000E+00  1.14459E-04  4.95018E-02
  5.6400000000E+00  5.6500000000E+00  1.14427E-04  3.39307E-02
  5.6500000000E+00  5.6600000000E+00  1.14475E-04  2.55594E-02
  5.6600000000E+00  5.6700000000E+00  1.14504E-04  2.61107E-02
  5.6700000000E+00  5.6800000000E+00  1.14465E-04  5.82950E-02
  5.6800000000E+00  5.6900000000E+00  1.14563E-04  4.97071E-02
  5.6900000000E+00  5.7000000000E+00  1.14634E-04  8.47716E-02
  5.7000000000E+00  5.7100000000E+00  1.14650E-04  5.10086E-02
  5.7100000000E+00  5.7200000000E+00  1.14796E-04  6.75599E-02
  5.7200000000E+00  5.7300000000E+00  1.14855E-04  1.08024E-01
  5.7300000000E+00  5.7400000000E+00  1.14899E-04  6.82130E-02
  5.7400000000E+00  5.7500000000E+00  1.14927E-04  4.16936E-02
  5.7500000000E+00  5.7600000000E+00  1.14950E-04  5.02208E-02
  5.7600000000E+00  5.7700000000E+00  1.15016E-04  6.27663E-02
  5.7700000000E+00  5.7800000000E+00  1.15017E-04  2.83237E-02
  5.7800000000E+00  5.7900000000E+00  1.14962E-04  7.49459E-02
  5.7900000000E+00  5.8000000000E+00  1.15026E-04  6.51442E-02
  5.8000000000E+00  5.8100000000E+00  1.15023E-04  7.08803E-02
  5.8100000000E+00  5.8200000000E+00  1.15035E-04  5.39948E-02
  5.8200000000E+00  5.8300000000E+00  1.14894E-04  5.18582E-02
  5.8300000000E+00  5.8400000000E+00  1.14797E-04  5.58095E-02
  5.8400000000E+00  5.8500000000E+00  1.14757E-04  4.79267E-02
  5.8500000000E+00  5.8600000000E+00  1.14735E-04  5.66819E-02
  5.8600000000E+00  5.8700000000E+00  1.14602E-04  7.72538E-02
  5.8700000000E+00  5.8800000000E+00  1.14483E-04  5.26182E-02
  5.8800000000E+00  5.8900000000E+00  1.14431E-04  5.40145E-02
  5.8900000000E+00  5.9000000000E+00  1.14321E-04  7.71005E-02
  5.9000000000E+00  5.9100000000E+00  1.14226E-04  4.68108E-02
  5.9100000000E+00  5.9200000000E+00  1.14134E-04  4.27920E-02
  5.9200000000E+00  5.9300000000E+00  1.14134E-04  7.27615E-02
  5.9300000000E+00  5.9400000000E+00  1.13981E-04  5.95684E-02
  5.9400000000E+00  5.9500000000E+00  1.13818E-04  8.13395E-02
  5.9500000000E+00  5.9600000000E+00  1.13792E-04  5.85553E-02
  5.9600000000E+00  5.9700000000E+00  1.13662E-04  6.26295E-02
  5.9700000000E+00  5.9800000000E+00  1.13638E-04  6.09259E-02
  5.9800000000E+00  5.9900000000E+00  1.13530E-04  8.55234E-02
  5.9900000000E+00  6.0000000000E+00  1.13546E-04  5.48095E-02
  6.0000000000E+00  6.0100000000E+00  1.13599E-04  5.64818E-02
  6.0100000000E+00  6.0200000000E+00  1.13491E-04  1.90389E-02
  6.0200000000E+00  6.0300000000E+00  1.13518E-04  5.36178E-02
  6.0300000000E+00  6.0400000000E+00  1.13603E-04  4.93745E-02
  6.0400000000E+00  6.0500000000E+00  1.13605E-04  4.01160E-02
  6.0500000000E+00  6.0600000000E+00  1.13690E-04  3.99889E-02
  6.0600000000E+00  6.0700000000E+00  1.13743E-04  3.66773E-02
  6.0700000000E+00  6.0800000000E+00  1.13752E-04  3.23266E-02
  6.0800000000E+00  6.0900000000E+00  1.13909E-04  2.04024E-02
  6.0900000000E+00  6.1000000000E+00  1.13955E-04  4.03768E-02
  6.1000000000E+00  6.1100000000E+00  1.14107E-04  5.14576E-02
  6.1100000000E+00  6.1200000000E+00  1.14164E-04  2.84050E-02
  6.1200000000E+00  6.1300000000E+00  1.14329E-04  3.96873E-02
  6.1300000000E+00  6.1400000000E+00  1.14358E-04  6.29301E-02
  6.1400000000E+00  6.1500000000E+00  1.14420E-04  3.45517E-02
  6.1500000000E+00  6.1600000000E+00  1.14563E-04  4.04999E-02
  6.1600000000E+00  6.1700000000E+00  1.14583E-04  4.01309E-02
  6.1700000000E+00  6.1800000000E+00  1.14603E-04  4.51794E-02
  6.1800000000E+00  6.1900000000E+00  1.14673E-04  5.30392E-02
  6.1900000000E+00  6.2000000000E+00  1.14581E-04  4.86270E-02
  6.2000000000E+00  6.2100000000E+00  1.14599E-04  6.80382E-02
  6.2100000000E+00  6.2200000000E+00  1.14636E-04  5.50577E-02
  6.2200000000E+00  6.2300000000E+00  1.14595E-04  4.51215E-02
  6.2300000000E+00  6.2400000000E+00  1.14483E-04  2.45275E-02
  6.2400000000E+00  6.2500000000E+00  1.14453E-04  5.08360E-02
  6.2500000000E+00  6.2600000000E+00  1.14340E-04  4.95450E-02
  6.2600000000E+00  6.2700000000E+00  1.14337E-04  1.32891E-02
  6.2700000000E+00  6.2800000000E+00  1.14135E-04  3.77348E-02
  6.2800000000E+00  6.2900000000E+00  1.14052E-04  2.98636E-02
  6.2900000000E+00  6.3000000000E+00  1.13994E-04  5.03118E-02
  6.3000000000E+00  6.3100000000E+00  1.13822E-04  5.63930E-02
  6.3100000000E+00  6.3200000000E+00  1.13734E-04  7.98120E-02
  6.3200000000E+00  6.3300000000E+00  1.13606E-04  8.78893E-02
  6.3300000000E+00  6.3400000000E+00  1.13482E-04  6.95126E-02
  6.3400000000E+00  6.3500000000E+00  1.13311E-04  6.22572E-02
  6.3500000000E+00  6.3600000000E+00  1.13135E-04  5.03200E-02
  6.3600000000E+00  6.3700000000E+00  1.13148E-04  7.16389E-02
  6.3700000000E+00  6.3800000000E+00  1.13072E-04  7.43175E-02
  6.3800000000E+00  6.3900000000E+00  1.13075E-04  6.01909E-02
  6.3900000000E+00  6.4000000000E+00  1.12984E-04  9.08736E-02
  6.4000000000E+00  6.4100000000E+00  1.12853E-04  6.88281E-02
  6.4100000000E+00  6.4200000000E+00  1.12764E-04  7.18977E-02
  6.4200000000E+00  6.4300000000E+00  1.12787E-04  7.99138E-02
  6.4300000000E+00  6.4400000000E+00  1.12824E-04  5.14655E-02
  6.4400000000E+00  6.4500000000E+00  1.12803E-04  4.34746E-02
  6.4500000000E+00  6.4600000000E+00  1.12932E-04  6.15578E-02
  6.4600000000E+00  6.4700000000E+00  1.12938E-04  5.59959E-02
  6.4700000000E+00  6.4800000000E+00  1.12947E-04  7.37649E-02
  6.4800000000E+00  6.4900000000E+00  1.13064E-04  3.12212E-02
  6.4900000000E+00  6.5000000000E+00  1.13163E-04  2.10150E-02
  6.5000000000E+00  6.5100000000E+00  1.13241E-04  6.72252E-02
  6.5100000000E+00  6.5200000000E+00  1.13384E-04  4.89968E-02
  6.5200000000E+00  6.5300000000E+00  1.13378E-04  5.05487E-02
  6.5300000000E+00  6.5400000000E+00  1.13544E-04  8.24630E-02
  6.5400000000E+00  6.5500000000E+00  1.13589E-04  5.05835E-02
  6.5500000000E+00  6.5600000000E+00  1.13671E-04  6.08639E-02
  6.5600000000E+00  6.5700000000E+00  1.13630E-04  4.59987E-02
  6.5700000000E+00  6.5800000000E+00  1.13659E-04  6.14687E-02
  6.5800000000E+00  6.5900000000E+00  1.13791E-04  6.61268E-02
  6.5900000000E+00  6.6000000000E+00  1.13910E-04  3.65328E-02
  6.6000000000E+00  6.6100000000E+00  1.13907E-04  4.45984E-02
  6.6100000000E+00  6.6200000000E+00  1.13875E-04  4.81455E-02
  6.6200000000E+00  6.6300000000E+00  1.13811E-04  5.49976E-02
  6.6300000000E+00  6.6400000000E+00  1.13895E-04  3.74301E-02
  6.6400000000E+00  6.6500000000E+00  1.13806E-04  5.26285E-02
  6.6500000000E+00  6.6600000000E+00  1.13702E-04  5.72969E-02
  6.6600000000E+00  6.6700000000E+00  1.13734E-04  5.09259E-02
  6.6700000000E+00  6.6800000000E+00  1.13742E-04  4.00958E-02
  6.6800000000E+00  6.6900000000E+00  1.13659E-04  5.04508E-02
  6.6900000000E+00  6.7000000000E+00  1.13538E-04  3.70166E-02
  6.7000000000E+00  6.7100000000E+00  1.13467E-04  7.75044E-02
  6.7100000000E+00  6.7200000000E+00  1.13309E-04  2.48433E-02
  6.7200000000E+00  6.7300000000E+00  1.13186E-04  5.24245E-02
  6.7300000000E+00  6.7400000000E+00  1.13001E-04  2.92565E-02
  6.7400000000E+00  6.7500000000E+00  1.12925E-04  3.46918E-02
  6.7500000000E+00  6.7600000000E+00  1.12820E-04  2.21175E-02
  6.7600000000E+00  6.7700000000E+00  1.12672E-04  4.73227E-02
  6.7700000000E+00  6.7800000000E+00  1.12684E-04  6.18716E-02
  6.7800000000E+00  6.7900000000E+00  1.12517E-04  6.58977E-02
  6.7900000000E+00  6.8000000000E+00  1.12447E-04  4.91294E-02
  6.8000000000E+00  6.8100000000E+00  1.12357E-04  4.16985E-02
  6.8100000000E+00  6.8200000000E+00  1.12322E-04  4.55849E-02
  6.8200000000E+00  6.8300000000E+00  1.12284E-04  5.81548E-02
  6.8300000000E+00  6.8400000000E+00  1.12246E-04  2.86021E-02
  6.8400000000E+00  6.8500000000E+00  1.12254E-04  7.06669E-02
  6.8500000000E+00  6.8600000000E+00  1.12313E-04  6.57905E-02
  6.8600000000E+00  6.8700000000E+00  1.12251E-04  7.55212E-02
  6.8700000000E+00  6.8800000000E+00  1.12355E-04  4.69811E-02
  6.8800000000E+00  6.8900000000E+00  1.12309E-04  3.60833E-02
  6.8900000000E+00  6.9000000000E+00  1.12347E-04  7.36401E-02
  6.9000000000E+00  6.9100000000E+00  1.12512E-04  3.35884E-02
  6.9100000000E+00  6.9200000000E+00  1.12637E-04  2.72802E-02
  6.9200000000E+00  6.9300000000E+00  1.12687E-04  5.74704E-02
  6.9300000000E+00  6.9400000000E+00  1.12776E-04  7.30832E-02
  6.9400000000E+00  6.9500000000E+00  1.12902E-04  5.07179E-02
  6.9500000000E+00  6.9600000000E+00  1.12904E-04  6.03977E-02
  6.9600000000E+00  6.9700000000E+00  1.12942E-04  5.43953E-02
  6.9700000000E+00  6.9800000000E+00  1.13010E-04  5.26384E-02
  6.9800000000E+00  6.9900000000E+00  1.13176E-04  6.67364E-02
  6.9900000000E+00  7.0000000000E+00  1.13189E-04  4.22705E-02
  7.0000000000E+00  7.0100000000E+00  1.13275E-04  5.23214E-02
  7.0100000000E+00  7.0200000000E+00  1.13295E-04  7.21615E-02
  7.0200000000E+00  7.0300000000E+00  1.13307E-04  3.53559E-02
  7.0300000000E+00  7.0400000000E+00  1.13298E-04  6.49233E-02
  7.0400000000E+00  7.0500000000E+00  1.13332E-04  4.68452E-02
  7.0500000000E+00  7.0600000000E+00  1.13320E-04  6.29509E-02
  7.0600000000E+00  7.0700000000E+00  1.13250E-04  6.67032E-02
  7.0700000000E+00  7.0800000000E+00  1.13241E-04  8.86193E-02
  7.0800000000E+00  7.0900000000E+00  1.13083E-04  5.36516E-02
  7.0900000000E+00  7.1000000000E+00  1.13017E-04  4.91548E-02
  7.1000000000E+00  7.1100000000E+00  1.12907E-04  5.20383E-02
  7.1100000000E+00  7.1200000000E+00  1.12817E-04  7.46015E-02
  7.1200000000E+00  7.1300000000E+00  1.12722E-04  6.03391E-02
  7.1300000000E+00  7.1400000000E+00  1.12563E-04  7.20314E-02
  7.1400000000E+00  7.1500000000E+00  1.12386E-04  4.65359E-02
  7.1500000000E+00  7.1600000000E+00  1.12226E-04  3.24662E-02
  7.1600000000E+00  7.1700000000E+00  1.12122E-04  6.91110E-02
  7.1700000000E+00  7.1800000000E+00  1.11972E-04  2.44839E-02
  7.1800000000E+00  7.1900000000E+00  1.11831E-04  3.63265E-02
  7.1900000000E+00  7.2000000000E+00  1.11716E-04  4.67183E-02
  7.2000000000E+00  7.2100000000E+00  1.11514E-04  6.84012E-02
  7.2100000000E+00  7.2200000000E+00  1.11412E-04  6.21288E-02
  7.2200000000E+00  7.2300000000E+00  1.11234E-04  6.64871E-02
  7.2300000000E+00  7.2400000000E+00  1.11049E-04  9.10821E-02
  7.2400000000E+00  7.2500000000E+00  1.10978E-04  1.09797E-01
  7.2500000000E+00  7.2600000000E+00  1.10901E-04  4.66618E-02
  7.2600000000E+00  7.2700000000E+00  1.10818E-04  8.19474E-02
  7.2700000000E+00  7.2800000000E+00  1.10802E-04  5.85112E-02
  7.2800000000E+00  7.2900000000E+00  1.10756E-04  9.41808E-02
  7.2900000000E+00  7.3000000000E+00  1.10703E-04  8.07482E-02
  7.3000000000E+00  7.3100000000E+00  1.10625E-04  4.69143E-02
  7.3100000000E+00  7.3200000000E+00  1.10611E-04  7.48713E-02
  7.3200000000E+00  7.3300000000E+00  1.10619E-04  7.71318E-02
  7.3300000000E+00  7.3400000000E+00  1.10585E-04  8.41508E-02
  7.3400000000E+00  7.3500000000E+00  1.10676E-04  9.93211E-02
  7.3500000000E+00  7.3600000000E+00  1.10725E-04  7.10932E-02
  7.3600000000E+00  7.3700000000E+00  1.10843E-04  9.37547E-02
  7.3700000000E+00  7.3800000000E+00  1.10887E-04  8.83642E-02
  7.3800000000E+00  7.3900000000E+00  1.10955E-04  9.07411E-02
  7.3900000000E+00  7.4000000000E+00  1.10962E-04  6.36470E-02
  7.4000000000E+00  7.4100000000E+00  1.11032E-04  8.25649E-02
  7.4100000000E+00  7.4200000000E+00  1.11122E-04  8.20828E-02
  7.4200000000E+00  7.4300000000E+00  1.11125E-04  7.41731E-02
  7.4300000000E+00  7.4400000000E+00  1.11147E-04  6.73849E-02
  7.4400000000E+00  7.4500000000E+00  1.11210E-04  8.42141E-02
  7.4500000000E+00  7.4600000000E+00  1.11196E-04  6.32991E-02
  7.4600000000E+00  7.4700000000E+00  1.11226E-04  7.39411E-02
  7.4700000000E+00  7.4800000000E+00  1.11200E-04  6.31741E-02
  7.4800000000E+00  7.4900000000E+00  1.11188E-04  3.14428E-02
  7.4900000000E+00  7.5000000000E+00  1.11124E-04  7.31282E-02
  7.5000000000E+00  7.5100000000E+00  1.11014E-04  5.67020E-02
  7.5100000000E+00  7.5200000000E+00  1.10945E-04  9.58232E-02
  7.5200000000E+00  7.5300000000E+00  1.10890E-04  8.36257E-02
  7.5300000000E+00  7.5400000000E+00  1.10743E-04  7.85633E-02
  7.5400000000E+00  7.5500000000E+00  1.10656E-04  8.68952E-02
  7.5500000000E+00  7.5600000000E+00  1.10506E-04  9.07547E-02
  7.5600000000E+00  7.5700000000E+00  1.10397E-04  6.23461E-02
  7.5700000000E+00  7.5800000000E+00  1.10190E-04  5.71266E-02
  7.5800000000E+00  7.5900000000E+00  1.10021E-04  8.80157E-02
  7.5900000000E+00  7.6000000000E+00  1.09873E-04  1.16434E-01
  7.6000000000E+00  7.6100000000E+00  1.09692E-04  1.00611E-01
  7.6100000000E+00  7.6200000000E+00  1.09535E-04  8.78807E-02
  7.6200000000E+00  7.6300000000E+00  1.09281E-04  1.02133E-01
  7.6300000000E+00  7.6400000000E+00  1.09123E-04  7.00347E-02
  7.6400000000E+00  7.6500000000E+00  1.08998E-04  9.80125E-02
  7.6500000000E+00  7.6600000000E+00  1.08871E-04  8.05349E-02
  7.6600000000E+00  7.6700000000E+00  1.08688E-04  6.29529E-02
  7.6700000000E+00  7.6800000000E+00  1.08605E-04  8.35767E-02
  7.6800000000E+00  7.6900000000E+00  1.08398E-04  7.77345E-02
  7.6900000000E+00  7.7000000000E+00  1.08278E-04  7.31606E-02
  7.7000000000E+00  7.7100000000E+00  1.08194E-04  1.11748E-01
  7.7100000000E+00  7.7200000000E+00  1.08155E-04  8.53185E-02
  7.7200000000E+00  7.7300000000E+00  1.08024E-04  1.28440E-01
  7.7300000000E+00  7.7400000000E+00  1.07966E-04  8.18273E-02
  7.7400000000E+00  7.7500000000E+00  1.07923E-04  7.21472E-02
  7.7500000000E+00  7.7600000000E+00  1.07987E-04  6.73053E-02
  7.7600000000E+00  7.7700000000E+00  1.08002E-04  6.57487E-02
  7.7700000000E+00  7.7800000000E+00  1.08033E-04  4.94147E-02
  7.7800000000E+00  7.7900000000E+00  1.08068E-04  4.08168E-02
  7.7900000000E+00  7.8000000000E+00  1.08127E-04  3.27955E-02
  7.8000000000E+00  7.8100000000E+00  1.08333E-04  5.21947E-02
  7.8100000000E+00  7.8200000000E+00  1.08424E-04  6.81190E-02
  7.8200000000E+00  7.8300000000E+00  1.08463E-04  9.00321E-02
  7.8300000000E+00  7.8400000000E+00  1.08512E-04  8.49183E-02
  7.8400000000E+00  7.8500000000E+00  1.08548E-04  7.43586E-02
  7.8500000000E+00  7.8600000000E+00  1.08619E-04  7.68133E-02
  7.8600000000E+00  7.8700000000E+00  1.08706E-04  9.04905E-02
  7.8700000000E+00  7.8800000000E+00  1.08797E-04  8.11340E-02
  7.8800000000E+00  7.8900000000E+00  1.08849E-04  8.08415E-02
  7.8900000000E+00  7.9000000000E+00  1.08853E-04  9.28346E-02
  7.9000000000E+00  7.9100000000E+00  1.08883E-04  5.79467E-02
  7.9100000000E+00  7.9200000000E+00  1.08943E-04  5.81383E-02
  7.9200000000E+00  7.9300000000E+00  1.08865E-04  7.29332E-02
  7.9300000000E+00  7.9400000000E+00  1.08957E-04  7.52397E-02
  7.9400000000E+00  7.9500000000E+00  1.08918E-04  6.53521E-02
  7.9500000000E+00  7.9600000000E+00  1.08924E-04  7.37417E-02
  7.9600000000E+00  7.9700000000E+00  1.08916E-04  8.81415E-02
  7.9700000000E+00  7.9800000000E+00  1.08804E-04  7.75660E-02
  7.9800000000E+00  7.9900000000E+00  1.08852E-04  5.78482E-02
  7.9900000000E+00  8.0000000000E+00  1.08724E-04  8.78218E-02
  8.0000000000E+00  8.0100000000E+00  1.08647E-04  1.05889E-01
  8.0100000000E+00  8.0200000000E+00  1.08540E-04  9.29275E-02
  8.0200000000E+00  8.0300000000E+00  1.08443E-04  7.34519E-02
  8.0300000000E+00  8.0400000000E+00  1.08326E-04  8.15187E-02
  8.0400000000E+00  8.0500000000E+00  1.08215E-04  9.87284E-02
  8.0500000000E+00  8.0600000000E+00  1.08108E-04  8.93067E-02
  8.0600000000E+00  8.0700000000E+00  1.08024E-04  1.09738E-01
  8.0700000000E+00  8.0800000000E+00  1.07908E-04  1.20150E-01
  8.0800000000E+00  8.0900000000E+00  1.07857E-04  8.19878E-02
  8.0900000000E+00  8.1000000000E+00  1.07745E-04  1.16390E-01
  8.1000000000E+00  8.1100000000E+00  1.07546E-04  1.07656E-01
  8.1100000000E+00  8.1200000000E+00  1.07476E-04  8.26385E-02
  8.1200000000E+00  8.1300000000E+00  1.07434E-04  1.02799E-01
  8.1300000000E+00  8.1400000000E+00  1.07336E-04  1.16901E-01
  8.1400000000E+00  8.1500000000E+00  1.07269E-04  1.00838E-01
  8.1500000000E+00  8.1600000000E+00  1.07142E-04  7.14008E-02
  8.1600000000E+00  8.1700000000E+00  1.07098E-04  8.79086E-02
  8.1700000000E+00  8.1800000000E+00  1.07015E-04  5.06618E-02
  8.1800000000E+00  8.1900000000E+00  1.06851E-04  9.62679E-02
  8.1900000000E+00  8.2000000000E+00  1.06679E-04  3.25844E-02
  8.2000000000E+00  8.2100000000E+00  1.06588E-04  6.28584E-02
  8.2100000000E+00  8.2200000000E+00  1.06571E-04  4.47409E-02
  8.2200000000E+00  8.2300000000E+00  1.06493E-04  4.23634E-02
  8.2300000000E+00  8.2400000000E+00  1.06284E-04  6.16170E-02
  8.2400000000E+00  8.2500000000E+00  1.06135E-04  5.54641E-02
  8.2500000000E+00  8.2600000000E+00  1.05857E-04  6.55651E-02
  8.2600000000E+00  8.2700000000E+00  1.05511E-04  5.97233E-02
  8.2700000000E+00  8.2800000000E+00  1.05212E-04  8.35966E-02
  8.2800000000E+00  8.2900000000E+00  1.04885E-04  8.48850E-02
  8.2900000000E+00  8.3000000000E+00  1.04400E-04  8.07094E-02
  8.3000000000E+00  8.3100000000E+00  1.03889E-04  9.72398E-02
  8.3100000000E+00  8.3200000000E+00  1.03284E-04  7.56441E-02
  8.3200000000E+00  8.3300000000E+00  1.02569E-04  5.63614E-02
  8.3300000000E+00  8.3400000000E+00  1.01832E-04  5.53290E-02
  8.3400000000E+00  8.3500000000E+00  1.00951E-04  5.85981E-02
  8.3500000000E+00  8.3600000000E+00  1.00058E-04  7.03179E-02
  8.3600000000E+00  8.3700000000E+00  9.89835E-05  9.69509E-02
  8.3700000000E+00  8.3800000000E+00  9.78776E-05  1.11393E-01
  8.3800000000E+00  8.3900000000E+00  9.66989E-05  9.61027E-02
  8.3900000000E+00  8.4000000000E+00  9.53488E-05  5.64484E-02
  8.4000000000E+00  8.4100000000E+00  9.39670E-05  7.54953E-02
  8.4100000000E+00  8.4200000000E+00  9.24236E-05  6.03248E-02
  8.4200000000E+00  8.4300000000E+00  9.08226E-05  1.02540E-01
  8.4300000000E+00  8.4400000000E+00  8.90058E-05  1.32845E-01
  8.4400000000E+00  8.4500000000E+00  8.71458E-05  1.28861E-01
  8.4500000000E+00  8.4600000000E+00  8.52047E-05  7.05918E-02
  8.4600000000E+00  8.4700000000E+00  8.31478E-05  8.50978E-02
  8.4700000000E+00  8.4800000000E+00  8.10294E-05  5.27043E-02
  8.4800000000E+00  8.4900000000E+00  7.87820E-05  5.43438E-02
  8.4900000000E+00  8.5000000000E+00  7.64736E-05  5.39889E-02
  8.5000000000E+00  8.5100000000E+00  7.42440E-05  1.16540E-01
  8.5100000000E+00  8.5200000000E+00  7.18601E-05  1.76711E-01
  8.5200000000E+00  8.5300000000E+00  6.95166E-05  1.09057E-01
  8.5300000000E+00  8.5400000000E+00  6.70830E-05  1.38989E-01
  8.5400000000E+00  8.5500000000E+00  6.45190E-05  1.75738E-01
  8.5500000000E+00  8.5600000000E+00  6.18967E-05  1.06853E-01
  8.5600000000E+00  8.5700000000E+00  5.92822E-05  1.26934E-01
  8.5700000000E+00  8.5800000000E+00  5.66603E-05  1.33537E-01
  8.5800000000E+00  8.5900000000E+00  5.41539E-05  7.38761E-02
  8.5900000000E+00  8.6000000000E+00  5.15864E-05  1.10302E-01
  8.6000000000E+00  8.6100000000E+00  4.90016E-05  1.20679E-01
  8.6100000000E+00  8.6200000000E+00  4.64971E-05  9.45706E-02
  8.6200000000E+00  8.6300000000E+00  4.40238E-05  6.80233E-02
  8.6300000000E+00  8.6400000000E+00  4.17774E-05  4.85283E-02
  8.6400000000E+00  8.6500000000E+00  3.93559E-05  1.24536E-01
  8.6500000000E+00  8.6600000000E+00  3.69642E-05  1.17373E-01
  8.6600000000E+00  8.6700000000E+00  3.47670E-05  1.13041E-01
  8.6700000000E+00  8.6800000000E+00  3.25598E-05  1.87010E-01
  8.6800000000E+00  8.6900000000E+00  3.04688E-05  2.53180E-01
  8.6900000000E+00  8.7000000000E+00  2.84217E-05  3.89913E-01
  8.7000000000E+00  8.7100000000E+00  2.64507E-05  3.52499E-01
  8.7100000000E+00  8.7200000000E+00  2.45628E-05  2.85121E-01
  8.7200000000E+00  8.7300000000E+00  2.27648E-05  3.92346E-01
  8.7300000000E+00  8.7400000000E+00  2.10546E-05  2.22300E-01
  8.7400000000E+00  8.7500000000E+00  1.94277E-05  1.69609E-01
  8.7500000000E+00  8.7600000000E+00  1.78659E-05  1.94203E-01
  8.7600000000E+00  8.7700000000E+00  1.64252E-05  2.59258E-01
  8.7700000000E+00  8.7800000000E+00  1.50514E-05  3.69080E-01
  8.7800000000E+00  8.7900000000E+00  1.37726E-05  3.57624E-01
  8.7900000000E+00  8.8000000000E+00  1.25798E-05  6.55421E-01
  8.8000000000E+00  8.8100000000E+00  1.14665E-05  4.30578E-01
  8.8100000000E+00  8.8200000000E+00  1.04203E-05  5.88334E-01
  8.8200000000E+00  8.8300000000E+00  9.41579E-06  5.27336E-01
  8.8300000000E+00  8.8400000000E+00  8.52353E-06  7.45483E-01
  8.8400000000E+00  8.8500000000E+00  7.65801E-06  6.32224E-01
  8.8500000000E+00  8.8600000000E+00  6.92157E-06  3.73188E-01
  8.8600000000E+00  8.8700000000E+00  6.22410E-06  4.98801E-01
  8.8700000000E+00  8.8800000000E+00  5.54921E-06  3.09817E-01
  8.8800000000E+00  8.8900000000E+00  4.97368E-06  5.22897E-01
  8.8900000000E+00  8.9000000000E+00  4.44105E-06  5.33327E-01
  8.9000000000E+00  8.9100000000E+00  3.97330E-06  5.20160E-01
  8.9100000000E+00  8.9200000000E+00  3.52271E-06  7.37173E-01
  8.9200000000E+00  8.9300000000E+00  3.12681E-06  7.32634E-01
  8.9300000000E+00  8.9400000000E+00  2.79860E-06  8.53432E-01
  8.9400000000E+00  8.9500000000E+00  2.47195E-06  1.39443E+00
  8.9500000000E+00  8.9600000000E+00  2.16062E-06  6.37977E-01
  8.9600000000E+00  8.9700000000E+00  1.90788E-06  7.11640E-01
  8.9700000000E+00  8.9800000000E+00  1.66579E-06  4.64098E-01
  8.9800000000E+00  8.9900000000E+00  1.47089E-06  9.78084E-01
  8.9900000000E+00  9.0000000000E+00  1.30175E-06  6.86936E-01
  9.0000000000E+00  9.0100000000E+00  1.12652E-06  8.51287E-01
  9.0100000000E+00  9.0200000000E+00  9.76794E-07  5.19141E-01
  9.0200000000E+00  9.0300000000E+00  8.43037E-07  4.68032E-01
  9.0300000000E+00  9.0400000000E+00  7.39020E-07  4.16442E-01
  9.0400000000E+00  9.0500000000E+00  6.38538E-07  5.92295E-01
  9.0500000000E+00  9.0600000000E+00  5.67642E-07  4.88351E-01
  9.0600000000E+00  9.0700000000E+00  4.98556E-07  1.74581E+00
  9.0700000000E+00  9.0800000000E+00  4.31161E-07  2.00593E+00
  9.0800000000E+00  9.0900000000E+00  3.75416E-07  2.00706E+00
  9.0900000000E+00  9.1000000000E+00  3.21202E-07  2.13480E+00
  9.1000000000E+00  9.1100000000E+00  2.71740E-07  1.06492E+00
  9.1100000000E+00  9.1200000000E+00  2.38725E-07  2.14147E+00
  9.1200000000E+00  9.1300000000E+00  2.16290E-07  4.49902E+00
  9.1300000000E+00  9.1400000000E+00  1.86189E-07  3.54499E+00
  9.1400000000E+00  9.1500000000E+00  1.71616E-07  2.18078E+00
  9.1500000000E+00  9.1600000000E+00  1.50073E-07  2.50439E+00
  9.1600000000E+00  9.1700000000E+00  1.32208E-07  4.67029E+00
  9.1700000000E+00  9.1800000000E+00  1.18997E-07  2.29874E+00
  9.1800000000E+00  9.1900000000E+00  1.09480E-07  2.96359E+00
  9.1900000000E+00  9.2000000000E+00  1.00600E-07  5.76880E+00
  9.2000000000E+00  9.2100000000E+00  9.33421E-08  4.96657E+00
  9.2100000000E+00  9.2200000000E+00  8.30245E-08  3.85980E+00
  9.2200000000E+00  9.2300000000E+00  6.66636E-08  5.14806E+00
  9.2300000000E+00  9.2400000000E+00  6.83920E-08  4.40224E+00
  9.2400000000E+00  9.2500000000E+00  6.07129E-08  5.88576E+00
  9.2500000000E+00  9.2600000000E+00  6.44247E-08  9.50951E+00
  9.2600000000E+00  9.2700000000E+00  6.01118E-08  5.31640E+00
  9.2700000000E+00  9.2800000000E+00  5.69267E-08  5.77595E+00
  9.2800000000E+00  9.2900000000E+00  5.86010E-08  7.14210E+00
  9.2900000000E+00  9.3000000000E+00  5.89244E-08  5.91408E+00
  9.3000000000E+00  9.3100000000E+00  5.97383E-08  8.15720E+00
  9.3100000000E+00  9.3200000000E+00  5.59963E-08  9.89257E+00
  9.3200000000E+00  9.3300000000E+00  5.18859E-08  7.87283E+00
  9.3300000000E+00  9.3400000000E+00  5.29643E-08  4.93307E+00
  9.3400000000E+00  9.3500000000E+00  5.02677E-08  2.35967E+00
  9.3500000000E+00  9.3600000000E+00  5.33528E-08  5.12802E+00
  9.3600000000E+00  9.3700000000E+00  5.04662E-08  7.84531E+00
  9.3700000000E+00  9.3800000000E+00  4.76607E-08  4.16134E+00
  9.3800000000E+00  9.3900000000E+00  4.60917E-08  6.28210E+00
  9.3900000000E+00  9.4000000000E+00  4.55901E-08  3.61236E+00
  9.4000000000E+00  9.4100000000E+00  4.68182E-08  5.83789E+00
  9.4100000000E+00  9.4200000000E+00  4.63446E-08  6.40380E+00
  9.4200000000E+00  9.4300000000E+00  5.00192E-08  6.74430E+00
  9.4300000000E+00  9.4400000000E+00  5.28206E-08  3.81775E+00
  9.4400000000E+00  9.4500000000E+00  4.96419E-08  8.47500E+00
  9.4500000000E+00  9.4600000000E+00  5.36109E-08  5.72666E+00
  9.4600000000E+00  9.4700000000E+00  4.88864E-08  7.94430E+00
  9.4700000000E+00  9.4800000000E+00  4.64236E-08  7.73415E+00
  9.4800000000E+00  9.4900000000E+00  5.28347E-08  5.12295E+00
  9.4900000000E+00  9.5000000000E+00  4.45616E-08  8.19205E+00
  9.5000000000E+00  9.5100000000E+00  5.47828E-08  1.03423E+01
  9.5100000000E+00  9.5200000000E+00  5.24374E-08  6.51877E+00
  9.5200000000E+00  9.5300000000E+00  4.30811E-08  7.69316E+00
  9.5300000000E+00  9.5400000000E+00  4.37706E-08  4.90125E+00
  9.5400000000E+00  9.5500000000E+00  4.46955E-08  8.14681E+00
  9.5500000000E+00  9.5600000000E+00  4.36535E-08  6.22567E+00
  9.5600000000E+00  9.5700000000E+00  4.13146E-08  6.96024E+00
  9.5700000000E+00  9.5800000000E+00  4.38599E-08  1.38477E+01
  9.5800000000E+00  9.5900000000E+00  4.60592E-08  8.57886E+00
  9.5900000000E+00  9.6000000000E+00  4.71662E-08  4.39289E+00
  9.6000000000E+00  9.6100000000E+00  5.13663E-08  9.65083E+00
  9.6100000000E+00  9.6200000000E+00  4.60032E-08  5.49650E+00
  9.6200000000E+00  9.6300000000E+00  4.38440E-08  1.10000E+01
  9.6300000000E+00  9.6400000000E+00  4.11735E-08  5.88848E+00
  9.6400000000E+00  9.6500000000E+00  4.66945E-08  8.33040E+00
  9.6500000000E+00  9.6600000000E+00  5.45631E-08  1.09104E+01
  9.6600000000E+00  9.6700000000E+00  4.20551E-08  7.64348E+00
  9.6700000000E+00  9.6800000000E+00  4.86407E-08  7.81833E+00
  9.6800000000E+00  9.6900000000E+00  4.38471E-08  9.96538E+00
  9.6900000000E+00  9.7000000000E+00  4.92042E-08  9.82239E+00
  9.7000000000E+00  9.7100000000E+00  5.83925E-08  7.70257E+00
  9.7100000000E+00  9.7200000000E+00  4.92534E-08  8.89490E+00
  9.7200000000E+00  9.7300000000E+00  5.05930E-08  1.28098E+01
  9.7300000000E+00  9.7400000000E+00  4.42163E-08  1.28776E+01
  9.7400000000E+00  9.7500000000E+00  4.67929E-08  1.33356E+01
  9.7500000000E+00  9.7600000000E+00  4.48077E-08  1.40190E+01
  9.7600000000E+00  9.7700000000E+00  4.34278E-08  8.10291E+00
  9.7700000000E+00  9.7800000000E+00  4.49632E-08  6.48899E+00
  9.7800000000E+00  9.7900000000E+00  4.52104E-08  1.37507E+01
  9.7900000000E+00  9.8000000000E+00  4.24158E-08  5.39316E+00
  9.8000000000E+00  9.8100000000E+00  4.21418E-08  1.00711E+01
  9.8100000000E+00  9.8200000000E+00  4.13506E-08  7.62240E+00
  9.8200000000E+00  9.8300000000E+00  4.05180E-08  8.66750E+00
  9.8300000000E+00  9.8400000000E+00  4.27389E-08  8.68773E+00
  9.8400000000E+00  9.8500000000E+00  4.15359E-08  1.28204E+01
  9.8500000000E+00  9.8600000000E+00  4.44111E-08  1.34895E+01
  9.8600000000E+00  9.8700000000E+00  4.29483E-08  1.15747E+01
  9.8700000000E+00  9.8800000000E+00  3.60002E-08  3.39115E+00
  9.8800000000E+00  9.8900000000E+00  4.25139E-08  7.87405E+00
  9.8900000000E+00  9.9000000000E+00  3.99072E-08  7.98597E+00
  9.9000000000E+00  9.9100000000E+00  3.98629E-08  7.04629E+00
  9.9100000000E+00  9.9200000000E+00  4.56754E-08  7.85389E+00
  9.9200000000E+00  9.9300000000E+00  4.55910E-08  8.29234E+00
  9.9300000000E+00  9.9400000000E+00  4.38496E-08  1.11839E+01
  9.9400000000E+00  9.9500000000E+00  4.56457E-08  2.17653E+00
  9.9500000000E+00  9.9600000000E+00  4.66085E-08  5.64876E+00
  9.9600000000E+00  9.9700000000E+00  4.28082E-08  5.62278E+00
  9.9700000000E+00  9.9800000000E+00  4.02079E-08  6.75084E+00
  9.9800000000E+00  9.9900000000E+00  4.05041E-08  9.41048E+00
  9.9900000000E+00  1.0000000000E+01  5.14817E-08  9.53564E+00
  1.0000000000E+01  1.0010000000E+01  4.18071E-08  3.84908E+00
  1.0010000000E+01  1.0020000000E+01  4.50847E-08  1.25176E+01
  1.0020000000E+01  1.0030000000E+01  4.76898E-08  8.53913E+00
  1.0030000000E+01  1.0040000000E+01  4.30539E-08  5.63282E+00
  1.0040000000E+01  1.0050000000E+01  4.28004E-08  7.04382E+00
  1.0050000000E+01  1.0060000000E+01  4.34767E-08  7.51561E+00
  1.0060000000E+01  1.0070000000E+01  3.97364E-08  4.03224E+00
  1.0070000000E+01  1.0080000000E+01  4.21384E-08  4.94425E+00
  1.0080000000E+01  1.0090000000E+01  4.36655E-08  5.48255E+00
  1.0090000000E+01  1.0100000000E+01  4.00701E-08  1.00138E+01
  1.0100000000E+01  1.0110000000E+01  4.37960E-08  6.52281E+00
  1.0110000000E+01  1.0120000000E+01  4.44203E-08  1.13242E+01
  1.0120000000E+01  1.0130000000E+01  3.94961E-08  8.01545E+00
  1.0130000000E+01  1.0140000000E+01  4.51956E-08  1.60965E+01
  1.0140000000E+01  1.0150000000E+01  3.88448E-08  9.95244E+00
  1.0150000000E+01  1.0160000000E+01  3.26777E-08  7.76478E+00
  1.0160000000E+01  1.0170000000E+01  3.91114E-08  6.70196E+00
  1.0170000000E+01  1.0180000000E+01  4.46760E-08  1.03625E+01
  1.0180000000E+01  1.0190000000E+01  3.94090E-08  3.95916E+00
  1.0190000000E+01  1.0200000000E+01  3.77929E-08  9.60938E+00
  1.0200000000E+01  1.0210000000E+01  4.76084E-08  1.81724E+01
  1.0210000000E+01  1.0220000000E+01  4.46514E-08  6.72384E+00
  1.0220000000E+01  1.0230000000E+01  4.08277E-08  8.70642E+00
  1.0230000000E+01  1.0240000000E+01  4.13597E-08  6.50569E+00
  1.0240000000E+01  1.0250000000E+01  3.97009E-08  3.56275E+00
  1.0250000000E+01  1.0260000000E+01  3.83230E-08  1.60108E+01
  1.0260000000E+01  1.0270000000E+01  3.61611E-08  8.36876E+00
  1.0270000000E+01  1.0280000000E+01  4.37124E-08  7.73787E+00
  1.0280000000E+01  1.0290000000E+01  4.01262E-08  1.34462E+01
  1.0290000000E+01  1.0300000000E+01  3.95968E-08  5.31108E+00
  1.0300000000E+01  1.0310000000E+01  4.16398E-08  5.49984E+00
  1.0310000000E+01  1.0320000000E+01  5.19902E-08  6.29842E+00
  1.0320000000E+01  1.0330000000E+01  4.10313E-08  1.01837E+01
  1.0330000000E+01  1.0340000000E+01  3.95187E-08  1.25080E+01
  1.0340000000E+01  1.0350000000E+01  4.17085E-08  7.04882E+00
  1.0350000000E+01  1.0360000000E+01  3.86491E-08  2.17497E+00
  1.0360000000E+01  1.0370000000E+01  4.34640E-08  1.13178E+01
  1.0370000000E+01  1.0380000000E+01  4.14686E-08  7.73905E+00
  1.0380000000E+01  1.0390000000E+01  4.11484E-08  1.05644E+01
  1.0390000000E+01  1.0400000000E+01  4.56356E-08  5.66241E+00
  1.0400000000E+01  1.0410000000E+01  4.63815E-08  7.33073E+00
  1.0410000000E+01  1.0420000000E+01  4.16343E-08  8.38868E+00
  1.0420000000E+01  1.0430000000E+01  4.28101E-08  1.11124E+01
  1.0430000000E+01  1.0440000000E+01  4.27628E-08  1.43283E+01
  1.0440000000E+01  1.0450000000E+01  4.59804E-08  1.23159E+01
  1.0450000000E+01  1.0460000000E+01  4.09363E-08  8.05559E+00
  1.0460000000E+01  1.0470000000E+01  4.31661E-08  1.04606E+01
  1.0470000000E+01  1.0480000000E+01  3.75687E-08  1.23660E+01
  1.0480000000E+01  1.0490000000E+01  4.37181E-08  8.73815E+00
  1.0490000000E+01  1.0500000000E+01  3.72988E-08  7.26537E+00
  1.0500000000E+01  1.0510000000E+01  3.94966E-08  1.45580E+01
  1.0510000000E+01  1.0520000000E+01  3.98169E-08  5.86526E+00
  1.0520000000E+01  1.0530000000E+01  3.43023E-08  4.89961E+00
  1.0530000000E+01  1.0540000000E+01  3.89015E-08  8.53737E+00
  1.0540000000E+01  1.0550000000E+01  4.47843E-08  6.94287E+00
  1.0550000000E+01  1.0560000000E+01  3.91808E-08  1.53176E+01
  1.0560000000E+01  1.0570000000E+01  4.06658E-08  1.22224E+01
  1.0570000000E+01  1.0580000000E+01  3.90445E-08  3.42547E+00
  1.0580000000E+01  1.0590000000E+01  3.41759E-08  2.76688E+00
  1.0590000000E+01  1.0600000000E+01  3.85605E-08  3.46875E+00
  1.0600000000E+01  1.0610000000E+01  3.86743E-08  1.06185E+01
  1.0610000000E+01  1.0620000000E+01  3.43600E-08  5.99733E+00
  1.0620000000E+01  1.0630000000E+01  4.44845E-08  7.42872E+00
  1.0630000000E+01  1.0640000000E+01  4.00378E-08  1.24103E+01
  1.0640000000E+01  1.0650000000E+01  4.15403E-08  1.02015E+01
  1.0650000000E+01  1.0660000000E+01  4.01265E-08  1.19835E+01
  1.0660000000E+01  1.0670000000E+01  3.54992E-08  6.95978E+00
  1.0670000000E+01  1.0680000000E+01  3.78873E-08  1.61995E+01
  1.0680000000E+01  1.0690000000E+01  3.73975E-08  3.48019E+00
  1.0690000000E+01  1.0700000000E+01  3.54508E-08  6.73709E+00
  1.0700000000E+01  1.0710000000E+01  3.62626E-08  1.06477E+01
  1.0710000000E+01  1.0720000000E+01  3.52410E-08  4.37195E+00
  1.0720000000E+01  1.0730000000E+01  3.97902E-08  7.36459E+00
  1.0730000000E+01  1.0740000000E+01  3.54642E-08  6.61484E+00
  1.0740000000E+01  1.0750000000E+01  3.91394E-08  1.08849E+01
  1.0750000000E+01  1.0760000000E+01  4.01122E-08  5.17638E+00
  1.0760000000E+01  1.0770000000E+01  3.97062E-08  1.22273E+01
  1.0770000000E+01  1.0780000000E+01  3.54156E-08  9.04509E+00
  1.0780000000E+01  1.0790000000E+01  3.27160E-08  6.36427E+00
  1.0790000000E+01  1.0800000000E+01  3.58841E-08  1.28713E+01
  1.0800000000E+01  1.0810000000E+01  3.73495E-08  1.06600E+01
  1.0810000000E+01  1.0820000000E+01  4.10039E-08  9.14662E+00
  1.0820000000E+01  1.0830000000E+01  3.59397E-08  7.16663E+00
  1.0830000000E+01  1.0840000000E+01  3.68249E-08  1.20407E+01
  1.0840000000E+01  1.0850000000E+01  3.26227E-08  7.75064E+00
  1.0850000000E+01  1.0860000000E+01  3.86254E-08  8.73614E+00
  1.0860000000E+01  1.0870000000E+01  3.05711E-08  8.49487E+00
  1.0870000000E+01  1.0880000000E+01  4.87388E-08  7.93060E+00
  1.0880000000E+01  1.0890000000E+01  3.19054E-08  9.72141E+00
  1.0890000000E+01  1.0900000000E+01  3.97913E-08  9.01143E+00
  1.0900000000E+01  1.0910000000E+01  3.73110E-08  9.43249E+00
  1.0910000000E+01  1.0920000000E+01  3.71807E-08  3.51266E+00
  1.0920000000E+01  1.0930000000E+01  3.42663E-08  8.85279E+00
  1.0930000000E+01  1.0940000000E+01  3.90097E-08  1.61588E+01
  1.0940000000E+01  1.0950000000E+01  3.58438E-08  7.79224E+00
  1.0950000000E+01  1.0960000000E+01  3.59995E-08  1.28281E+01
  1.0960000000E+01  1.0970000000E+01  4.57449E-08  1.02248E+01
  1.0970000000E+01  1.0980000000E+01  3.71310E-08  8.40482E+00
  1.0980000000E+01  1.0990000000E+01  3.48100E-08  1.15126E+01
  1.0990000000E+01  1.1000000000E+01  3.92511E-08  4.66560E+00
  1.1000000000E+01  1.1010000000E+01  3.25519E-08  2.41601E+00
  1.1010000000E+01  1.1020000000E+01  3.71000E-08  1.07054E+01
  1.1020000000E+01  1.1030000000E+01  3.63338E-08  7.08013E+00
  1.1030000000E+01  1.1040000000E+01  3.53604E-08  6.78657E+00
  1.1040000000E+01  1.1050000000E+01  3.54717E-08  6.74433E+00
  1.1050000000E+01  1.1060000000E+01  4.24840E-08  1.35380E+01
  1.1060000000E+01  1.1070000000E+01  3.92613E-08  7.40420E+00
  1.1070000000E+01  1.1080000000E+01  3.98451E-08  8.62763E+00
  1.1080000000E+01  1.1090000000E+01  4.26656E-08  1.36062E+01
  1.1090000000E+01  1.1100000000E+01  4.16743E-08  6.25460E+00
  1.1100000000E+01  1.1110000000E+01  3.96789E-08  7.18137E+00
  1.1110000000E+01  1.1120000000E+01  3.66531E-08  1.10426E+01
  1.1120000000E+01  1.1130000000E+01  3.07171E-08  8.53548E+00
  1.1130000000E+01  1.1140000000E+01  3.40010E-08  4.59759E+00
  1.1140000000E+01  1.1150000000E+01  3.24337E-08  4.88024E+00
  1.1150000000E+01  1.1160000000E+01  3.45307E-08  8.29082E+00
  1.1160000000E+01  1.1170000000E+01  4.49060E-08  1.02136E+01
  1.1170000000E+01  1.1180000000E+01  4.20562E-08  1.05747E+01
  1.1180000000E+01  1.1190000000E+01  3.95943E-08  9.25264E+00
  1.1190000000E+01  1.1200000000E+01  3.59418E-08  1.35358E+01
  1.1200000000E+01  1.1210000000E+01  3.11004E-08  3.97162E+00
  1.1210000000E+01  1.1220000000E+01  4.00365E-08  9.08982E+00
  1.1220000000E+01  1.1230000000E+01  4.04313E-08  1.03582E+01
  1.1230000000E+01  1.1240000000E+01  3.34544E-08  7.97747E+00
  1.1240000000E+01  1.1250000000E+01  3.64048E-08  9.82333E+00
  1.1250000000E+01  1.1260000000E+01  3.91884E-08  1.38557E+01
  1.1260000000E+01  1.1270000000E+01  3.49885E-08  8.38013E+00
  1.1270000000E+01  1.1280000000E+01  3.35973E-08  9.33050E+00
  1.1280000000E+01  1.1290000000E+01  3.12716E-08  6.50046E+00
  1.1290000000E+01  1.1300000000E+01  3.59102E-08  6.14211E+00
  1.1300000000E+01  1.1310000000E+01  3.82466E-08  1.88218E+01
  1.1310000000E+01  1.1320000000E+01  3.79473E-08  1.11410E+01
  1.1320000000E+01  1.1330000000E+01  3.48078E-08  8.29841E+00
  1.1330000000E+01  1.1340000000E+01  3.10449E-08  9.22433E+00
  1.1340000000E+01  1.1350000000E+01  3.20638E-08  8.61603E+00
  1.1350000000E+01  1.1360000000E+01  3.13543E-08  7.18464E+00
  1.1360000000E+01  1.1370000000E+01  3.34423E-08  1.42162E+01
  1.1370000000E+01  1.1380000000E+01  3.25551E-08  5.52699E+00
  1.1380000000E+01  1.1390000000E+01  3.53294E-08  1.07366E+01
  1.1390000000E+01  1.1400000000E+01  3.60720E-08  7.23050E+00
  1.1400000000E+01  1.1410000000E+01  3.31709E-08  8.45226E+00
  1.1410000000E+01  1.1420000000E+01  3.43604E-08  1.00035E+01
  1.1420000000E+01  1.1430000000E+01  2.92948E-08  7.56199E+00
  1.1430000000E+01  1.1440000000E+01  3.29632E-08  4.11580E+00
  1.1440000000E+01  1.1450000000E+01  3.46939E-08  9.54387E+00
  1.1450000000E+01  1.1460000000E+01  3.36748E-08  6.66078E+00
  1.1460000000E+01  1.1470000000E+01  3.43232E-08  1.42451E+01
  1.1470000000E+01  1.1480000000E+01  4.15575E-08  3.42534E+00
  1.1480000000E+01  1.1490000000E+01  3.69572E-08  8.71026E+00
  1.1490000000E+01  1.1500000000E+01  3.01711E-08  7.91126E+00
  1.1500000000E+01  1.1510000000E+01  2.98472E-08  6.15205E+00
  1.1510000000E+01  1.1520000000E+01  3.10643E-08  4.65404E+00
  1.1520000000E+01  1.1530000000E+01  3.15302E-08  9.30723E+00
  1.1530000000E+01  1.1540000000E+01  3.17315E-08  9.45840E+00
  1.1540000000E+01  1.1550000000E+01  3.58178E-08  5.13214E+00
  1.1550000000E+01  1.1560000000E+01  3.56642E-08  1.10432E+01
  1.1560000000E+01  1.1570000000E+01  3.77790E-08  1.43053E+01
  1.1570000000E+01  1.1580000000E+01  2.97201E-08  1.24436E+01
  1.1580000000E+01  1.1590000000E+01  3.23001E-08  7.18543E+00
  1.1590000000E+01  1.1600000000E+01  3.29099E-08  8.83347E+00
  1.1600000000E+01  1.1610000000E+01  2.96369E-08  7.19963E+00
  1.1610000000E+01  1.1620000000E+01  3.19807E-08  8.41676E+00
  1.1620000000E+01  1.1630000000E+01  3.31212E-08  1.02488E+01
  1.1630000000E+01  1.1640000000E+01  3.19094E-08  4.24667E+00
  1.1640000000E+01  1.1650000000E+01  3.32760E-08  6.76400E+00
  1.1650000000E+01  1.1660000000E+01  2.94522E-08  8.67538E+00
  1.1660000000E+01  1.1670000000E+01  3.52949E-08  5.63776E+00
  1.1670000000E+01  1.1680000000E+01  3.55614E-08  1.06823E+01
  1.1680000000E+01  1.1690000000E+01  3.14390E-08  2.33402E+00
  1.1690000000E+01  1.1700000000E+01  3.01948E-08  1.02018E+01
  1.1700000000E+01  1.1710000000E+01  2.73482E-08  5.76243E+00
  1.1710000000E+01  1.1720000000E+01  2.81697E-08  7.46202E+00
  1.1720000000E+01  1.1730000000E+01  3.00147E-08  8.43491E+00
  1.1730000000E+01  1.1740000000E+01  2.63836E-08  7.68962E+00
  1.1740000000E+01  1.1750000000E+01  2.81852E-08  9.38691E+00
  1.1750000000E+01  1.1760000000E+01  3.57195E-08  9.39293E+00
  1.1760000000E+01  1.1770000000E+01  3.04963E-08  1.23355E+01
  1.1770000000E+01  1.1780000000E+01  3.20171E-08  1.00172E+01
  1.1780000000E+01  1.1790000000E+01  3.04794E-08  8.30259E+00
  1.1790000000E+01  1.1800000000E+01  2.94463E-08  1.00177E+01
  1.1800000000E+01  1.1810000000E+01  2.81056E-08  5.50603E+00
  1.1810000000E+01  1.1820000000E+01  3.15107E-08  1.07422E+01
  1.1820000000E+01  1.1830000000E+01  3.54560E-08  1.15408E+01
  1.1830000000E+01  1.1840000000E+01  3.42739E-08  1.15809E+01
  1.1840000000E+01  1.1850000000E+01  3.11649E-08  5.33218E+00
  1.1850000000E+01  1.1860000000E+01  2.69496E-08  4.50443E+00
  1.1860000000E+01  1.1870000000E+01  3.00442E-08  5.37321E+00
  1.1870000000E+01  1.1880000000E+01  2.81192E-08  3.94378E+00
  1.1880000000E+01  1.1890000000E+01  2.76900E-08  4.87852E+00
  1.1890000000E+01  1.1900000000E+01  3.04677E-08  2.12399E+01
  1.1900000000E+01  1.1910000000E+01  2.62002E-08  1.45778E+01
  1.1910000000E+01  1.1920000000E+01  2.76303E-08  4.97810E+00
  1.1920000000E+01  1.1930000000E+01  2.63685E-08  1.04681E+01
  1.1930000000E+01  1.1940000000E+01  2.55024E-08  1.18679E+01
  1.1940000000E+01  1.1950000000E+01  3.12651E-08  8.65710E+00
  1.1950000000E+01  1.1960000000E+01  2.91004E-08  6.05621E+00
  1.1960000000E+01  1.1970000000E+01  3.10354E-08  1.05480E+01
  1.1970000000E+01  1.1980000000E+01  3.29262E-08  3.24559E+00
  1.1980000000E+01  1.1990000000E+01  2.97000E-08  7.43978E+00
  1.1990000000E+01  1.2000000000E+01  3.25587E-08  5.29803E+00
  1.2000000000E+01  1.2000000000E+01  3.25587E-08  5.29803E+00
