# Detector n: 1D Projection
  0.0000000000E+00  1.0000000000E-02  8.40291E-05  9.48881E-02
  1.0000000000E-02  2.0000000000E-02  8.42311E-05  1.36088E-01
  2.0000000000E-02  3.0000000000E-02  8.40800E-05  1.47258E-01
  3.0000000000E-02  4.0000000000E-02  8.39994E-05  1.20436E-01
  4.0000000000E-02  5.0000000000E-02  8.41270E-05  8.60596E-02
  5.0000000000E-02  6.0000000000E-02  8.41674E-05  1.16646E-01
  6.0000000000E-02  7.0000000000E-02  8.43070E-05  1.41378E-01
  7.0000000000E-02  8.0000000000E-02  8.43150E-05  1.63671E-01
  8.0000000000E-02  9.0000000000E-02  8.41640E-05  1.18605E-01
  9.0000000000E-02  1.0000000000E-01  8.40254E-05  1.30447E-01
  1.0000000000E-01  1.1000000000E-01  8.40662E-05  1.23165E-01
  1.1000000000E-01  1.2000000000E-01  8.40225E-05  7.88023E-02
  1.2000000000E-01  1.3000000000E-01  8.40644E-05  1.15776E-01
  1.3000000000E-01  1.4000000000E-01  8.41077E-05  9.12727E-02
  1.4000000000E-01  1.5000000000E-01  8.40164E-05  1.01638E-01
  1.5000000000E-01  1.6000000000E-01  8.39955E-05  5.58011E-02
  1.6000000000E-01  1.7000000000E-01  8.39364E-05  1.43910E-01
  1.7000000000E-01  1.8000000000E-01  8.42112E-05  2.04761E-01
  1.8000000000E-01  1.9000000000E-01  8.43499E-05  9.13345E-02
  1.9000000000E-01  2.0000000000E-01  8.43147E-05  6.30743E-02
  2.0000000000E-01  2.1000000000E-01  8.45316E-05  6.08647E-02
  2.1000000000E-01  2.2000000000E-01  8.45028E-05  1.31813E-01
  2.2000000000E-01  2.3000000000E-01  8.42429E-05  1.01183E-01
  2.3000000000E-01  2.4000000000E-01  8.41199E-05  1.24525E-01
  2.4000000000E-01  2.5000000000E-01  8.41635E-05  9.53810E-02
  2.5000000000E-01  2.6000000000E-01  8.40768E-05  7.81363E-02
  2.6000000000E-01  2.7000000000E-01  8.40920E-05  5.55411E-02
  2.7000000000E-01  2.8000000000E-01  8.41493E-05  8.30059E-02
  2.8000000000E-01  2.9000000000E-01  8.40076E-05  1.64600E-01
  2.9000000000E-01  3.0000000000E-01  8.42149E-05  1.50429E-01
  3.0000000000E-01  3.1000000000E-01  8.39757E-05  1.70831E-01
  3.1000000000E-01  3.2000000000E-01  8.38532E-05  1.64931E-01
  3.2000000000E-01  3.3000000000E-01  8.39667E-05  9.95427E-02
  3.3000000000E-01  3.4000000000E-01  8.41405E-05  1.76722E-01
  3.4000000000E-01  3.5000000000E-01  8.40820E-05  1.81301E-01
  3.5000000000E-01  3.6000000000E-01  8.40437E-05  1.66227E-01
  3.6000000000E-01  3.7000000000E-01  8.41019E-05  7.56164E-02
  3.7000000000E-01  3.8000000000E-01  8.40756E-05  1.21889E-01
  3.8000000000E-01  3.9000000000E-01  8.42683E-05  1.77265E-01
  3.9000000000E-01  4.0000000000E-01  8.41934E-05  9.84875E-02
  4.0000000000E-01  4.1000000000E-01  8.42097E-05  1.14325E-01
  4.1000000000E-01  4.2000000000E-01  8.43755E-05  1.32701E-01
  4.2000000000E-01  4.3000000000E-01  8.43592E-05  1.32827E-01
  4.3000000000E-01  4.4000000000E-01  8.47007E-05  1.80333E-01
  4.4000000000E-01  4.5000000000E-01  8.46845E-05  1.07480E-01
  4.5000000000E-01  4.6000000000E-01  8.45105E-05  1.30733E-01
  4.6000000000E-01  4.7000000000E-01  8.46041E-05  8.30443E-02
  4.7000000000E-01  4.8000000000E-01  8.46358E-05  3.40366E-02
  4.8000000000E-01  4.9000000000E-01  8.44376E-05  1.05175E-01
  4.9000000000E-01  5.0000000000E-01  8.44427E-05  1.40035E-01
  5.0000000000E-01  5.1000000000E-01  8.44333E-05  1.03499E-01
  5.1000000000E-01  5.2000000000E-01  8.44692E-05  1.43553E-01
  5.2000000000E-01  5.3000000000E-01  8.44168E-05  1.21761E-01
  5.3000000000E-01  5.4000000000E-01  8.42640E-05  1.34327E-01
  5.4000000000E-01  5.5000000000E-01  8.41818E-05  5.52990E-02
  5.5000000000E-01  5.6000000000E-01  8.42822E-05  1.59579E-01
  5.6000000000E-01  5.7000000000E-01  8.42954E-05  1.10872E-01
  5.7000000000E-01  5.8000000000E-01  8.41480E-05  9.33217E-02
  5.8000000000E-01  5.9000000000E-01  8.41084E-05  9.63577E-02
  5.9000000000E-01  6.0000000000E-01  8.41982E-05  1.86799E-01
  6.0000000000E-01  6.1000000000E-01  8.40577E-05  1.53612E-01
  6.1000000000E-01  6.2000000000E-01  8.41177E-05  7.81599E-02
  6.2000000000E-01  6.3000000000E-01  8.43360E-05  1.70720E-01
  6.3000000000E-01  6.4000000000E-01  8.41897E-05  1.02704E-01
  6.4000000000E-01  6.5000000000E-01  8.40054E-05  1.91060E-01
  6.5000000000E-01  6.6000000000E-01  8.40971E-05  1.33822E-01
  6.6000000000E-01  6.7000000000E-01  8.41529E-05  1.19884E-01
  6.7000000000E-01  6.8000000000E-01  8.41105E-05  1.69848E-01
  6.8000000000E-01  6.9000000000E-01  8.39608E-05  1.44322E-01
  6.9000000000E-01  7.0000000000E-01  8.41657E-05  1.32985E-01
  7.0000000000E-01  7.1000000000E-01  8.41056E-05  9.33027E-02
  7.1000000000E-01  7.2000000000E-01  8.39876E-05  1.04411E-01
  7.2000000000E-01  7.3000000000E-01  8.40802E-05  2.25683E-01
  7.3000000000E-01  7.4000000000E-01  8.41800E-05  6.50521E-02
  7.4000000000E-01  7.5000000000E-01  8.41843E-05  1.06021E-01
  7.5000000000E-01  7.6000000000E-01  8.40059E-05  1.94286E-01
  7.6000000000E-01  7.7000000000E-01  8.39376E-05  1.29265E-01
  7.7000000000E-01  7.8000000000E-01  8.40289E-05  1.21806E-01
  7.8000000000E-01  7.9000000000E-01  8.40427E-05  1.03456E-01
  7.9000000000E-01  8.0000000000E-01  8.39605E-05  9.02904E-02
  8.0000000000E-01  8.1000000000E-01  8.39653E-05  4.89239E-02
  8.1000000000E-01  8.2000000000E-01  8.39840E-05  1.64011E-01
  8.2000000000E-01  8.3000000000E-01  8.40563E-05  1.63542E-01
  8.3000000000E-01  8.4000000000E-01  8.39546E-05  9.60826E-02
  8.4000000000E-01  8.5000000000E-01  8.41571E-05  1.71998E-01
  8.5000000000E-01  8.6000000000E-01  8.39899E-05  8.82397E-02
  8.6000000000E-01  8.7000000000E-01  8.42042E-05  1.86427E-01
  8.7000000000E-01  8.8000000000E-01  8.43179E-05  1.18169E-01
  8.8000000000E-01  8.9000000000E-01  8.44094E-05  5.14916E-02
  8.9000000000E-01  9.0000000000E-01  8.42392E-05  1.34228E-01
  9.0000000000E-01  9.1000000000E-01  8.44649E-05  1.30897E-01
  9.1000000000E-01  9.2000000000E-01  8.46256E-05  8.31274E-02
  9.2000000000E-01  9.3000000000E-01  8.48219E-05  1.42368E-01
  9.3000000000E-01  9.4000000000E-01  8.47499E-05  1.50222E-01
  9.4000000000E-01  9.5000000000E-01  8.45730E-05  1.35775E-01
  9.5000000000E-01  9.6000000000E-01  8.48104E-05  9.21452E-02
  9.6000000000E-01  9.7000000000E-01  8.46749E-05  8.68407E-02
  9.7000000000E-01  9.8000000000E-01  8.46672E-05  9.80646E-02
  9.8000000000E-01  9.9000000000E-01  8.48500E-05  1.79310E-01
  9.9000000000E-01  1.0000000000E+00  8.47712E-05  1.23866E-01
  1.0000000000E+00  1.0100000000E+00  8.46525E-05  1.07333E-01
  1.0100000000E+00  1.0200000000E+00  8.45044E-05  1.17362E-01
  1.0200000000E+00  1.0300000000E+00  8.45458E-05  6.35545E-02
  1.0300000000E+00  1.0400000000E+00  8.47391E-05  1.07303E-01
  1.0400000000E+00  1.0500000000E+00  8.45728E-05  8.69163E-02
  1.0500000000E+00  1.0600000000E+00  8.45813E-05  1.30115E-01
  1.0600000000E+00  1.0700000000E+00  8.46527E-05  1.23475E-01
  1.0700000000E+00  1.0800000000E+00  8.44630E-05  2.89507E-01
  1.0800000000E+00  1.0900000000E+00  8.45131E-05  1.24609E-01
  1.0900000000E+00  1.1000000000E+00  8.44615E-05  8.82679E-02
  1.1000000000E+00  1.1100000000E+00  8.44276E-05  1.07916E-01
  1.1100000000E+00  1.1200000000E+00  8.45659E-05  1.56649E-01
  1.1200000000E+00  1.1300000000E+00  8.44014E-05  1.31250E-01
  1.1300000000E+00  1.1400000000E+00  8.45638E-05  1.34502E-01
  1.1400000000E+00  1.1500000000E+00  8.45144E-05  1.23813E-01
  1.1500000000E+00  1.1600000000E+00  8.45139E-05  1.54498E-01
  1.1600000000E+00  1.1700000000E+00  8.45805E-05  1.77972E-01
  1.1700000000E+00  1.1800000000E+00  8.46612E-05  2.00337E-01
  1.1800000000E+00  1.1900000000E+00  8.46495E-05  2.44726E-01
  1.1900000000E+00  1.2000000000E+00  8.44504E-05  2.53888E-01
  1.2000000000E+00  1.2100000000E+00  8.45876E-05  1.62553E-01
  1.2100000000E+00  1.2200000000E+00  8.47598E-05  1.43066E-01
  1.2200000000E+00  1.2300000000E+00  8.46613E-05  1.80154E-01
  1.2300000000E+00  1.2400000000E+00  8.45434E-05  1.44569E-01
  1.2400000000E+00  1.2500000000E+00  8.44938E-05  5.66826E-02
  1.2500000000E+00  1.2600000000E+00  8.46011E-05  1.95323E-01
  1.2600000000E+00  1.2700000000E+00  8.46167E-05  5.61443E-02
  1.2700000000E+00  1.2800000000E+00  8.45882E-05  1.60525E-01
  1.2800000000E+00  1.2900000000E+00  8.47754E-05  1.23423E-01
  1.2900000000E+00  1.3000000000E+00  8.49041E-05  7.45462E-02
  1.3000000000E+00  1.3100000000E+00  8.49238E-05  1.46093E-01
  1.3100000000E+00  1.3200000000E+00  8.50004E-05  9.86523E-02
  1.3200000000E+00  1.3300000000E+00  8.49673E-05  9.44737E-02
  1.3300000000E+00  1.3400000000E+00  8.49026E-05  7.89926E-02
  1.3400000000E+00  1.3500000000E+00  8.46833E-05  9.69475E-02
  1.3500000000E+00  1.3600000000E+00  8.50916E-05  2.09068E-01
  1.3600000000E+00  1.3700000000E+00  8.53458E-05  1.08686E-01
  1.3700000000E+00  1.3800000000E+00  8.53929E-05  1.71002E-01
  1.3800000000E+00  1.3900000000E+00  8.54114E-05  2.45171E-01
  1.3900000000E+00  1.4000000000E+00  8.53280E-05  1.46372E-01
  1.4000000000E+00  1.4100000000E+00  8.55038E-05  1.50549E-01
  1.4100000000E+00  1.4200000000E+00  8.51716E-05  1.70530E-01
  1.4200000000E+00  1.4300000000E+00  8.51884E-05  1.25507E-01
  1.4300000000E+00  1.4400000000E+00  8.51380E-05  1.39435E-01
  1.4400000000E+00  1.4500000000E+00  8.50691E-05  1.62211E-01
  1.4500000000E+00  1.4600000000E+00  8.53052E-05  2.74906E-01
  1.4600000000E+00  1.4700000000E+00  8.52082E-05  1.34805E-01
  1.4700000000E+00  1.4800000000E+00  8.52596E-05  1.63402E-01
  1.4800000000E+00  1.4900000000E+00  8.52303E-05  2.01523E-01
  1.4900000000E+00  1.5000000000E+00  8.52173E-05  1.34161E-01
  1.5000000000E+00  1.5100000000E+00  8.50727E-05  8.19124E-02
  1.5100000000E+00  1.5200000000E+00  8.51685E-05  1.38709E-01
  1.5200000000E+00  1.5300000000E+00  8.52154E-05  7.14377E-02
  1.5300000000E+00  1.5400000000E+00  8.52904E-05  1.55940E-01
  1.5400000000E+00  1.5500000000E+00  8.53118E-05  2.51279E-01
  1.5500000000E+00  1.5600000000E+00  8.53317E-05  1.12932E-01
  1.5600000000E+00  1.5700000000E+00  8.52808E-05  1.31790E-01
  1.5700000000E+00  1.5800000000E+00  8.53341E-05  1.31811E-01
  1.5800000000E+00  1.5900000000E+00  8.53585E-05  1.25897E-01
  1.5900000000E+00  1.6000000000E+00  8.53082E-05  1.89502E-01
  1.6000000000E+00  1.6100000000E+00  8.52275E-05  1.38547E-01
  1.6100000000E+00  1.6200000000E+00  8.53178E-05  1.81304E-01
  1.6200000000E+00  1.6300000000E+00  8.53171E-05  1.57302E-01
  1.6300000000E+00  1.6400000000E+00  8.51661E-05  7.71070E-02
  1.6400000000E+00  1.6500000000E+00  8.52908E-05  1.45203E-01
  1.6500000000E+00  1.6600000000E+00  8.52575E-05  1.10795E-01
  1.6600000000E+00  1.6700000000E+00  8.52495E-05  1.05568E-01
  1.6700000000E+00  1.6800000000E+00  8.53089E-05  1.51776E-01
  1.6800000000E+00  1.6900000000E+00  8.53243E-05  1.00161E-01
  1.6900000000E+00  1.7000000000E+00  8.53465E-05  1.38392E-01
  1.7000000000E+00  1.7100000000E+00  8.54823E-05  2.02264E-01
  1.7100000000E+00  1.7200000000E+00  8.53512E-05  9.11357E-02
  1.7200000000E+00  1.7300000000E+00  8.54373E-05  2.18487E-01
  1.7300000000E+00  1.7400000000E+00  8.53942E-05  1.24261E-01
  1.7400000000E+00  1.7500000000E+00  8.54594E-05  1.92495E-01
  1.7500000000E+00  1.7600000000E+00  8.54100E-05  1.38746E-01
  1.7600000000E+00  1.7700000000E+00  8.54600E-05  8.06580E-02
  1.7700000000E+00  1.7800000000E+00  8.55804E-05  1.49652E-01
  1.7800000000E+00  1.7900000000E+00  8.60566E-05  1.70215E-01
  1.7900000000E+00  1.8000000000E+00  8.62493E-05  9.47948E-02
  1.8000000000E+00  1.8100000000E+00  8.60278E-05  1.59594E-01
  1.8100000000E+00  1.8200000000E+00  8.59530E-05  1.54790E-01
  1.8200000000E+00  1.8300000000E+00  8.58923E-05  1.40769E-01
  1.8300000000E+00  1.8400000000E+00  8.60100E-05  1.76310E-01
  1.8400000000E+00  1.8500000000E+00  8.61641E-05  1.07643E-01
  1.8500000000E+00  1.8600000000E+00  8.59125E-05  1.96943E-01
  1.8600000000E+00  1.8700000000E+00  8.59855E-05  1.62069E-01
  1.8700000000E+00  1.8800000000E+00  8.60270E-05  1.07605E-01
  1.8800000000E+00  1.8900000000E+00  8.60858E-05  1.42279E-01
  1.8900000000E+00  1.9000000000E+00  8.60910E-05  5.65725E-02
  1.9000000000E+00  1.9100000000E+00  8.59998E-05  9.10969E-02
  1.9100000000E+00  1.9200000000E+00  8.58426E-05  3.84877E-02
  1.9200000000E+00  1.9300000000E+00  8.59850E-05  8.51985E-02
  1.9300000000E+00  1.9400000000E+00  8.59193E-05  6.91678E-02
  1.9400000000E+00  1.9500000000E+00  8.58520E-05  9.96718E-02
  1.9500000000E+00  1.9600000000E+00  8.59794E-05  5.11424E-02
  1.9600000000E+00  1.9700000000E+00  8.56706E-05  1.08503E-01
  1.9700000000E+00  1.9800000000E+00  8.60422E-05  1.59065E-01
  1.9800000000E+00  1.9900000000E+00  8.60705E-05  1.24913E-01
  1.9900000000E+00  2.0000000000E+00  8.60975E-05  1.87286E-01
  2.0000000000E+00  2.0100000000E+00  8.61231E-05  1.86168E-01
  2.0100000000E+00  2.0200000000E+00  8.61667E-05  8.75923E-02
  2.0200000000E+00  2.0300000000E+00  8.61078E-05  7.84261E-02
  2.0300000000E+00  2.0400000000E+00  8.59971E-05  1.43813E-01
  2.0400000000E+00  2.0500000000E+00  8.59803E-05  1.29911E-01
  2.0500000000E+00  2.0600000000E+00  8.59432E-05  1.27926E-01
  2.0600000000E+00  2.0700000000E+00  8.59189E-05  1.05043E-01
  2.0700000000E+00  2.0800000000E+00  8.60161E-05  1.70373E-01
  2.0800000000E+00  2.0900000000E+00  8.61886E-05  2.35981E-01
  2.0900000000E+00  2.1000000000E+00  8.62295E-05  8.07675E-02
  2.1000000000E+00  2.1100000000E+00  8.64039E-05  1.37412E-01
  2.1100000000E+00  2.1200000000E+00  8.63446E-05  1.08086E-01
  2.1200000000E+00  2.1300000000E+00  8.63481E-05  7.39659E-02
  2.1300000000E+00  2.1400000000E+00  8.65583E-05  1.16506E-01
  2.1400000000E+00  2.1500000000E+00  8.62000E-05  1.32737E-01
  2.1500000000E+00  2.1600000000E+00  8.62278E-05  1.06526E-01
  2.1600000000E+00  2.1700000000E+00  8.65384E-05  8.01431E-02
  2.1700000000E+00  2.1800000000E+00  8.64048E-05  6.82828E-02
  2.1800000000E+00  2.1900000000E+00  8.67027E-05  8.89309E-02
  2.1900000000E+00  2.2000000000E+00  8.69888E-05  8.34924E-02
  2.2000000000E+00  2.2100000000E+00  8.70185E-05  1.11724E-01
  2.2100000000E+00  2.2200000000E+00  8.68374E-05  6.16430E-02
  2.2200000000E+00  2.2300000000E+00  8.69783E-05  1.30819E-01
  2.2300000000E+00  2.2400000000E+00  8.70851E-05  1.49644E-01
  2.2400000000E+00  2.2500000000E+00  8.69619E-05  1.42538E-01
  2.2500000000E+00  2.2600000000E+00  8.68162E-05  1.24059E-01
  2.2600000000E+00  2.2700000000E+00  8.68797E-05  1.10398E-01
  2.2700000000E+00  2.2800000000E+00  8.68896E-05  1.02742E-01
  2.2800000000E+00  2.2900000000E+00  8.66763E-05  1.26981E-01
  2.2900000000E+00  2.3000000000E+00  8.67937E-05  1.40151E-01
  2.3000000000E+00  2.3100000000E+00  8.68240E-05  1.05809E-01
  2.3100000000E+00  2.3200000000E+00  8.70422E-05  9.88450E-02
  2.3200000000E+00  2.3300000000E+00  8.68605E-05  8.49483E-02
  2.3300000000E+00  2.3400000000E+00  8.68513E-05  1.19616E-01
  2.3400000000E+00  2.3500000000E+00  8.69273E-05  1.58757E-01
  2.3500000000E+00  2.3600000000E+00  8.68759E-05  9.99248E-02
  2.3600000000E+00  2.3700000000E+00  8.68806E-05  8.41151E-02
  2.3700000000E+00  2.3800000000E+00  8.70067E-05  1.05084E-01
  2.3800000000E+00  2.3900000000E+00  8.69426E-05  6.33667E-02
  2.3900000000E+00  2.4000000000E+00  8.70930E-05  1.17618E-01
  2.4000000000E+00  2.4100000000E+00  8.70584E-05  6.52957E-02
  2.4100000000E+00  2.4200000000E+00  8.68797E-05  1.45655E-01
  2.4200000000E+00  2.4300000000E+00  8.69916E-05  6.80453E-02
  2.4300000000E+00  2.4400000000E+00  8.69252E-05  1.47837E-01
  2.4400000000E+00  2.4500000000E+00  8.71677E-05  1.81326E-01
  2.4500000000E+00  2.4600000000E+00  8.70922E-05  1.17699E-01
  2.4600000000E+00  2.4700000000E+00  8.71383E-05  9.36665E-02
  2.4700000000E+00  2.4800000000E+00  8.70661E-05  7.25459E-02
  2.4800000000E+00  2.4900000000E+00  8.71524E-05  8.33476E-02
  2.4900000000E+00  2.5000000000E+00  8.70601E-05  9.61275E-02
  2.5000000000E+00  2.5100000000E+00  8.70986E-05  1.61893E-01
  2.5100000000E+00  2.5200000000E+00  8.71246E-05  2.00427E-01
  2.5200000000E+00  2.5300000000E+00  8.71451E-05  1.90490E-01
  2.5300000000E+00  2.5400000000E+00  8.71641E-05  1.10251E-01
  2.5400000000E+00  2.5500000000E+00  8.72319E-05  4.83310E-02
  2.5500000000E+00  2.5600000000E+00  8.73127E-05  1.16549E-01
  2.5600000000E+00  2.5700000000E+00  8.73766E-05  8.44396E-02
  2.5700000000E+00  2.5800000000E+00  8.76419E-05  8.56973E-02
  2.5800000000E+00  2.5900000000E+00  8.78652E-05  8.55491E-02
  2.5900000000E+00  2.6000000000E+00  8.77202E-05  3.64519E-02
  2.6000000000E+00  2.6100000000E+00  8.77701E-05  3.43560E-02
  2.6100000000E+00  2.6200000000E+00  8.78229E-05  5.03356E-02
  2.6200000000E+00  2.6300000000E+00  8.78243E-05  1.08019E-01
  2.6300000000E+00  2.6400000000E+00  8.79009E-05  1.30517E-01
  2.6400000000E+00  2.6500000000E+00  8.79928E-05  1.03459E-01
  2.6500000000E+00  2.6600000000E+00  8.81918E-05  1.36061E-01
  2.6600000000E+00  2.6700000000E+00  8.80575E-05  7.78920E-02
  2.6700000000E+00  2.6800000000E+00  8.80433E-05  1.04455E-01
  2.6800000000E+00  2.6900000000E+00  8.80326E-05  1.04273E-01
  2.6900000000E+00  2.7000000000E+00  8.79723E-05  7.57504E-02
  2.7000000000E+00  2.7100000000E+00  8.79448E-05  4.55268E-02
  2.7100000000E+00  2.7200000000E+00  8.78027E-05  1.14224E-01
  2.7200000000E+00  2.7300000000E+00  8.77558E-05  1.95619E-01
  2.7300000000E+00  2.7400000000E+00  8.79289E-05  1.55548E-01
  2.7400000000E+00  2.7500000000E+00  8.80329E-05  2.38815E-01
  2.7500000000E+00  2.7600000000E+00  8.79328E-05  1.33073E-01
  2.7600000000E+00  2.7700000000E+00  8.78720E-05  1.31057E-01
  2.7700000000E+00  2.7800000000E+00  8.79122E-05  1.11495E-01
  2.7800000000E+00  2.7900000000E+00  8.78947E-05  1.45643E-01
  2.7900000000E+00  2.8000000000E+00  8.82135E-05  1.72189E-01
  2.8000000000E+00  2.8100000000E+00  8.82404E-05  1.07034E-01
  2.8100000000E+00  2.8200000000E+00  8.83608E-05  1.42903E-01
  2.8200000000E+00  2.8300000000E+00  8.85610E-05  3.60816E-02
  2.8300000000E+00  2.8400000000E+00  8.83707E-05  9.90423E-02
  2.8400000000E+00  2.8500000000E+00  8.82620E-05  1.21358E-01
  2.8500000000E+00  2.8600000000E+00  8.82490E-05  8.43251E-02
  2.8600000000E+00  2.8700000000E+00  8.84319E-05  1.26772E-01
  2.8700000000E+00  2.8800000000E+00  8.83776E-05  1.81077E-01
  2.8800000000E+00  2.8900000000E+00  8.82834E-05  9.01064E-02
  2.8900000000E+00  2.9000000000E+00  8.83330E-05  1.51459E-01
  2.9000000000E+00  2.9100000000E+00  8.82273E-05  1.47176E-01
  2.9100000000E+00  2.9200000000E+00  8.82615E-05  6.66151E-02
  2.9200000000E+00  2.9300000000E+00  8.84277E-05  7.49767E-02
  2.9300000000E+00  2.9400000000E+00  8.86637E-05  4.68724E-02
  2.9400000000E+00  2.9500000000E+00  8.88366E-05  1.71874E-01
  2.9500000000E+00  2.9600000000E+00  8.89819E-05  1.07846E-01
  2.9600000000E+00  2.9700000000E+00  8.88478E-05  9.11629E-02
  2.9700000000E+00  2.9800000000E+00  8.88374E-05  1.71961E-01
  2.9800000000E+00  2.9900000000E+00  8.90244E-05  9.75466E-02
  2.9900000000E+00  3.0000000000E+00  8.89549E-05  1.42506E-01
  3.0000000000E+00  3.0100000000E+00  8.89958E-05  1.40600E-01
  3.0100000000E+00  3.0200000000E+00  8.90250E-05  2.61655E-02
  3.0200000000E+00  3.0300000000E+00  8.91001E-05  1.27131E-01
  3.0300000000E+00  3.0400000000E+00  8.92014E-05  6.60723E-02
  3.0400000000E+00  3.0500000000E+00  8.91095E-05  1.48343E-01
  3.0500000000E+00  3.0600000000E+00  8.89784E-05  1.36023E-01
  3.0600000000E+00  3.0700000000E+00  8.90614E-05  1.48309E-01
  3.0700000000E+00  3.0800000000E+00  8.89887E-05  6.97331E-02
  3.0800000000E+00  3.0900000000E+00  8.89894E-05  6.41107E-02
  3.0900000000E+00  3.1000000000E+00  8.90322E-05  1.25306E-01
  3.1000000000E+00  3.1100000000E+00  8.91015E-05  7.08744E-02
  3.1100000000E+00  3.1200000000E+00  8.91401E-05  4.54528E-02
  3.1200000000E+00  3.1300000000E+00  8.91402E-05  5.83236E-02
  3.1300000000E+00  3.1400000000E+00  8.92238E-05  3.62161E-02
  3.1400000000E+00  3.1500000000E+00  8.93685E-05  1.00789E-01
  3.1500000000E+00  3.1600000000E+00  8.91811E-05  1.24607E-01
  3.1600000000E+00  3.1700000000E+00  8.93853E-05  9.44662E-02
  3.1700000000E+00  3.1800000000E+00  8.93833E-05  1.59504E-01
  3.1800000000E+00  3.1900000000E+00  8.93918E-05  9.88714E-02
  3.1900000000E+00  3.2000000000E+00  8.92207E-05  1.01906E-01
  3.2000000000E+00  3.2100000000E+00  8.93375E-05  9.60538E-02
  3.2100000000E+00  3.2200000000E+00  8.95023E-05  1.71350E-01
  3.2200000000E+00  3.2300000000E+00  8.94796E-05  1.09432E-01
  3.2300000000E+00  3.2400000000E+00  8.94128E-05  2.34291E-01
  3.2400000000E+00  3.2500000000E+00  8.96178E-05  2.01656E-01
  3.2500000000E+00  3.2600000000E+00  8.96918E-05  1.52244E-01
  3.2600000000E+00  3.2700000000E+00  8.97541E-05  1.50393E-01
  3.2700000000E+00  3.2800000000E+00  8.98931E-05  1.96831E-01
  3.2800000000E+00  3.2900000000E+00  9.01904E-05  1.92325E-01
  3.2900000000E+00  3.3000000000E+00  9.01623E-05  1.03362E-01
  3.3000000000E+00  3.3100000000E+00  9.01327E-05  1.06040E-01
  3.3100000000E+00  3.3200000000E+00  9.01818E-05  5.90927E-02
  3.3200000000E+00  3.3300000000E+00  9.02663E-05  7.86771E-02
  3.3300000000E+00  3.3400000000E+00  9.00743E-05  6.14130E-02
  3.3400000000E+00  3.3500000000E+00  9.03107E-05  7.03327E-02
  3.3500000000E+00  3.3600000000E+00  9.03348E-05  1.23470E-01
  3.3600000000E+00  3.3700000000E+00  9.04094E-05  1.40431E-01
  3.3700000000E+00  3.3800000000E+00  9.04758E-05  5.38497E-02
  3.3800000000E+00  3.3900000000E+00  9.04778E-05  1.02098E-01
  3.3900000000E+00  3.4000000000E+00  9.05659E-05  1.47945E-01
  3.4000000000E+00  3.4100000000E+00  9.05928E-05  8.57085E-02
  3.4100000000E+00  3.4200000000E+00  9.07549E-05  1.47940E-01
  3.4200000000E+00  3.4300000000E+00  9.06439E-05  2.15276E-01
  3.4300000000E+00  3.4400000000E+00  9.07537E-05  1.69519E-01
  3.4400000000E+00  3.4500000000E+00  9.07625E-05  9.34400E-02
  3.4500000000E+00  3.4600000000E+00  9.08420E-05  1.75099E-01
  3.4600000000E+00  3.4700000000E+00  9.07918E-05  1.65204E-01
  3.4700000000E+00  3.4800000000E+00  9.06425E-05  1.57905E-01
  3.4800000000E+00  3.4900000000E+00  9.05937E-05  1.74161E-01
  3.4900000000E+00  3.5000000000E+00  9.05919E-05  1.02802E-01
  3.5000000000E+00  3.5100000000E+00  9.07783E-05  7.48667E-02
  3.5100000000E+00  3.5200000000E+00  9.06590E-05  9.66670E-02
  3.5200000000E+00  3.5300000000E+00  9.07266E-05  7.20059E-02
  3.5300000000E+00  3.5400000000E+00  9.07840E-05  8.06726E-02
  3.5400000000E+00  3.5500000000E+00  9.09574E-05  1.58822E-01
  3.5500000000E+00  3.5600000000E+00  9.08332E-05  1.04274E-01
  3.5600000000E+00  3.5700000000E+00  9.09926E-05  1.12584E-01
  3.5700000000E+00  3.5800000000E+00  9.09455E-05  4.68106E-02
  3.5800000000E+00  3.5900000000E+00  9.10680E-05  9.59685E-02
  3.5900000000E+00  3.6000000000E+00  9.12263E-05  1.05556E-01
  3.6000000000E+00  3.6100000000E+00  9.15507E-05  1.01250E-01
  3.6100000000E+00  3.6200000000E+00  9.18379E-05  1.43435E-01
  3.6200000000E+00  3.6300000000E+00  9.18189E-05  1.42130E-01
  3.6300000000E+00  3.6400000000E+00  9.18039E-05  5.70908E-02
  3.6400000000E+00  3.6500000000E+00  9.20073E-05  6.99813E-02
  3.6500000000E+00  3.6600000000E+00  9.19063E-05  8.46967E-02
  3.6600000000E+00  3.6700000000E+00  9.18463E-05  5.67932E-02
  3.6700000000E+00  3.6800000000E+00  9.16798E-05  1.50554E-01
  3.6800000000E+00  3.6900000000E+00  9.16546E-05  9.80454E-02
  3.6900000000E+00  3.7000000000E+00  9.18693E-05  9.23007E-02
  3.7000000000E+00  3.7100000000E+00  9.19345E-05  5.32394E-02
  3.7100000000E+00  3.7200000000E+00  9.18514E-05  6.82050E-02
  3.7200000000E+00  3.7300000000E+00  9.19201E-05  4.07664E-02
  3.7300000000E+00  3.7400000000E+00  9.20139E-05  4.78639E-02
  3.7400000000E+00  3.7500000000E+00  9.21733E-05  7.88107E-02
  3.7500000000E+00  3.7600000000E+00  9.19673E-05  9.40669E-02
  3.7600000000E+00  3.7700000000E+00  9.19692E-05  6.58445E-02
  3.7700000000E+00  3.7800000000E+00  9.21300E-05  6.78406E-02
  3.7800000000E+00  3.7900000000E+00  9.22126E-05  1.13175E-01
  3.7900000000E+00  3.8000000000E+00  9.21228E-05  1.77499E-01
  3.8000000000E+00  3.8100000000E+00  9.22121E-05  1.55853E-01
  3.8100000000E+00  3.8200000000E+00  9.23473E-05  8.22073E-02
  3.8200000000E+00  3.8300000000E+00  9.25361E-05  5.82042E-02
  3.8300000000E+00  3.8400000000E+00  9.26941E-05  1.21697E-01
  3.8400000000E+00  3.8500000000E+00  9.26273E-05  7.22189E-02
  3.8500000000E+00  3.8600000000E+00  9.25427E-05  5.59948E-02
  3.8600000000E+00  3.8700000000E+00  9.26744E-05  8.52795E-02
  3.8700000000E+00  3.8800000000E+00  9.26557E-05  1.96468E-01
  3.8800000000E+00  3.8900000000E+00  9.27667E-05  1.21003E-01
  3.8900000000E+00  3.9000000000E+00  9.27993E-05  1.38489E-01
  3.9000000000E+00  3.9100000000E+00  9.29561E-05  1.34441E-01
  3.9100000000E+00  3.9200000000E+00  9.31013E-05  1.62154E-01
  3.9200000000E+00  3.9300000000E+00  9.34353E-05  1.49901E-01
  3.9300000000E+00  3.9400000000E+00  9.33385E-05  1.32489E-01
  3.9400000000E+00  3.9500000000E+00  9.35327E-05  1.50201E-01
  3.9500000000E+00  3.9600000000E+00  9.34004E-05  1.14601E-01
  3.9600000000E+00  3.9700000000E+00  9.34186E-05  1.71429E-01
  3.9700000000E+00  3.9800000000E+00  9.35235E-05  1.35357E-01
  3.9800000000E+00  3.9900000000E+00  9.36098E-05  1.35479E-01
  3.9900000000E+00  4.0000000000E+00  9.38023E-05  1.56133E-01
  4.0000000000E+00  4.0100000000E+00  9.36070E-05  1.99954E-01
  4.0100000000E+00  4.0200000000E+00  9.38525E-05  1.29516E-01
  4.0200000000E+00  4.0300000000E+00  9.41479E-05  8.27086E-02
  4.0300000000E+00  4.0400000000E+00  9.40222E-05  7.13104E-02
  4.0400000000E+00  4.0500000000E+00  9.42392E-05  1.18890E-01
  4.0500000000E+00  4.0600000000E+00  9.40536E-05  1.20417E-01
  4.0600000000E+00  4.0700000000E+00  9.41309E-05  1.14722E-01
  4.0700000000E+00  4.0800000000E+00  9.41948E-05  1.17492E-01
  4.0800000000E+00  4.0900000000E+00  9.42147E-05  2.07738E-01
  4.0900000000E+00  4.1000000000E+00  9.43932E-05  1.60134E-01
  4.1000000000E+00  4.1100000000E+00  9.43577E-05  1.78152E-01
  4.1100000000E+00  4.1200000000E+00  9.42294E-05  1.69778E-01
  4.1200000000E+00  4.1300000000E+00  9.43436E-05  9.05104E-02
  4.1300000000E+00  4.1400000000E+00  9.44072E-05  1.04557E-01
  4.1400000000E+00  4.1500000000E+00  9.44038E-05  1.04211E-01
  4.1500000000E+00  4.1600000000E+00  9.45740E-05  1.47988E-01
  4.1600000000E+00  4.1700000000E+00  9.46253E-05  1.52857E-01
  4.1700000000E+00  4.1800000000E+00  9.48215E-05  9.39163E-02
  4.1800000000E+00  4.1900000000E+00  9.49152E-05  1.00697E-01
  4.1900000000E+00  4.2000000000E+00  9.50302E-05  1.04254E-01
  4.2000000000E+00  4.2100000000E+00  9.52028E-05  1.32097E-01
  4.2100000000E+00  4.2200000000E+00  9.52465E-05  1.49999E-01
  4.2200000000E+00  4.2300000000E+00  9.55001E-05  1.16022E-01
  4.2300000000E+00  4.2400000000E+00  9.57822E-05  1.03628E-01
  4.2400000000E+00  4.2500000000E+00  9.58076E-05  3.99819E-02
  4.2500000000E+00  4.2600000000E+00  9.59161E-05  1.34350E-01
  4.2600000000E+00  4.2700000000E+00  9.61993E-05  1.36198E-01
  4.2700000000E+00  4.2800000000E+00  9.61473E-05  1.12947E-01
  4.2800000000E+00  4.2900000000E+00  9.62684E-05  7.04892E-02
  4.2900000000E+00  4.3000000000E+00  9.61910E-05  5.70864E-02
  4.3000000000E+00  4.3100000000E+00  9.62336E-05  9.83108E-02
  4.3100000000E+00  4.3200000000E+00  9.63681E-05  1.52127E-01
  4.3200000000E+00  4.3300000000E+00  9.64727E-05  1.58213E-01
  4.3300000000E+00  4.3400000000E+00  9.64564E-05  9.60156E-02
  4.3400000000E+00  4.3500000000E+00  9.63245E-05  1.35760E-01
  4.3500000000E+00  4.3600000000E+00  9.66434E-05  1.18622E-01
  4.3600000000E+00  4.3700000000E+00  9.66386E-05  1.51631E-01
  4.3700000000E+00  4.3800000000E+00  9.66796E-05  1.46293E-01
  4.3800000000E+00  4.3900000000E+00  9.67266E-05  7.77734E-02
  4.3900000000E+00  4.4000000000E+00  9.66842E-05  8.43576E-02
  4.4000000000E+00  4.4100000000E+00  9.68207E-05  1.07379E-01
  4.4100000000E+00  4.4200000000E+00  9.69065E-05  1.24781E-01
  4.4200000000E+00  4.4300000000E+00  9.69007E-05  4.51203E-02
  4.4300000000E+00  4.4400000000E+00  9.71765E-05  8.88780E-02
  4.4400000000E+00  4.4500000000E+00  9.71619E-05  1.06804E-01
  4.4500000000E+00  4.4600000000E+00  9.72989E-05  7.15422E-02
  4.4600000000E+00  4.4700000000E+00  9.75755E-05  1.72362E-01
  4.4700000000E+00  4.4800000000E+00  9.77253E-05  1.01898E-01
  4.4800000000E+00  4.4900000000E+00  9.80204E-05  1.58291E-01
  4.4900000000E+00  4.5000000000E+00  9.83359E-05  8.28691E-02
  4.5000000000E+00  4.5100000000E+00  9.83471E-05  6.11416E-02
  4.5100000000E+00  4.5200000000E+00  9.85434E-05  6.96388E-02
  4.5200000000E+00  4.5300000000E+00  9.86533E-05  8.40536E-02
  4.5300000000E+00  4.5400000000E+00  9.87652E-05  1.26822E-01
  4.5400000000E+00  4.5500000000E+00  9.87113E-05  1.14686E-01
  4.5500000000E+00  4.5600000000E+00  9.88304E-05  9.54104E-02
  4.5600000000E+00  4.5700000000E+00  9.88013E-05  9.06696E-02
  4.5700000000E+00  4.5800000000E+00  9.88530E-05  7.85992E-02
  4.5800000000E+00  4.5900000000E+00  9.89631E-05  1.01976E-01
  4.5900000000E+00  4.6000000000E+00  9.92639E-05  1.35760E-01
  4.6000000000E+00  4.6100000000E+00  9.91459E-05  1.98057E-01
  4.6100000000E+00  4.6200000000E+00  9.91005E-05  1.51334E-01
  4.6200000000E+00  4.6300000000E+00  9.93673E-05  1.77916E-01
  4.6300000000E+00  4.6400000000E+00  9.94033E-05  1.00726E-01
  4.6400000000E+00  4.6500000000E+00  9.96463E-05  1.00373E-01
  4.6500000000E+00  4.6600000000E+00  9.95929E-05  8.00987E-02
  4.6600000000E+00  4.6700000000E+00  9.97057E-05  1.46455E-01
  4.6700000000E+00  4.6800000000E+00  9.98966E-05  1.41614E-01
  4.6800000000E+00  4.6900000000E+00  9.99557E-05  9.03430E-02
  4.6900000000E+00  4.7000000000E+00  1.00219E-04  1.66880E-01
  4.7000000000E+00  4.7100000000E+00  1.00443E-04  6.00099E-02
  4.7100000000E+00  4.7200000000E+00  1.00767E-04  1.25093E-01
  4.7200000000E+00  4.7300000000E+00  1.00840E-04  9.58445E-02
  4.7300000000E+00  4.7400000000E+00  1.01075E-04  1.29658E-01
  4.7400000000E+00  4.7500000000E+00  1.01254E-04  1.36855E-01
  4.7500000000E+00  4.7600000000E+00  1.01323E-04  1.05732E-01
  4.7600000000E+00  4.7700000000E+00  1.01662E-04  1.46295E-01
  4.7700000000E+00  4.7800000000E+00  1.01686E-04  8.97459E-02
  4.7800000000E+00  4.7900000000E+00  1.01919E-04  1.11856E-01
  4.7900000000E+00  4.8000000000E+00  1.01956E-04  6.45163E-02
  4.8000000000E+00  4.8100000000E+00  1.02247E-04  1.46712E-01
  4.8100000000E+00  4.8200000000E+00  1.02337E-04  1.72434E-01
  4.8200000000E+00  4.8300000000E+00  1.02335E-04  1.19148E-01
  4.8300000000E+00  4.8400000000E+00  1.02508E-04  1.19844E-01
  4.8400000000E+00  4.8500000000E+00  1.02381E-04  5.58982E-02
  4.8500000000E+00  4.8600000000E+00  1.02590E-04  6.24993E-02
  4.8600000000E+00  4.8700000000E+00  1.02864E-04  1.63239E-01
  4.8700000000E+00  4.8800000000E+00  1.03023E-04  2.16052E-02
  4.8800000000E+00  4.8900000000E+00  1.03144E-04  1.02296E-01
  4.8900000000E+00  4.9000000000E+00  1.03313E-04  1.26995E-01
  4.9000000000E+00  4.9100000000E+00  1.03516E-04  5.22937E-02
  4.9100000000E+00  4.9200000000E+00  1.03600E-04  1.03306E-01
  4.9200000000E+00  4.9300000000E+00  1.03805E-04  6.40801E-02
  4.9300000000E+00  4.9400000000E+00  1.04026E-04  8.24125E-02
  4.9400000000E+00  4.9500000000E+00  1.04158E-04  9.05693E-02
  4.9500000000E+00  4.9600000000E+00  1.04475E-04  7.28308E-02
  4.9600000000E+00  4.9700000000E+00  1.04798E-04  9.12726E-02
  4.9700000000E+00  4.9800000000E+00  1.04958E-04  6.96981E-02
  4.9800000000E+00  4.9900000000E+00  1.05223E-04  1.02786E-01
  4.9900000000E+00  5.0000000000E+00  1.05455E-04  1.05905E-01
  5.0000000000E+00  5.0100000000E+00  1.05735E-04  1.44385E-01
  5.0100000000E+00  5.0200000000E+00  1.05980E-04  8.18521E-02
  5.0200000000E+00  5.0300000000E+00  1.06105E-04  1.14475E-01
  5.0300000000E+00  5.0400000000E+00  1.06248E-04  8.61874E-02
  5.0400000000E+00  5.0500000000E+00  1.06327E-04  5.73773E-02
  5.0500000000E+00  5.0600000000E+00  1.06596E-04  7.62291E-02
  5.0600000000E+00  5.0700000000E+00  1.06857E-04  9.42712E-02
  5.0700000000E+00  5.0800000000E+00  1.06891E-04  6.67510E-02
  5.0800000000E+00  5.0900000000E+00  1.07328E-04  1.29013E-01
  5.0900000000E+00  5.1000000000E+00  1.07621E-04  7.97655E-02
  5.1000000000E+00  5.1100000000E+00  1.07871E-04  6.75004E-02
  5.1100000000E+00  5.1200000000E+00  1.08095E-04  1.69987E-01
  5.1200000000E+00  5.1300000000E+00  1.08277E-04  1.03739E-01
  5.1300000000E+00  5.1400000000E+00  1.08549E-04  4.02920E-02
  5.1400000000E+00  5.1500000000E+00  1.08960E-04  1.14956E-01
  5.1500000000E+00  5.1600000000E+00  1.09176E-04  1.31154E-01
  5.1600000000E+00  5.1700000000E+00  1.09471E-04  5.08640E-02
  5.1700000000E+00  5.1800000000E+00  1.09768E-04  5.47465E-02
  5.1800000000E+00  5.1900000000E+00  1.09999E-04  1.09825E-01
  5.1900000000E+00  5.2000000000E+00  1.10620E-04  5.84447E-02
  5.2000000000E+00  5.2100000000E+00  1.10808E-04  1.85957E-01
  5.2100000000E+00  5.2200000000E+00  1.11145E-04  1.81448E-01
  5.2200000000E+00  5.2300000000E+00  1.11612E-04  1.03065E-01
  5.2300000000E+00  5.2400000000E+00  1.12074E-04  7.48120E-02
  5.2400000000E+00  5.2500000000E+00  1.12389E-04  1.22843E-01
  5.2500000000E+00  5.2600000000E+00  1.12763E-04  1.21223E-01
  5.2600000000E+00  5.2700000000E+00  1.13323E-04  9.99005E-02
  5.2700000000E+00  5.2800000000E+00  1.13807E-04  1.26479E-01
  5.2800000000E+00  5.2900000000E+00  1.14118E-04  7.75874E-02
  5.2900000000E+00  5.3000000000E+00  1.14479E-04  1.12744E-01
  5.3000000000E+00  5.3100000000E+00  1.15176E-04  1.30896E-01
  5.3100000000E+00  5.3200000000E+00  1.15591E-04  8.20206E-02
  5.3200000000E+00  5.3300000000E+00  1.16179E-04  4.70612E-02
  5.3300000000E+00  5.3400000000E+00  1.16823E-04  1.22414E-01
  5.3400000000E+00  5.3500000000E+00  1.17634E-04  8.11425E-02
  5.3500000000E+00  5.3600000000E+00  1.18122E-04  1.19641E-01
  5.3600000000E+00  5.3700000000E+00  1.18701E-04  9.25851E-02
  5.3700000000E+00  5.3800000000E+00  1.19377E-04  1.26842E-01
  5.3800000000E+00  5.3900000000E+00  1.20261E-04  1.14683E-01
  5.3900000000E+00  5.4000000000E+00  1.20923E-04  4.13045E-02
  5.4000000000E+00  5.4100000000E+00  1.21230E-04  5.48577E-02
  5.4100000000E+00  5.4200000000E+00  1.21648E-04  9.40647E-02
  5.4200000000E+00  5.4300000000E+00  1.21707E-04  1.18762E-01
  5.4300000000E+00  5.4400000000E+00  1.21741E-04  1.30644E-01
  5.4400000000E+00  5.4500000000E+00  1.21527E-04  9.12343E-02
  5.4500000000E+00  5.4600000000E+00  1.21104E-04  7.08223E-02
  5.4600000000E+00  5.4700000000E+00  1.20315E-04  5.26148E-02
  5.4700000000E+00  5.4800000000E+00  1.19626E-04  7.36113E-02
  5.4800000000E+00  5.4900000000E+00  1.18345E-04  8.95995E-02
  5.4900000000E+00  5.5000000000E+00  1.17419E-04  1.31264E-01
  5.5000000000E+00  5.5100000000E+00  1.16326E-04  8.68588E-02
  5.5100000000E+00  5.5200000000E+00  1.15172E-04  3.34418E-02
  5.5200000000E+00  5.5300000000E+00  1.14103E-04  1.36595E-01
  5.5300000000E+00  5.5400000000E+00  1.12946E-04  8.48687E-02
  5.5400000000E+00  5.5500000000E+00  1.11896E-04  1.00842E-01
  5.5500000000E+00  5.5600000000E+00  1.11379E-04  1.14180E-01
  5.5600000000E+00  5.5700000000E+00  1.10597E-04  9.17874E-02
  5.5700000000E+00  5.5800000000E+00  1.10094E-04  9.49393E-02
  5.5800000000E+00  5.5900000000E+00  1.09780E-04  5.65147E-02
  5.5900000000E+00  5.6000000000E+00  1.09524E-04  1.33005E-01
  5.6000000000E+00  5.6100000000E+00  1.09575E-04  1.48938E-01
  5.6100000000E+00  5.6200000000E+00  1.09610E-04  1.13054E-01
  5.6200000000E+00  5.6300000000E+00  1.09868E-04  9.37495E-02
  5.6300000000E+00  5.6400000000E+00  1.10175E-04  6.11583E-02
  5.6400000000E+00  5.6500000000E+00  1.10444E-04  6.97075E-02
  5.6500000000E+00  5.6600000000E+00  1.10994E-04  7.50825E-02
  5.6600000000E+00  5.6700000000E+00  1.11423E-04  1.03187E-01
  5.6700000000E+00  5.6800000000E+00  1.11698E-04  1.03237E-01
  5.6800000000E+00  5.6900000000E+00  1.12396E-04  1.59894E-01
  5.6900000000E+00  5.7000000000E+00  1.12869E-04  1.28274E-01
  5.7000000000E+00  5.7100000000E+00  1.13478E-04  8.50118E-02
  5.7100000000E+00  5.7200000000E+00  1.13914E-04  6.11954E-02
  5.7200000000E+00  5.7300000000E+00  1.14494E-04  9.67174E-02
  5.7300000000E+00  5.7400000000E+00  1.15170E-04  1.14471E-01
  5.7400000000E+00  5.7500000000E+00  1.15805E-04  1.37487E-01
  5.7500000000E+00  5.7600000000E+00  1.16321E-04  1.06203E-01
  5.7600000000E+00  5.7700000000E+00  1.17078E-04  1.33714E-01
  5.7700000000E+00  5.7800000000E+00  1.17713E-04  1.17338E-01
  5.7800000000E+00  5.7900000000E+00  1.18178E-04  1.31936E-01
  5.7900000000E+00  5.8000000000E+00  1.18802E-04  1.10253E-01
  5.8000000000E+00  5.8100000000E+00  1.19114E-04  1.66669E-01
  5.8100000000E+00  5.8200000000E+00  1.19236E-04  8.56604E-02
  5.8200000000E+00  5.8300000000E+00  1.19248E-04  1.12871E-01
  5.8300000000E+00  5.8400000000E+00  1.19340E-04  1.40267E-01
  5.8400000000E+00  5.8500000000E+00  1.19045E-04  1.09593E-01
  5.8500000000E+00  5.8600000000E+00  1.18601E-04  9.92502E-02
  5.8600000000E+00  5.8700000000E+00  1.18133E-04  1.92864E-01
  5.8700000000E+00  5.8800000000E+00  1.17490E-04  1.28708E-01
  5.8800000000E+00  5.8900000000E+00  1.16491E-04  1.37501E-01
  5.8900000000E+00  5.9000000000E+00  1.15337E-04  1.31093E-01
  5.9000000000E+00  5.9100000000E+00  1.14464E-04  5.37410E-02
  5.9100000000E+00  5.9200000000E+00  1.13495E-04  9.56189E-02
  5.9200000000E+00  5.9300000000E+00  1.12339E-04  3.79717E-02
  5.9300000000E+00  5.9400000000E+00  1.11529E-04  1.01588E-01
  5.9400000000E+00  5.9500000000E+00  1.10703E-04  1.18365E-01
  5.9500000000E+00  5.9600000000E+00  1.10049E-04  9.50768E-02
  5.9600000000E+00  5.9700000000E+00  1.09517E-04  1.55699E-01
  5.9700000000E+00  5.9800000000E+00  1.09071E-04  1.03694E-01
  5.9800000000E+00  5.9900000000E+00  1.08916E-04  1.01597E-01
  5.9900000000E+00  6.0000000000E+00  1.08734E-04  9.96525E-02
  6.0000000000E+00  6.0100000000E+00  1.08840E-04  1.12381E-01
  6.0100000000E+00  6.0200000000E+00  1.08877E-04  1.08057E-01
  6.0200000000E+00  6.0300000000E+00  1.09104E-04  3.39532E-02
  6.0300000000E+00  6.0400000000E+00  1.09423E-04  1.37244E-01
  6.0400000000E+00  6.0500000000E+00  1.09846E-04  1.14157E-01
  6.0500000000E+00  6.0600000000E+00  1.10042E-04  1.04430E-01
  6.0600000000E+00  6.0700000000E+00  1.10563E-04  8.43772E-02
  6.0700000000E+00  6.0800000000E+00  1.11101E-04  8.99072E-02
  6.0800000000E+00  6.0900000000E+00  1.11780E-04  7.36081E-02
  6.0900000000E+00  6.1000000000E+00  1.12489E-04  1.71999E-01
  6.1000000000E+00  6.1100000000E+00  1.12881E-04  1.57667E-01
  6.1100000000E+00  6.1200000000E+00  1.13551E-04  1.52994E-01
  6.1200000000E+00  6.1300000000E+00  1.14089E-04  1.60108E-01
  6.1300000000E+00  6.1400000000E+00  1.14845E-04  1.12607E-01
  6.1400000000E+00  6.1500000000E+00  1.15635E-04  9.46526E-02
  6.1500000000E+00  6.1600000000E+00  1.16339E-04  1.27366E-01
  6.1600000000E+00  6.1700000000E+00  1.17029E-04  9.39245E-02
  6.1700000000E+00  6.1800000000E+00  1.17627E-04  1.19373E-01
  6.1800000000E+00  6.1900000000E+00  1.18474E-04  1.28707E-01
  6.1900000000E+00  6.2000000000E+00  1.18818E-04  7.09291E-02
  6.2000000000E+00  6.2100000000E+00  1.19262E-04  1.53877E-01
  6.2100000000E+00  6.2200000000E+00  1.19668E-04  1.42381E-01
  6.2200000000E+00  6.2300000000E+00  1.19701E-04  1.44912E-01
  6.2300000000E+00  6.2400000000E+00  1.19650E-04  9.60140E-02
  6.2400000000E+00  6.2500000000E+00  1.19450E-04  9.95783E-02
  6.2500000000E+00  6.2600000000E+00  1.19134E-04  1.26077E-01
  6.2600000000E+00  6.2700000000E+00  1.18759E-04  1.14283E-01
  6.2700000000E+00  6.2800000000E+00  1.17973E-04  1.44290E-01
  6.2800000000E+00  6.2900000000E+00  1.17082E-04  1.12455E-01
  6.2900000000E+00  6.3000000000E+00  1.16188E-04  1.37057E-01
  6.3000000000E+00  6.3100000000E+00  1.14958E-04  9.13343E-02
  6.3100000000E+00  6.3200000000E+00  1.13941E-04  8.25641E-02
  6.3200000000E+00  6.3300000000E+00  1.12852E-04  3.39189E-02
  6.3300000000E+00  6.3400000000E+00  1.11880E-04  1.16764E-01
  6.3400000000E+00  6.3500000000E+00  1.10906E-04  8.93608E-02
  6.3500000000E+00  6.3600000000E+00  1.10180E-04  1.14706E-01
  6.3600000000E+00  6.3700000000E+00  1.09287E-04  6.82698E-02
  6.3700000000E+00  6.3800000000E+00  1.08499E-04  7.96135E-02
  6.3800000000E+00  6.3900000000E+00  1.07921E-04  7.64561E-02
  6.3900000000E+00  6.4000000000E+00  1.07751E-04  5.95591E-02
  6.4000000000E+00  6.4100000000E+00  1.07598E-04  9.15517E-02
  6.4100000000E+00  6.4200000000E+00  1.07366E-04  1.26575E-01
  6.4200000000E+00  6.4300000000E+00  1.07574E-04  1.20802E-01
  6.4300000000E+00  6.4400000000E+00  1.07623E-04  8.49932E-02
  6.4400000000E+00  6.4500000000E+00  1.07985E-04  7.50261E-02
  6.4500000000E+00  6.4600000000E+00  1.08344E-04  2.56931E-02
  6.4600000000E+00  6.4700000000E+00  1.08644E-04  1.00452E-01
  6.4700000000E+00  6.4800000000E+00  1.09251E-04  1.39577E-01
  6.4800000000E+00  6.4900000000E+00  1.09589E-04  6.46775E-02
  6.4900000000E+00  6.5000000000E+00  1.10253E-04  1.44869E-01
  6.5000000000E+00  6.5100000000E+00  1.10782E-04  8.10085E-02
  6.5100000000E+00  6.5200000000E+00  1.11628E-04  9.27238E-02
  6.5200000000E+00  6.5300000000E+00  1.12328E-04  7.10275E-02
  6.5300000000E+00  6.5400000000E+00  1.12876E-04  6.90771E-02
  6.5400000000E+00  6.5500000000E+00  1.13486E-04  5.63724E-02
  6.5500000000E+00  6.5600000000E+00  1.14301E-04  4.92534E-02
  6.5600000000E+00  6.5700000000E+00  1.15052E-04  9.43001E-02
  6.5700000000E+00  6.5800000000E+00  1.15859E-04  1.00880E-01
  6.5800000000E+00  6.5900000000E+00  1.16651E-04  8.92996E-02
  6.5900000000E+00  6.6000000000E+00  1.17348E-04  7.43145E-02
  6.6000000000E+00  6.6100000000E+00  1.17919E-04  8.12531E-02
  6.6100000000E+00  6.6200000000E+00  1.18534E-04  7.02644E-02
  6.6200000000E+00  6.6300000000E+00  1.18918E-04  6.58923E-02
  6.6300000000E+00  6.6400000000E+00  1.19238E-04  7.01724E-02
  6.6400000000E+00  6.6500000000E+00  1.19384E-04  9.38446E-02
  6.6500000000E+00  6.6600000000E+00  1.19368E-04  6.43917E-02
  6.6600000000E+00  6.6700000000E+00  1.19049E-04  7.19045E-02
  6.6700000000E+00  6.6800000000E+00  1.18762E-04  6.47926E-02
  6.6800000000E+00  6.6900000000E+00  1.18230E-04  1.16481E-01
  6.6900000000E+00  6.7000000000E+00  1.17394E-04  5.38030E-02
  6.7000000000E+00  6.7100000000E+00  1.16680E-04  1.05216E-01
  6.7100000000E+00  6.7200000000E+00  1.15801E-04  7.86282E-02
  6.7200000000E+00  6.7300000000E+00  1.14874E-04  7.51323E-02
  6.7300000000E+00  6.7400000000E+00  1.13833E-04  9.86799E-02
  6.7400000000E+00  6.7500000000E+00  1.12640E-04  5.70190E-02
  6.7500000000E+00  6.7600000000E+00  1.11603E-04  7.52209E-02
  6.7600000000E+00  6.7700000000E+00  1.10497E-04  1.06719E-01
  6.7700000000E+00  6.7800000000E+00  1.09307E-04  8.23095E-02
  6.7800000000E+00  6.7900000000E+00  1.08805E-04  1.02996E-01
  6.7900000000E+00  6.8000000000E+00  1.07897E-04  8.70773E-02
  6.8000000000E+00  6.8100000000E+00  1.07238E-04  2.80125E-02
  6.8100000000E+00  6.8200000000E+00  1.06842E-04  1.67518E-01
  6.8200000000E+00  6.8300000000E+00  1.06450E-04  1.27864E-01
  6.8300000000E+00  6.8400000000E+00  1.06245E-04  5.93695E-02
  6.8400000000E+00  6.8500000000E+00  1.06255E-04  9.59181E-02
  6.8500000000E+00  6.8600000000E+00  1.06390E-04  1.16651E-01
  6.8600000000E+00  6.8700000000E+00  1.06678E-04  1.18919E-01
  6.8700000000E+00  6.8800000000E+00  1.06968E-04  1.34418E-01
  6.8800000000E+00  6.8900000000E+00  1.07213E-04  6.59968E-02
  6.8900000000E+00  6.9000000000E+00  1.07898E-04  8.01936E-02
  6.9000000000E+00  6.9100000000E+00  1.08489E-04  1.23663E-01
  6.9100000000E+00  6.9200000000E+00  1.09196E-04  8.14871E-02
  6.9200000000E+00  6.9300000000E+00  1.09762E-04  4.45376E-02
  6.9300000000E+00  6.9400000000E+00  1.10479E-04  8.07285E-02
  6.9400000000E+00  6.9500000000E+00  1.11273E-04  4.90611E-02
  6.9500000000E+00  6.9600000000E+00  1.12044E-04  4.57592E-02
  6.9600000000E+00  6.9700000000E+00  1.12951E-04  5.57633E-02
  6.9700000000E+00  6.9800000000E+00  1.13678E-04  5.90586E-02
  6.9800000000E+00  6.9900000000E+00  1.14741E-04  7.37466E-02
  6.9900000000E+00  7.0000000000E+00  1.15531E-04  1.45145E-01
  7.0000000000E+00  7.0100000000E+00  1.16445E-04  9.05975E-02
  7.0100000000E+00  7.0200000000E+00  1.17207E-04  1.16202E-01
  7.0200000000E+00  7.0300000000E+00  1.18102E-04  4.65615E-02
  7.0300000000E+00  7.0400000000E+00  1.18723E-04  7.03440E-02
  7.0400000000E+00  7.0500000000E+00  1.19363E-04  1.47051E-01
  7.0500000000E+00  7.0600000000E+00  1.19703E-04  8.77348E-02
  7.0600000000E+00  7.0700000000E+00  1.19885E-04  5.32264E-02
  7.0700000000E+00  7.0800000000E+00  1.20285E-04  9.79515E-02
  7.0800000000E+00  7.0900000000E+00  1.20287E-04  7.32036E-02
  7.0900000000E+00  7.1000000000E+00  1.20046E-04  1.05104E-01
  7.1000000000E+00  7.1100000000E+00  1.19788E-04  9.66029E-02
  7.1100000000E+00  7.1200000000E+00  1.19200E-04  1.14137E-01
  7.1200000000E+00  7.1300000000E+00  1.18212E-04  1.27169E-01
  7.1300000000E+00  7.1400000000E+00  1.17345E-04  7.25968E-02
  7.1400000000E+00  7.1500000000E+00  1.16189E-04  1.07376E-01
  7.1500000000E+00  7.1600000000E+00  1.14997E-04  1.80920E-01
  7.1600000000E+00  7.1700000000E+00  1.13624E-04  1.36525E-01
  7.1700000000E+00  7.1800000000E+00  1.12397E-04  5.83721E-02
  7.1800000000E+00  7.1900000000E+00  1.11273E-04  1.05460E-01
  7.1900000000E+00  7.2000000000E+00  1.09990E-04  8.93059E-02
  7.2000000000E+00  7.2100000000E+00  1.08500E-04  1.44243E-01
  7.2100000000E+00  7.2200000000E+00  1.07410E-04  7.04863E-02
  7.2200000000E+00  7.2300000000E+00  1.06438E-04  7.67331E-02
  7.2300000000E+00  7.2400000000E+00  1.05426E-04  6.61005E-02
  7.2400000000E+00  7.2500000000E+00  1.04871E-04  5.32812E-02
  7.2500000000E+00  7.2600000000E+00  1.04292E-04  7.89696E-02
  7.2600000000E+00  7.2700000000E+00  1.03989E-04  1.14602E-01
  7.2700000000E+00  7.2800000000E+00  1.03901E-04  1.24475E-01
  7.2800000000E+00  7.2900000000E+00  1.03653E-04  1.25790E-01
  7.2900000000E+00  7.3000000000E+00  1.03773E-04  1.09768E-01
  7.3000000000E+00  7.3100000000E+00  1.04033E-04  7.13526E-02
  7.3100000000E+00  7.3200000000E+00  1.04442E-04  9.40657E-02
  7.3200000000E+00  7.3300000000E+00  1.04840E-04  6.23186E-02
  7.3300000000E+00  7.3400000000E+00  1.05524E-04  9.03057E-02
  7.3400000000E+00  7.3500000000E+00  1.06035E-04  8.66526E-02
  7.3500000000E+00  7.3600000000E+00  1.06786E-04  1.06865E-01
  7.3600000000E+00  7.3700000000E+00  1.07609E-04  1.34657E-01
  7.3700000000E+00  7.3800000000E+00  1.08534E-04  1.05857E-01
  7.3800000000E+00  7.3900000000E+00  1.09359E-04  1.21843E-01
  7.3900000000E+00  7.4000000000E+00  1.10187E-04  9.22178E-02
  7.4000000000E+00  7.4100000000E+00  1.11142E-04  5.07372E-02
  7.4100000000E+00  7.4200000000E+00  1.12180E-04  6.16686E-02
  7.4200000000E+00  7.4300000000E+00  1.13162E-04  6.59427E-02
  7.4300000000E+00  7.4400000000E+00  1.14292E-04  1.20023E-01
  7.4400000000E+00  7.4500000000E+00  1.15443E-04  9.78915E-02
  7.4500000000E+00  7.4600000000E+00  1.16244E-04  1.17042E-01
  7.4600000000E+00  7.4700000000E+00  1.16893E-04  1.10681E-01
  7.4700000000E+00  7.4800000000E+00  1.17809E-04  1.07438E-01
  7.4800000000E+00  7.4900000000E+00  1.18534E-04  1.05083E-01
  7.4900000000E+00  7.5000000000E+00  1.19289E-04  7.07673E-02
  7.5000000000E+00  7.5100000000E+00  1.19559E-04  2.18797E-02
  7.5100000000E+00  7.5200000000E+00  1.19493E-04  1.09917E-01
  7.5200000000E+00  7.5300000000E+00  1.19297E-04  5.48473E-02
  7.5300000000E+00  7.5400000000E+00  1.19257E-04  5.31086E-02
  7.5400000000E+00  7.5500000000E+00  1.18819E-04  1.20777E-01
  7.5500000000E+00  7.5600000000E+00  1.18434E-04  1.50186E-01
  7.5600000000E+00  7.5700000000E+00  1.17460E-04  6.23556E-02
  7.5700000000E+00  7.5800000000E+00  1.16344E-04  1.22258E-01
  7.5800000000E+00  7.5900000000E+00  1.15094E-04  6.57581E-02
  7.5900000000E+00  7.6000000000E+00  1.13689E-04  7.33681E-02
  7.6000000000E+00  7.6100000000E+00  1.12260E-04  9.83175E-02
  7.6100000000E+00  7.6200000000E+00  1.10787E-04  6.66323E-02
  7.6200000000E+00  7.6300000000E+00  1.09276E-04  7.69511E-02
  7.6300000000E+00  7.6400000000E+00  1.07882E-04  1.09221E-01
  7.6400000000E+00  7.6500000000E+00  1.06420E-04  7.87324E-02
  7.6500000000E+00  7.6600000000E+00  1.04939E-04  1.35490E-01
  7.6600000000E+00  7.6700000000E+00  1.03602E-04  5.99362E-02
  7.6700000000E+00  7.6800000000E+00  1.02357E-04  7.61531E-02
  7.6800000000E+00  7.6900000000E+00  1.01522E-04  8.45514E-02
  7.6900000000E+00  7.7000000000E+00  1.00883E-04  9.45647E-02
  7.7000000000E+00  7.7100000000E+00  1.00241E-04  1.41400E-01
  7.7100000000E+00  7.7200000000E+00  9.99197E-05  1.56282E-01
  7.7200000000E+00  7.7300000000E+00  9.95769E-05  1.48617E-01
  7.7300000000E+00  7.7400000000E+00  9.94993E-05  1.20631E-01
  7.7400000000E+00  7.7500000000E+00  9.95282E-05  1.47426E-01
  7.7500000000E+00  7.7600000000E+00  9.99096E-05  1.10464E-01
  7.7600000000E+00  7.7700000000E+00  1.00473E-04  1.56592E-01
  7.7700000000E+00  7.7800000000E+00  1.01003E-04  1.38257E-01
  7.7800000000E+00  7.7900000000E+00  1.01789E-04  5.19680E-02
  7.7900000000E+00  7.8000000000E+00  1.02610E-04  8.52824E-02
  7.8000000000E+00  7.8100000000E+00  1.03481E-04  7.75128E-02
  7.8100000000E+00  7.8200000000E+00  1.04382E-04  9.83729E-02
  7.8200000000E+00  7.8300000000E+00  1.05613E-04  1.03252E-01
  7.8300000000E+00  7.8400000000E+00  1.06732E-04  1.12710E-01
  7.8400000000E+00  7.8500000000E+00  1.07882E-04  9.56126E-02
  7.8500000000E+00  7.8600000000E+00  1.09071E-04  3.61896E-02
  7.8600000000E+00  7.8700000000E+00  1.10302E-04  1.20393E-01
  7.8700000000E+00  7.8800000000E+00  1.11591E-04  1.13870E-01
  7.8800000000E+00  7.8900000000E+00  1.12774E-04  8.86335E-02
  7.8900000000E+00  7.9000000000E+00  1.13808E-04  6.53249E-02
  7.9000000000E+00  7.9100000000E+00  1.14992E-04  4.96044E-02
  7.9100000000E+00  7.9200000000E+00  1.15999E-04  1.33726E-01
  7.9200000000E+00  7.9300000000E+00  1.16995E-04  1.14762E-01
  7.9300000000E+00  7.9400000000E+00  1.17779E-04  9.84772E-02
  7.9400000000E+00  7.9500000000E+00  1.18401E-04  9.72427E-02
  7.9500000000E+00  7.9600000000E+00  1.18703E-04  1.01778E-01
  7.9600000000E+00  7.9700000000E+00  1.18960E-04  7.68367E-02
  7.9700000000E+00  7.9800000000E+00  1.19033E-04  1.02576E-01
  7.9800000000E+00  7.9900000000E+00  1.18739E-04  6.47537E-02
  7.9900000000E+00  8.0000000000E+00  1.18366E-04  6.15572E-02
  8.0000000000E+00  8.0100000000E+00  1.17643E-04  1.24275E-01
  8.0100000000E+00  8.0200000000E+00  1.16731E-04  9.41677E-02
  8.0200000000E+00  8.0300000000E+00  1.15724E-04  1.21178E-01
  8.0300000000E+00  8.0400000000E+00  1.14342E-04  1.92875E-01
  8.0400000000E+00  8.0500000000E+00  1.12898E-04  1.39741E-01
  8.0500000000E+00  8.0600000000E+00  1.10981E-04  1.64902E-01
  8.0600000000E+00  8.0700000000E+00  1.09364E-04  1.40306E-01
  8.0700000000E+00  8.0800000000E+00  1.07592E-04  1.81205E-01
  8.0800000000E+00  8.0900000000E+00  1.05830E-04  1.68744E-01
  8.0900000000E+00  8.1000000000E+00  1.04105E-04  1.17003E-01
  8.1000000000E+00  8.1100000000E+00  1.02400E-04  9.77716E-02
  8.1100000000E+00  8.1200000000E+00  1.00644E-04  4.76366E-02
  8.1200000000E+00  8.1300000000E+00  9.92474E-05  7.01826E-02
  8.1300000000E+00  8.1400000000E+00  9.82310E-05  9.31718E-02
  8.1400000000E+00  8.1500000000E+00  9.72096E-05  7.50409E-02
  8.1500000000E+00  8.1600000000E+00  9.64525E-05  1.05350E-01
  8.1600000000E+00  8.1700000000E+00  9.59962E-05  8.09814E-02
  8.1700000000E+00  8.1800000000E+00  9.56297E-05  1.34964E-01
  8.1800000000E+00  8.1900000000E+00  9.57679E-05  1.24153E-01
  8.1900000000E+00  8.2000000000E+00  9.58056E-05  1.01683E-01
  8.2000000000E+00  8.2100000000E+00  9.63445E-05  1.15620E-01
  8.2100000000E+00  8.2200000000E+00  9.71827E-05  2.47599E-01
  8.2200000000E+00  8.2300000000E+00  9.80495E-05  1.50087E-01
  8.2300000000E+00  8.2400000000E+00  9.92774E-05  1.47151E-01
  8.2400000000E+00  8.2500000000E+00  1.00459E-04  1.71778E-01
  8.2500000000E+00  8.2600000000E+00  1.02139E-04  2.16449E-01
  8.2600000000E+00  8.2700000000E+00  1.03763E-04  1.60961E-01
  8.2700000000E+00  8.2800000000E+00  1.05445E-04  1.25870E-01
  8.2800000000E+00  8.2900000000E+00  1.07271E-04  7.10917E-02
  8.2900000000E+00  8.3000000000E+00  1.09114E-04  1.21284E-01
  8.3000000000E+00  8.3100000000E+00  1.11186E-04  1.52022E-01
  8.3100000000E+00  8.3200000000E+00  1.13031E-04  1.44021E-01
  8.3200000000E+00  8.3300000000E+00  1.15140E-04  2.15980E-01
  8.3300000000E+00  8.3400000000E+00  1.17260E-04  2.32058E-01
  8.3400000000E+00  8.3500000000E+00  1.19191E-04  1.63122E-01
  8.3500000000E+00  8.3600000000E+00  1.21094E-04  2.28459E-01
  8.3600000000E+00  8.3700000000E+00  1.22652E-04  1.83482E-01
  8.3700000000E+00  8.3800000000E+00  1.23969E-04  1.49282E-01
  8.3800000000E+00  8.3900000000E+00  1.25171E-04  9.34088E-02
  8.3900000000E+00  8.4000000000E+00  1.25847E-04  1.89059E-01
  8.4000000000E+00  8.4100000000E+00  1.26164E-04  1.00438E-01
  8.4100000000E+00  8.4200000000E+00  1.26141E-04  7.99279E-02
  8.4200000000E+00  8.4300000000E+00  1.25166E-04  1.47728E-01
  8.4300000000E+00  8.4400000000E+00  1.24099E-04  1.24812E-01
  8.4400000000E+00  8.4500000000E+00  1.22173E-04  2.45147E-01
  8.4500000000E+00  8.4600000000E+00  1.19881E-04  2.38584E-01
  8.4600000000E+00  8.4700000000E+00  1.16533E-04  1.32980E-01
  8.4700000000E+00  8.4800000000E+00  1.13138E-04  1.40511E-01
  8.4800000000E+00  8.4900000000E+00  1.08436E-04  2.47943E-01
  8.4900000000E+00  8.5000000000E+00  1.03627E-04  2.30619E-01
  8.5000000000E+00  8.5100000000E+00  9.79012E-05  2.81640E-01
  8.5100000000E+00  8.5200000000E+00  9.20919E-05  2.66637E-01
  8.5200000000E+00  8.5300000000E+00  8.60683E-05  1.53749E-01
  8.5300000000E+00  8.5400000000E+00  7.95777E-05  1.43994E-01
  8.5400000000E+00  8.5500000000E+00  7.29094E-05  3.18627E-01
  8.5500000000E+00  8.5600000000E+00  6.62523E-05  4.50606E-01
  8.5600000000E+00  8.5700000000E+00  5.96107E-05  3.97920E-01
  8.5700000000E+00  8.5800000000E+00  5.32658E-05  4.01282E-01
  8.5800000000E+00  8.5900000000E+00  4.72926E-05  8.20884E-01
  8.5900000000E+00  8.6000000000E+00  4.12964E-05  7.72875E-01
  8.6000000000E+00  8.6100000000E+00  3.56490E-05  6.36841E-01
  8.6100000000E+00  8.6200000000E+00  3.06302E-05  3.50899E-01
  8.6200000000E+00  8.6300000000E+00  2.59907E-05  4.60687E-01
  8.6300000000E+00  8.6400000000E+00  2.19484E-05  7.74523E-01
  8.6400000000E+00  8.6500000000E+00  1.82846E-05  7.47267E-01
  8.6500000000E+00  8.6600000000E+00  1.50516E-05  6.48342E-01
  8.6600000000E+00  8.6700000000E+00  1.22087E-05  1.06091E+00
  8.6700000000E+00  8.6800000000E+00  9.77009E-06  1.37314E+00
  8.6800000000E+00  8.6900000000E+00  7.76722E-06  7.67250E-01
  8.6900000000E+00  8.7000000000E+00  6.18508E-06  8.34336E-01
  8.7000000000E+00  8.7100000000E+00  4.82912E-06  1.64282E+00
  8.7100000000E+00  8.7200000000E+00  3.61842E-06  1.36436E+00
  8.7200000000E+00  8.7300000000E+00  2.75509E-06  5.23858E-01
  8.7300000000E+00  8.7400000000E+00  2.13887E-06  9.28372E-01
  8.7400000000E+00  8.7500000000E+00  1.55530E-06  2.32676E+00
  8.7500000000E+00  8.7600000000E+00  1.15728E-06  3.21116E+00
  8.7600000000E+00  8.7700000000E+00  9.19970E-07  3.14775E+00
  8.7700000000E+00  8.7800000000E+00  6.69974E-07  6.35861E+00
  8.7800000000E+00  8.7900000000E+00  4.34056E-07  6.04175E+00
  8.7900000000E+00  8.8000000000E+00  3.28840E-07  7.01516E+00
  8.8000000000E+00  8.8100000000E+00  2.47732E-07  8.78412E+00
  8.8100000000E+00  8.8200000000E+00  1.92390E-07  8.30996E+00
  8.8200000000E+00  8.8300000000E+00  1.27118E-07  9.95736E+00
  8.8300000000E+00  8.8400000000E+00  9.48520E-08  8.33136E+00
  8.8400000000E+00  8.8500000000E+00  7.39491E-08  1.41791E+01
  8.8500000000E+00  8.8600000000E+00  6.45927E-08  1.89168E+01
  8.8600000000E+00  8.8700000000E+00  6.50466E-08  8.85019E+00
  8.8700000000E+00  8.8800000000E+00  7.41242E-08  2.08330E+01
  8.8800000000E+00  8.8900000000E+00  6.11844E-08  1.24738E+01
  8.8900000000E+00  8.9000000000E+00  5.09548E-08  1.01202E+01
  8.9000000000E+00  8.9100000000E+00  6.27051E-08  2.20053E+01
  8.9100000000E+00  8.9200000000E+00  6.84265E-08  9.03995E+00
  8.9200000000E+00  8.9300000000E+00  4.49914E-08  1.06317E+01
  8.9300000000E+00  8.9400000000E+00  4.51789E-08  1.30602E+01
  8.9400000000E+00  8.9500000000E+00  6.89147E-08  3.36675E+01
  8.9500000000E+00  8.9600000000E+00  4.81236E-08  1.55894E+01
  8.9600000000E+00  8.9700000000E+00  5.57510E-08  1.32193E+01
  8.9700000000E+00  8.9800000000E+00  4.45469E-08  1.35362E+01
  8.9800000000E+00  8.9900000000E+00  4.83854E-08  1.59339E+01
  8.9900000000E+00  9.0000000000E+00  7.79280E-08  1.90847E+01
  9.0000000000E+00  9.0100000000E+00  5.66772E-08  1.07431E+01
  9.0100000000E+00  9.0200000000E+00  5.82105E-08  1.68579E+01
  9.0200000000E+00  9.0300000000E+00  4.86986E-08  1.95430E+01
  9.0300000000E+00  9.0400000000E+00  6.54008E-08  2.26793E+01
  9.0400000000E+00  9.0500000000E+00  6.69751E-08  1.47446E+01
  9.0500000000E+00  9.0600000000E+00  4.71089E-08  1.21541E+01
  9.0600000000E+00  9.0700000000E+00  6.18654E-08  2.00188E+01
  9.0700000000E+00  9.0800000000E+00  4.64975E-08  1.07537E+01
  9.0800000000E+00  9.0900000000E+00  4.21346E-08  1.27116E+01
  9.0900000000E+00  9.1000000000E+00  5.20850E-08  1.73483E+01
  9.1000000000E+00  9.1100000000E+00  6.80591E-08  6.39877E+00
  9.1100000000E+00  9.1200000000E+00  6.66611E-08  2.07761E+01
  9.1200000000E+00  9.1300000000E+00  6.68118E-08  9.91182E+00
  9.1300000000E+00  9.1400000000E+00  4.97346E-08  3.55064E+01
  9.1400000000E+00  9.1500000000E+00  3.93381E-08  1.61720E+01
  9.1500000000E+00  9.1600000000E+00  6.43253E-08  2.54104E+01
  9.1600000000E+00  9.1700000000E+00  4.89235E-08  1.22007E+01
  9.1700000000E+00  9.1800000000E+00  5.87528E-08  1.90709E+01
  9.1800000000E+00  9.1900000000E+00  4.61680E-08  8.94741E+00
  9.1900000000E+00  9.2000000000E+00  4.88254E-08  1.06157E+01
  9.2000000000E+00  9.2100000000E+00  5.64572E-08  1.41728E+01
  9.2100000000E+00  9.2200000000E+00  5.47761E-08  1.94250E+01
  9.2200000000E+00  9.2300000000E+00  5.61023E-08  1.46341E+01
  9.2300000000E+00  9.2400000000E+00  4.59683E-08  1.64228E+01
  9.2400000000E+00  9.2500000000E+00  4.55352E-08  1.94170E+01
  9.2500000000E+00  9.2600000000E+00  4.72273E-08  1.64926E+01
  9.2600000000E+00  9.2700000000E+00  6.34278E-08  2.26246E+01
  9.2700000000E+00  9.2800000000E+00  5.26486E-08  1.56781E+01
  9.2800000000E+00  9.2900000000E+00  5.61329E-08  2.06543E+01
  9.2900000000E+00  9.3000000000E+00  7.38539E-08  1.94765E+01
  9.3000000000E+00  9.3100000000E+00  5.28215E-08  1.27924E+01
  9.3100000000E+00  9.3200000000E+00  5.91208E-08  2.56168E+01
  9.3200000000E+00  9.3300000000E+00  4.74958E-08  6.96377E+00
  9.3300000000E+00  9.3400000000E+00  6.93898E-08  1.45456E+01
  9.3400000000E+00  9.3500000000E+00  4.83294E-08  1.83702E+01
  9.3500000000E+00  9.3600000000E+00  6.41130E-08  2.02120E+01
  9.3600000000E+00  9.3700000000E+00  5.21631E-08  2.35451E+01
  9.3700000000E+00  9.3800000000E+00  3.79449E-08  1.56625E+01
  9.3800000000E+00  9.3900000000E+00  3.89356E-08  1.64236E+01
  9.3900000000E+00  9.4000000000E+00  5.34130E-08  1.89591E+01
  9.4000000000E+00  9.4100000000E+00  4.89988E-08  1.25537E+01
  9.4100000000E+00  9.4200000000E+00  5.58983E-08  2.24251E+01
  9.4200000000E+00  9.4300000000E+00  4.27112E-08  1.55386E+01
  9.4300000000E+00  9.4400000000E+00  5.33548E-08  1.86365E+01
  9.4400000000E+00  9.4500000000E+00  7.08814E-08  1.47270E+01
  9.4500000000E+00  9.4600000000E+00  4.59891E-08  1.54361E+01
  9.4600000000E+00  9.4700000000E+00  4.83023E-08  1.23760E+01
  9.4700000000E+00  9.4800000000E+00  6.13684E-08  7.80082E+00
  9.4800000000E+00  9.4900000000E+00  4.83419E-08  9.45444E+00
  9.4900000000E+00  9.5000000000E+00  4.55244E-08  1.51516E+01
  9.5000000000E+00  9.5100000000E+00  5.31516E-08  2.63017E+01
  9.5100000000E+00  9.5200000000E+00  3.56292E-08  8.77322E+00
  9.5200000000E+00  9.5300000000E+00  4.08280E-08  1.14285E+01
  9.5300000000E+00  9.5400000000E+00  4.81613E-08  2.40648E+01
  9.5400000000E+00  9.5500000000E+00  4.79559E-08  1.64755E+01
  9.5500000000E+00  9.5600000000E+00  6.63930E-08  1.77571E+01
  9.5600000000E+00  9.5700000000E+00  5.64809E-08  2.73342E+01
  9.5700000000E+00  9.5800000000E+00  5.25428E-08  1.39220E+01
  9.5800000000E+00  9.5900000000E+00  5.49561E-08  1.93488E+01
  9.5900000000E+00  9.6000000000E+00  4.53038E-08  1.18290E+01
  9.6000000000E+00  9.6100000000E+00  3.91678E-08  9.50420E+00
  9.6100000000E+00  9.6200000000E+00  3.54809E-08  1.84708E+01
  9.6200000000E+00  9.6300000000E+00  5.70354E-08  1.40946E+01
  9.6300000000E+00  9.6400000000E+00  5.19708E-08  7.58651E+00
  9.6400000000E+00  9.6500000000E+00  4.45600E-08  1.10764E+01
  9.6500000000E+00  9.6600000000E+00  5.05330E-08  1.60673E+01
  9.6600000000E+00  9.6700000000E+00  4.40743E-08  1.89535E+01
  9.6700000000E+00  9.6800000000E+00  4.98708E-08  1.40114E+01
  9.6800000000E+00  9.6900000000E+00  3.52914E-08  4.65884E+00
  9.6900000000E+00  9.7000000000E+00  6.66443E-08  2.63020E+01
  9.7000000000E+00  9.7100000000E+00  4.52531E-08  1.53838E+01
  9.7100000000E+00  9.7200000000E+00  5.01163E-08  1.57770E+01
  9.7200000000E+00  9.7300000000E+00  5.75586E-08  2.29615E+01
  9.7300000000E+00  9.7400000000E+00  5.97829E-08  1.72468E+01
  9.7400000000E+00  9.7500000000E+00  6.17178E-08  1.45117E+01
  9.7500000000E+00  9.7600000000E+00  4.95975E-08  1.80499E+01
  9.7600000000E+00  9.7700000000E+00  4.19093E-08  1.44093E+01
  9.7700000000E+00  9.7800000000E+00  4.86353E-08  1.59792E+01
  9.7800000000E+00  9.7900000000E+00  4.78392E-08  1.25280E+01
  9.7900000000E+00  9.8000000000E+00  4.85301E-08  2.01534E+01
  9.8000000000E+00  9.8100000000E+00  4.74856E-08  6.07736E+00
  9.8100000000E+00  9.8200000000E+00  6.21642E-08  3.03085E+01
  9.8200000000E+00  9.8300000000E+00  5.61154E-08  1.87463E+01
  9.8300000000E+00  9.8400000000E+00  5.53037E-08  4.14532E+01
  9.8400000000E+00  9.8500000000E+00  4.40525E-08  4.64963E+00
  9.8500000000E+00  9.8600000000E+00  4.28625E-08  1.25599E+01
  9.8600000000E+00  9.8700000000E+00  3.92333E-08  1.06024E+01
  9.8700000000E+00  9.8800000000E+00  4.83353E-08  1.37048E+01
  9.8800000000E+00  9.8900000000E+00  5.00349E-08  1.27030E+01
  9.8900000000E+00  9.9000000000E+00  5.19103E-08  9.58130E+00
  9.9000000000E+00  9.9100000000E+00  4.59844E-08  1.82323E+01
  9.9100000000E+00  9.9200000000E+00  5.13742E-08  1.52123E+01
  9.9200000000E+00  9.9300000000E+00  3.83062E-08  1.96488E+01
  9.9300000000E+00  9.9400000000E+00  6.15621E-08  2.56267E+01
  9.9400000000E+00  9.9500000000E+00  6.68763E-08  2.83457E+01
  9.9500000000E+00  9.9600000000E+00  4.08710E-08  1.91482E+01
  9.9600000000E+00  9.9700000000E+00  4.18940E-08  2.02900E+01
  9.9700000000E+00  9.9800000000E+00  4.18174E-08  2.98343E+01
  9.9800000000E+00  9.9900000000E+00  3.90280E-08  1.00153E+01
  9.9900000000E+00  1.0000000000E+01  3.63316E-08  1.11166E+01
  1.0000000000E+01  1.0010000000E+01  4.22051E-08  1.70916E+01
  1.0010000000E+01  1.0020000000E+01  4.18531E-08  6.13711E+00
  1.0020000000E+01  1.0030000000E+01  5.37119E-08  9.27885E+00
  1.0030000000E+01  1.0040000000E+01  5.32672E-08  1.19502E+01
  1.0040000000E+01  1.0050000000E+01  4.84361E-08  8.88819E+00
  1.0050000000E+01  1.0060000000E+01  5.32829E-08  1.07017E+01
  1.0060000000E+01  1.0070000000E+01  4.99013E-08  2.17084E+01
  1.0070000000E+01  1.0080000000E+01  5.15891E-08  2.58021E+01
  1.0080000000E+01  1.0090000000E+01  5.00425E-08  2.29096E+01
  1.0090000000E+01  1.0100000000E+01  3.91990E-08  1.99187E+01
  1.0100000000E+01  1.0110000000E+01  3.88872E-08  8.16020E+00
  1.0110000000E+01  1.0120000000E+01  5.10096E-08  1.77236E+01
  1.0120000000E+01  1.0130000000E+01  4.25548E-08  2.55539E+01
  1.0130000000E+01  1.0140000000E+01  5.23027E-08  1.43990E+01
  1.0140000000E+01  1.0150000000E+01  3.90571E-08  1.91292E+01
  1.0150000000E+01  1.0160000000E+01  5.66137E-08  2.75544E+01
  1.0160000000E+01  1.0170000000E+01  3.69125E-08  3.08949E+01
  1.0170000000E+01  1.0180000000E+01  4.32568E-08  1.90302E+01
  1.0180000000E+01  1.0190000000E+01  4.18564E-08  2.38760E+01
  1.0190000000E+01  1.0200000000E+01  2.92824E-08  9.70838E+00
  1.0200000000E+01  1.0210000000E+01  3.65104E-08  1.19664E+01
  1.0210000000E+01  1.0220000000E+01  2.91750E-08  1.90928E+01
  1.0220000000E+01  1.0230000000E+01  3.61903E-08  1.29261E+01
  1.0230000000E+01  1.0240000000E+01  3.66480E-08  1.14633E+01
  1.0240000000E+01  1.0250000000E+01  3.27264E-08  1.22280E+01
  1.0250000000E+01  1.0260000000E+01  4.44008E-08  1.31308E+01
  1.0260000000E+01  1.0270000000E+01  4.51786E-08  1.66329E+01
  1.0270000000E+01  1.0280000000E+01  5.50777E-08  3.69410E+01
  1.0280000000E+01  1.0290000000E+01  2.82797E-08  8.54901E-01
  1.0290000000E+01  1.0300000000E+01  5.01016E-08  2.36191E+01
  1.0300000000E+01  1.0310000000E+01  2.66680E-08  1.33981E+01
  1.0310000000E+01  1.0320000000E+01  3.67525E-08  1.16283E+01
  1.0320000000E+01  1.0330000000E+01  3.27397E-08  8.42139E+00
  1.0330000000E+01  1.0340000000E+01  3.82528E-08  1.54808E+01
  1.0340000000E+01  1.0350000000E+01  4.51920E-08  2.16147E+01
  1.0350000000E+01  1.0360000000E+01  4.82394E-08  1.35724E+01
  1.0360000000E+01  1.0370000000E+01  4.06204E-08  2.34976E+01
  1.0370000000E+01  1.0380000000E+01  4.41958E-08  3.42462E+01
  1.0380000000E+01  1.0390000000E+01  4.45510E-08  2.73398E+01
  1.0390000000E+01  1.0400000000E+01  3.09859E-08  1.72871E+01
  1.0400000000E+01  1.0410000000E+01  2.68169E-08  1.09392E+01
  1.0410000000E+01  1.0420000000E+01  2.89173E-08  7.14013E+00
  1.0420000000E+01  1.0430000000E+01  4.49609E-08  2.58883E+01
  1.0430000000E+01  1.0440000000E+01  4.61053E-08  1.56508E+01
  1.0440000000E+01  1.0450000000E+01  4.19934E-08  1.67942E+01
  1.0450000000E+01  1.0460000000E+01  3.86768E-08  1.10685E+01
  1.0460000000E+01  1.0470000000E+01  4.20893E-08  1.46040E+01
  1.0470000000E+01  1.0480000000E+01  5.19841E-08  2.25719E+01
  1.0480000000E+01  1.0490000000E+01  4.93412E-08  1.48103E+01
  1.0490000000E+01  1.0500000000E+01  3.79440E-08  1.76856E+01
  1.0500000000E+01  1.0510000000E+01  4.03489E-08  1.78785E+01
  1.0510000000E+01  1.0520000000E+01  4.31613E-08  1.25320E+01
  1.0520000000E+01  1.0530000000E+01  4.53263E-08  1.72351E+01
  1.0530000000E+01  1.0540000000E+01  4.12107E-08  1.28344E+01
  1.0540000000E+01  1.0550000000E+01  5.51034E-08  2.24387E+01
  1.0550000000E+01  1.0560000000E+01  4.75763E-08  1.56162E+01
  1.0560000000E+01  1.0570000000E+01  3.64178E-08  1.44089E+01
  1.0570000000E+01  1.0580000000E+01  4.28145E-08  1.42355E+01
  1.0580000000E+01  1.0590000000E+01  4.04919E-08  1.48000E+01
  1.0590000000E+01  1.0600000000E+01  3.36843E-08  9.11874E+00
  1.0600000000E+01  1.0610000000E+01  3.00682E-08  1.40849E+01
  1.0610000000E+01  1.0620000000E+01  2.90460E-08  2.32784E+01
  1.0620000000E+01  1.0630000000E+01  2.88253E-08  1.56489E+01
  1.0630000000E+01  1.0640000000E+01  4.37662E-08  2.37792E+01
  1.0640000000E+01  1.0650000000E+01  4.37425E-08  1.85151E+01
  1.0650000000E+01  1.0660000000E+01  5.36359E-08  2.26160E+01
  1.0660000000E+01  1.0670000000E+01  3.49694E-08  1.32346E+01
  1.0670000000E+01  1.0680000000E+01  4.16370E-08  1.76822E+01
  1.0680000000E+01  1.0690000000E+01  4.38674E-08  8.32842E+00
  1.0690000000E+01  1.0700000000E+01  3.49201E-08  2.03055E+01
  1.0700000000E+01  1.0710000000E+01  2.86004E-08  1.71814E+01
  1.0710000000E+01  1.0720000000E+01  2.51298E-08  2.55531E+01
  1.0720000000E+01  1.0730000000E+01  2.51107E-08  1.06303E+01
  1.0730000000E+01  1.0740000000E+01  3.31349E-08  2.03209E+01
  1.0740000000E+01  1.0750000000E+01  2.94158E-08  1.26866E+01
  1.0750000000E+01  1.0760000000E+01  3.26913E-08  2.24367E+01
  1.0760000000E+01  1.0770000000E+01  4.43782E-08  2.53796E+01
  1.0770000000E+01  1.0780000000E+01  3.75244E-08  3.34294E+01
  1.0780000000E+01  1.0790000000E+01  3.35862E-08  5.64522E+00
  1.0790000000E+01  1.0800000000E+01  4.78072E-08  3.04609E+01
  1.0800000000E+01  1.0810000000E+01  3.66573E-08  2.20604E+01
  1.0810000000E+01  1.0820000000E+01  2.99425E-08  1.41961E+01
  1.0820000000E+01  1.0830000000E+01  3.53639E-08  1.73290E+01
  1.0830000000E+01  1.0840000000E+01  3.57681E-08  1.27419E+01
  1.0840000000E+01  1.0850000000E+01  6.37226E-08  1.57959E+01
  1.0850000000E+01  1.0860000000E+01  4.08984E-08  7.86786E+00
  1.0860000000E+01  1.0870000000E+01  3.76576E-08  3.28534E+01
  1.0870000000E+01  1.0880000000E+01  3.80054E-08  1.86101E+01
  1.0880000000E+01  1.0890000000E+01  3.34302E-08  6.41637E+00
  1.0890000000E+01  1.0900000000E+01  4.24959E-08  7.73366E+00
  1.0900000000E+01  1.0910000000E+01  3.48820E-08  1.53545E+01
  1.0910000000E+01  1.0920000000E+01  3.29994E-08  1.08557E+01
  1.0920000000E+01  1.0930000000E+01  3.97453E-08  2.41098E+01
  1.0930000000E+01  1.0940000000E+01  4.59156E-08  2.22160E+01
  1.0940000000E+01  1.0950000000E+01  3.44782E-08  2.73568E+01
  1.0950000000E+01  1.0960000000E+01  3.35316E-08  1.95945E+01
  1.0960000000E+01  1.0970000000E+01  3.50805E-08  1.17699E+01
  1.0970000000E+01  1.0980000000E+01  2.93436E-08  1.09689E+01
  1.0980000000E+01  1.0990000000E+01  2.73713E-08  1.29064E+01
  1.0990000000E+01  1.1000000000E+01  2.37738E-08  1.85995E+01
  1.1000000000E+01  1.1010000000E+01  2.00748E-08  1.38280E+01
  1.1010000000E+01  1.1020000000E+01  2.98515E-08  1.88740E+01
  1.1020000000E+01  1.1030000000E+01  3.29547E-08  1.67822E+01
  1.1030000000E+01  1.1040000000E+01  2.90560E-08  6.64641E+00
  1.1040000000E+01  1.1050000000E+01  5.02970E-08  2.15284E+01
  1.1050000000E+01  1.1060000000E+01  4.24423E-08  2.30069E+01
  1.1060000000E+01  1.1070000000E+01  2.93003E-08  2.90330E+01
  1.1070000000E+01  1.1080000000E+01  2.39911E-08  8.55456E+00
  1.1080000000E+01  1.1090000000E+01  2.83884E-08  1.43123E+01
  1.1090000000E+01  1.1100000000E+01  3.93923E-08  2.39316E+01
  1.1100000000E+01  1.1110000000E+01  3.41413E-08  9.76081E+00
  1.1110000000E+01  1.1120000000E+01  2.28580E-08  2.09638E+01
  1.1120000000E+01  1.1130000000E+01  2.56441E-08  2.33626E+01
  1.1130000000E+01  1.1140000000E+01  3.30753E-08  2.29886E+01
  1.1140000000E+01  1.1150000000E+01  4.13765E-08  1.62555E+01
  1.1150000000E+01  1.1160000000E+01  2.79888E-08  1.53283E+01
  1.1160000000E+01  1.1170000000E+01  2.20574E-08  2.03144E+01
  1.1170000000E+01  1.1180000000E+01  2.63725E-08  2.05826E+01
  1.1180000000E+01  1.1190000000E+01  5.19725E-08  1.87682E+01
  1.1190000000E+01  1.1200000000E+01  2.46871E-08  1.76878E+01
  1.1200000000E+01  1.1210000000E+01  2.84670E-08  2.15067E+01
  1.1210000000E+01  1.1220000000E+01  3.68624E-08  1.62754E+01
  1.1220000000E+01  1.1230000000E+01  3.28019E-08  1.55176E+01
  1.1230000000E+01  1.1240000000E+01  3.02416E-08  2.10318E+01
  1.1240000000E+01  1.1250000000E+01  4.39397E-08  1.52220E+01
  1.1250000000E+01  1.1260000000E+01  3.60160E-08  2.03723E+01
  1.1260000000E+01  1.1270000000E+01  3.20220E-08  1.52732E+01
  1.1270000000E+01  1.1280000000E+01  3.49893E-08  2.83149E+01
  1.1280000000E+01  1.1290000000E+01  2.91053E-08  1.97591E+01
  1.1290000000E+01  1.1300000000E+01  2.88223E-08  1.63968E+01
  1.1300000000E+01  1.1310000000E+01  5.87954E-08  4.30126E+01
  1.1310000000E+01  1.1320000000E+01  3.55270E-08  2.31876E+01
  1.1320000000E+01  1.1330000000E+01  4.06855E-08  2.09716E+01
  1.1330000000E+01  1.1340000000E+01  3.53097E-08  1.67292E+01
  1.1340000000E+01  1.1350000000E+01  5.13371E-08  1.92399E+01
  1.1350000000E+01  1.1360000000E+01  3.36905E-08  1.38587E+01
  1.1360000000E+01  1.1370000000E+01  4.63712E-08  1.16162E+01
  1.1370000000E+01  1.1380000000E+01  5.80324E-08  4.74715E+01
  1.1380000000E+01  1.1390000000E+01  5.12886E-08  1.85592E+01
  1.1390000000E+01  1.1400000000E+01  3.88453E-08  2.43281E+01
  1.1400000000E+01  1.1410000000E+01  3.70935E-08  1.27296E+01
  1.1410000000E+01  1.1420000000E+01  6.79296E-08  3.10611E+01
  1.1420000000E+01  1.1430000000E+01  2.51601E-08  5.07813E+00
  1.1430000000E+01  1.1440000000E+01  3.33075E-08  8.37685E+00
  1.1440000000E+01  1.1450000000E+01  3.48986E-08  2.82284E+01
  1.1450000000E+01  1.1460000000E+01  3.54990E-08  1.31686E+01
  1.1460000000E+01  1.1470000000E+01  3.61551E-08  1.38428E+01
  1.1470000000E+01  1.1480000000E+01  3.07664E-08  1.37143E+01
  1.1480000000E+01  1.1490000000E+01  3.04022E-08  2.87428E+01
  1.1490000000E+01  1.1500000000E+01  3.98545E-08  2.90818E+01
  1.1500000000E+01  1.1510000000E+01  2.98995E-08  6.04090E+00
  1.1510000000E+01  1.1520000000E+01  3.09505E-08  1.47974E+01
  1.1520000000E+01  1.1530000000E+01  3.41604E-08  2.25103E+01
  1.1530000000E+01  1.1540000000E+01  2.96078E-08  2.46884E+01
  1.1540000000E+01  1.1550000000E+01  3.13291E-08  2.37474E+01
  1.1550000000E+01  1.1560000000E+01  2.68411E-08  1.78375E+01
  1.1560000000E+01  1.1570000000E+01  3.19111E-08  1.91364E+01
  1.1570000000E+01  1.1580000000E+01  3.28008E-08  2.29333E+01
  1.1580000000E+01  1.1590000000E+01  3.40575E-08  1.39712E+01
  1.1590000000E+01  1.1600000000E+01  4.13247E-08  2.54010E+01
  1.1600000000E+01  1.1610000000E+01  3.35063E-08  1.60535E+01
  1.1610000000E+01  1.1620000000E+01  2.98008E-08  1.91717E+01
  1.1620000000E+01  1.1630000000E+01  3.15027E-08  1.20815E+01
  1.1630000000E+01  1.1640000000E+01  3.49035E-08  1.52204E+01
  1.1640000000E+01  1.1650000000E+01  3.47099E-08  2.31410E+01
  1.1650000000E+01  1.1660000000E+01  2.99651E-08  1.59215E+01
  1.1660000000E+01  1.1670000000E+01  3.68670E-08  1.36762E+01
  1.1670000000E+01  1.1680000000E+01  2.78573E-08  1.39183E+01
  1.1680000000E+01  1.1690000000E+01  3.11422E-08  1.18280E+01
  1.1690000000E+01  1.1700000000E+01  2.36887E-08  1.81634E+01
  1.1700000000E+01  1.1710000000E+01  3.06423E-08  6.63279E+00
  1.1710000000E+01  1.1720000000E+01  3.40592E-08  2.02165E+01
  1.1720000000E+01  1.1730000000E+01  2.94590E-08  1.38409E+01
  1.1730000000E+01  1.1740000000E+01  2.70317E-08  1.91369E+01
  1.1740000000E+01  1.1750000000E+01  2.67380E-08  1.31645E+01
  1.1750000000E+01  1.1760000000E+01  3.17921E-08  1.88989E+01
  1.1760000000E+01  1.1770000000E+01  3.82382E-08  1.66204E+01
  1.1770000000E+01  1.1780000000E+01  3.15914E-08  1.71407E+01
  1.1780000000E+01  1.1790000000E+01  3.90199E-08  1.18781E+01
  1.1790000000E+01  1.1800000000E+01  3.50504E-08  1.63283E+01
  1.1800000000E+01  1.1810000000E+01  2.82072E-08  1.42338E+01
  1.1810000000E+01  1.1820000000E+01  3.59859E-08  1.57080E+01
  1.1820000000E+01  1.1830000000E+01  2.44486E-08  9.35768E+00
  1.1830000000E+01  1.1840000000E+01  3.48207E-08  2.68933E+01
  1.1840000000E+01  1.1850000000E+01  3.24115E-08  2.32180E+01
  1.1850000000E+01  1.1860000000E+01  3.00668E-08  2.07841E+01
  1.1860000000E+01  1.1870000000E+01  2.55238E-08  1.17636E+01
  1.1870000000E+01  1.1880000000E+01  2.95850E-08  4.41625E+01
  1.1880000000E+01  1.1890000000E+01  2.04563E-08  1.35633E+01
  1.1890000000E+01  1.1900000000E+01  2.26064E-08  2.33127E+01
  1.1900000000E+01  1.1910000000E+01  2.94922E-08  2.63131E+01
  1.1910000000E+01  1.1920000000E+01  3.38450E-08  2.72934E+01
  1.1920000000E+01  1.1930000000E+01  3.11618E-08  1.65237E+01
  1.1930000000E+01  1.1940000000E+01  3.53873E-08  2.48251E+01
  1.1940000000E+01  1.1950000000E+01  2.78776E-08  1.79304E+01
  1.1950000000E+01  1.1960000000E+01  2.53267E-08  1.23044E+01
  1.1960000000E+01  1.1970000000E+01  3.31006E-08  1.05896E+01
  1.1970000000E+01  1.1980000000E+01  3.61545E-08  1.85619E+01
  1.1980000000E+01  1.1990000000E+01  2.76061E-08  1.70285E+01
  1.1990000000E+01  1.2000000000E+01  2.77579E-08  1.80554E+01
  1.2000000000E+01  1.2000000000E+01  2.77579E-08  1.80554E+01
