#1PLOTGEOM**USRBIN 20tungsten1p27 46                                                        
# Origin and axis parameters
#  X0PICT=   0.10000E-05  Y0PICT=  -0.80000E+00  Z0PICT=  -0.10000E-10
#  X1PICT=   0.10000E-05  Y1PICT=   0.12000E+01  Z1PICT=   0.12000E+02
#  TYX=   0.00000E+00 TYY=   0.00000E+00 TYZ=   0.10000E+01
#  TXX=   0.00000E+00 TXY=   0.10000E+01 TXZ=   0.00000E+00
#  XAXLEN=   0.20000E+01 YAXLEN=   0.12000E+02
-1.0000012 -6.000007 1e-06 -0.8000002 -9.9999e-07
0.9999988 -6.000007 1e-06 1.1999998 -9.9999e-07


-1.0000012 -6.000007 1e-06 -0.8000002 -1e-06 32 29 0 0 0 0
0 -6.000007 1e-06 0.200001 -1e-06 32 29 0 0 0 0

-1.0000012 0 1e-06 -0.8000002 6.000006 32 29 0 0 0 0
0 0 1e-06 0.200001 6.000006 32 29 0 0 0 0



-0.500001 -3 1e-06 -0.3 3 TARGET30 WATER
