#1PLOTGEOM**USRBIN 20tungsten1p27 83                                                        
# Origin and axis parameters
#  X0PICT=  -0.10000E+02  Y0PICT=  -0.25000E+00  Z0PICT=  -0.10000E-10
#  X1PICT=   0.10000E+02  Y1PICT=  -0.25000E+00  Z1PICT=   0.12000E+02
#  TYX=   0.00000E+00 TYY=   0.00000E+00 TYZ=   0.10000E+01
#  TXX=   0.10000E+01 TXY=   0.00000E+00 TXZ=   0.00000E+00
#  XAXLEN=   0.20000E+02 YAXLEN=   0.12000E+02
-10.00001 -6.000007 -10.000009 -0.24999925 -9.9999e-07
9.99999 -6.000007 9.999991 -0.24999925 -9.9999e-07


-10.00001 -6.000007 -10.000009 -0.24999925 -1e-06 32 29 0 0 0 0
0 -6.000007 1e-06 -0.24999925 -1e-06 32 29 0 0 0 0

-10.00001 0 -10.000009 -0.24999925 6.000006 32 29 0 0 0 0
0 0 1e-06 -0.24999925 6.000006 32 29 0 0 0 0



-5 -3 -5 -0.249999 3 TARGET30 WATER
