# Detector n: 1 Z
1 2       0.0104954 0.540522
2 3               0 0
3 4               0 0
4 5        0.704823 0.519994
5 6               0 0
6 7         3583.37 0.867023
7 8         4029.32 0.355093
8 9         1096.44 0.285986
9 10        0.553266 20.1795
10 11     1.54658e-06 99
11 12      0.00624126 61.2045
12 13               0 0
13 14          0.4594 42.3896
14 15        0.237747 23.6901
15 16         1.03537 17.7099
16 17        0.408436 59.0242
17 18         11.9144 7.23771
18 19       0.0402821 59.0115
19 20        0.384799 40.8248
20 21     1.20556e-05 99
21 22       0.0475044 45.4584
22 23       0.0291568 61.2372
23 24        0.909309 37.222
24 25          1.5162 10.4544
25 26         22.4303 5.53111
26 27         21.2808 11.9049
27 28         201.058 2.29585
28 29         3.31091 5.58341
29 30         9351.78 0.254689
30 31         1477.23 0.443399
31 32         410.503 1.16668
32 33               0 0
33 34               0 0
34 35               0 0


# Detector n: 2 A
1 2               0 0
2 3               0 0
3 4       0.0104954 0.00540522
4 5               0 0
5 6               0 0
6 7               0 0
7 8        0.704822 0.00519981
8 9               0 0
9 10               0 0
10 11       0.0313535 0.0135891
11 12         3583.34 0.00867036
12 13               0 0
13 14         4029.32 0.00355093
14 15         34.8536 0.00968151
15 16         1061.59 0.0030985
16 17     1.49961e-11 0.0577412
17 18       0.0539988 0.774597
18 19        0.499268 0.230842
19 20     1.54658e-06 0.99
20 21               0 0
21 22     2.61987e-05 0.99
22 23     2.06298e-06 0.99
23 24               0 0
24 25        0.006213 0.612372
25 26               0 0
26 27     7.48606e-12 0.99
27 28               0 0
28 29          0.4594 0.423896
29 30               0 0
30 31         1.00122 0.182574
31 32        0.237747 0.236902
32 33       0.0104382 0.104847
33 34      0.00363387 0.173505
34 35          1.0756 0.0909091
35 36       0.0234858 0.406728
36 37     8.62219e-09 0.0474982
37 38        0.374215 0.636001
38 39         5.86636 0.170954
39 40          5.2171 0.0860851
40 41        0.187464 0.20787
41 42       0.0238066 0.99
42 43               0 0
43 44       0.0116525 0.99
44 45       0.0351164 0.384607
45 46       0.0291755 0.611951
46 47     0.000144515 0.672783
47 48        0.200585 0.663638
48 49       0.0049903 0.434545
49 50         1.30868 0.138184
50 51               0 0
51 52         1.18196 0.187937
52 53         16.5564 0.0695617
53 54         21.2394 0.119248
54 55        0.035424 0.737022
55 56        0.914406 0.0944047
56 57         4.24448 0.0955389
57 58         2.36192 0.0677651
58 59         29.0301 0.00529757
59 60         13.3131 0.0381424
60 61         596.812 0.0120591
61 62         509.326 0.00584455
62 63         8262.13 0.00202244
63 64         1345.19 0.00473713
64 65         223.159 0.0177798
65 66         244.528 0.0157083
66 67         131.352 0.0224863
67 68         4.23213 0.0118791
68 69         68.3504 0.0255938
69 70         9.70292 0.0215892
70 71         4.83928 0.15259
71 72               0 0
72 73               0 0
73 74               0 0
74 75               0 0
75 76               0 0
76 77               0 0
77 78               0 0
78 79               0 0
79 80               0 0
80 81               0 0


# Detector n: 3 Z/A
# Block n: 3 A:1
1 1               0 0
2 1               0 0
3 1 0. 0.
4 1 0. 0.
5 1 0. 0.
6 1 0. 0.
7 1 0. 0.
8 1 0. 0.
9 1 0. 0.
10 1 0. 0.
11 1 0. 0.
12 1 0. 0.
13 1 0. 0.
14 1 0. 0.
15 1 0. 0.
16 1 0. 0.
17 1 0. 0.
18 1 0. 0.
19 1 0. 0.
20 1 0. 0.
21 1 0. 0.
22 1 0. 0.
23 1 0. 0.
24 1 0. 0.
25 1 0. 0.
26 1 0. 0.
27 1 0. 0.
28 1 0. 0.
29 1 0. 0.
30 1 0. 0.
31 1 0. 0.
32 1 0. 0.
33 1 0. 0.
34 1 0. 0.

# Block n: 3 A:2
1 2               0 0
2 2               0 0
3 2               0 0
4 2 0. 0.
5 2 0. 0.
6 2 0. 0.
7 2 0. 0.
8 2 0. 0.
9 2 0. 0.
10 2 0. 0.
11 2 0. 0.
12 2 0. 0.
13 2 0. 0.
14 2 0. 0.
15 2 0. 0.
16 2 0. 0.
17 2 0. 0.
18 2 0. 0.
19 2 0. 0.
20 2 0. 0.
21 2 0. 0.
22 2 0. 0.
23 2 0. 0.
24 2 0. 0.
25 2 0. 0.
26 2 0. 0.
27 2 0. 0.
28 2 0. 0.
29 2 0. 0.
30 2 0. 0.
31 2 0. 0.
32 2 0. 0.
33 2 0. 0.
34 2 0. 0.

# Block n: 3 A:3
1 3       0.0104954 0.540522
2 3               0 0
3 3               0 0
4 3 0. 0.
5 3 0. 0.
6 3 0. 0.
7 3 0. 0.
8 3 0. 0.
9 3 0. 0.
10 3 0. 0.
11 3 0. 0.
12 3 0. 0.
13 3 0. 0.
14 3 0. 0.
15 3 0. 0.
16 3 0. 0.
17 3 0. 0.
18 3 0. 0.
19 3 0. 0.
20 3 0. 0.
21 3 0. 0.
22 3 0. 0.
23 3 0. 0.
24 3 0. 0.
25 3 0. 0.
26 3 0. 0.
27 3 0. 0.
28 3 0. 0.
29 3 0. 0.
30 3 0. 0.
31 3 0. 0.
32 3 0. 0.
33 3 0. 0.
34 3 0. 0.

# Block n: 3 A:4
1 4               0 0
2 4               0 0
3 4               0 0
4 4               0 0
5 4 0. 0.
6 4 0. 0.
7 4 0. 0.
8 4 0. 0.
9 4 0. 0.
10 4 0. 0.
11 4 0. 0.
12 4 0. 0.
13 4 0. 0.
14 4 0. 0.
15 4 0. 0.
16 4 0. 0.
17 4 0. 0.
18 4 0. 0.
19 4 0. 0.
20 4 0. 0.
21 4 0. 0.
22 4 0. 0.
23 4 0. 0.
24 4 0. 0.
25 4 0. 0.
26 4 0. 0.
27 4 0. 0.
28 4 0. 0.
29 4 0. 0.
30 4 0. 0.
31 4 0. 0.
32 4 0. 0.
33 4 0. 0.
34 4 0. 0.

# Block n: 3 A:5
1 5               0 0
2 5               0 0
3 5               0 0
4 5               0 0
5 5 0. 0.
6 5 0. 0.
7 5 0. 0.
8 5 0. 0.
9 5 0. 0.
10 5 0. 0.
11 5 0. 0.
12 5 0. 0.
13 5 0. 0.
14 5 0. 0.
15 5 0. 0.
16 5 0. 0.
17 5 0. 0.
18 5 0. 0.
19 5 0. 0.
20 5 0. 0.
21 5 0. 0.
22 5 0. 0.
23 5 0. 0.
24 5 0. 0.
25 5 0. 0.
26 5 0. 0.
27 5 0. 0.
28 5 0. 0.
29 5 0. 0.
30 5 0. 0.
31 5 0. 0.
32 5 0. 0.
33 5 0. 0.
34 5 0. 0.

# Block n: 3 A:6
1 6               0 0
2 6               0 0
3 6               0 0
4 6               0 0
5 6               0 0
6 6 0. 0.
7 6 0. 0.
8 6 0. 0.
9 6 0. 0.
10 6 0. 0.
11 6 0. 0.
12 6 0. 0.
13 6 0. 0.
14 6 0. 0.
15 6 0. 0.
16 6 0. 0.
17 6 0. 0.
18 6 0. 0.
19 6 0. 0.
20 6 0. 0.
21 6 0. 0.
22 6 0. 0.
23 6 0. 0.
24 6 0. 0.
25 6 0. 0.
26 6 0. 0.
27 6 0. 0.
28 6 0. 0.
29 6 0. 0.
30 6 0. 0.
31 6 0. 0.
32 6 0. 0.
33 6 0. 0.
34 6 0. 0.

# Block n: 3 A:7
1 7               0 0
2 7               0 0
3 7               0 0
4 7        0.704822 0.519981
5 7               0 0
6 7 0. 0.
7 7 0. 0.
8 7 0. 0.
9 7 0. 0.
10 7 0. 0.
11 7 0. 0.
12 7 0. 0.
13 7 0. 0.
14 7 0. 0.
15 7 0. 0.
16 7 0. 0.
17 7 0. 0.
18 7 0. 0.
19 7 0. 0.
20 7 0. 0.
21 7 0. 0.
22 7 0. 0.
23 7 0. 0.
24 7 0. 0.
25 7 0. 0.
26 7 0. 0.
27 7 0. 0.
28 7 0. 0.
29 7 0. 0.
30 7 0. 0.
31 7 0. 0.
32 7 0. 0.
33 7 0. 0.
34 7 0. 0.

# Block n: 3 A:8
1 8               0 0
2 8               0 0
3 8               0 0
4 8               0 0
5 8               0 0
6 8               0 0
7 8 0. 0.
8 8 0. 0.
9 8 0. 0.
10 8 0. 0.
11 8 0. 0.
12 8 0. 0.
13 8 0. 0.
14 8 0. 0.
15 8 0. 0.
16 8 0. 0.
17 8 0. 0.
18 8 0. 0.
19 8 0. 0.
20 8 0. 0.
21 8 0. 0.
22 8 0. 0.
23 8 0. 0.
24 8 0. 0.
25 8 0. 0.
26 8 0. 0.
27 8 0. 0.
28 8 0. 0.
29 8 0. 0.
30 8 0. 0.
31 8 0. 0.
32 8 0. 0.
33 8 0. 0.
34 8 0. 0.

# Block n: 3 A:9
1 9               0 0
2 9               0 0
3 9               0 0
4 9               0 0
5 9               0 0
6 9               0 0
7 9 0. 0.
8 9 0. 0.
9 9 0. 0.
10 9 0. 0.
11 9 0. 0.
12 9 0. 0.
13 9 0. 0.
14 9 0. 0.
15 9 0. 0.
16 9 0. 0.
17 9 0. 0.
18 9 0. 0.
19 9 0. 0.
20 9 0. 0.
21 9 0. 0.
22 9 0. 0.
23 9 0. 0.
24 9 0. 0.
25 9 0. 0.
26 9 0. 0.
27 9 0. 0.
28 9 0. 0.
29 9 0. 0.
30 9 0. 0.
31 9 0. 0.
32 9 0. 0.
33 9 0. 0.
34 9 0. 0.

# Block n: 3 A:10
1 10               0 0
2 10               0 0
3 10               0 0
4 10     4.88763e-09 3.35059
5 10               0 0
6 10       0.0313535 1.35891
7 10               0 0
8 10 0. 0.
9 10 0. 0.
10 10 0. 0.
11 10 0. 0.
12 10 0. 0.
13 10 0. 0.
14 10 0. 0.
15 10 0. 0.
16 10 0. 0.
17 10 0. 0.
18 10 0. 0.
19 10 0. 0.
20 10 0. 0.
21 10 0. 0.
22 10 0. 0.
23 10 0. 0.
24 10 0. 0.
25 10 0. 0.
26 10 0. 0.
27 10 0. 0.
28 10 0. 0.
29 10 0. 0.
30 10 0. 0.
31 10 0. 0.
32 10 0. 0.
33 10 0. 0.
34 10 0. 0.

# Block n: 3 A:11
1 11               0 0
2 11               0 0
3 11               0 0
4 11     1.03938e-06 13.3631
5 11               0 0
6 11         3583.34 0.867036
7 11               0 0
8 11 0. 0.
9 11 0. 0.
10 11 0. 0.
11 11 0. 0.
12 11 0. 0.
13 11 0. 0.
14 11 0. 0.
15 11 0. 0.
16 11 0. 0.
17 11 0. 0.
18 11 0. 0.
19 11 0. 0.
20 11 0. 0.
21 11 0. 0.
22 11 0. 0.
23 11 0. 0.
24 11 0. 0.
25 11 0. 0.
26 11 0. 0.
27 11 0. 0.
28 11 0. 0.
29 11 0. 0.
30 11 0. 0.
31 11 0. 0.
32 11 0. 0.
33 11 0. 0.
34 11 0. 0.

# Block n: 3 A:12
1 12               0 0
2 12               0 0
3 12               0 0
4 12               0 0
5 12               0 0
6 12               0 0
7 12               0 0
8 12               0 0
9 12 0. 0.
10 12 0. 0.
11 12 0. 0.
12 12 0. 0.
13 12 0. 0.
14 12 0. 0.
15 12 0. 0.
16 12 0. 0.
17 12 0. 0.
18 12 0. 0.
19 12 0. 0.
20 12 0. 0.
21 12 0. 0.
22 12 0. 0.
23 12 0. 0.
24 12 0. 0.
25 12 0. 0.
26 12 0. 0.
27 12 0. 0.
28 12 0. 0.
29 12 0. 0.
30 12 0. 0.
31 12 0. 0.
32 12 0. 0.
33 12 0. 0.
34 12 0. 0.

# Block n: 3 A:13
1 13               0 0
2 13               0 0
3 13               0 0
4 13               0 0
5 13               0 0
6 13               0 0
7 13         4029.32 0.355093
8 13               0 0
9 13 0. 0.
10 13 0. 0.
11 13 0. 0.
12 13 0. 0.
13 13 0. 0.
14 13 0. 0.
15 13 0. 0.
16 13 0. 0.
17 13 0. 0.
18 13 0. 0.
19 13 0. 0.
20 13 0. 0.
21 13 0. 0.
22 13 0. 0.
23 13 0. 0.
24 13 0. 0.
25 13 0. 0.
26 13 0. 0.
27 13 0. 0.
28 13 0. 0.
29 13 0. 0.
30 13 0. 0.
31 13 0. 0.
32 13 0. 0.
33 13 0. 0.
34 13 0. 0.

# Block n: 3 A:14
1 14               0 0
2 14               0 0
3 14               0 0
4 14               0 0
5 14               0 0
6 14     1.68201e-05 1.30063
7 14               0 0
8 14         34.8536 0.968151
9 14               0 0
10 14 0. 0.
11 14 0. 0.
12 14 0. 0.
13 14 0. 0.
14 14 0. 0.
15 14 0. 0.
16 14 0. 0.
17 14 0. 0.
18 14 0. 0.
19 14 0. 0.
20 14 0. 0.
21 14 0. 0.
22 14 0. 0.
23 14 0. 0.
24 14 0. 0.
25 14 0. 0.
26 14 0. 0.
27 14 0. 0.
28 14 0. 0.
29 14 0. 0.
30 14 0. 0.
31 14 0. 0.
32 14 0. 0.
33 14 0. 0.
34 14 0. 0.

# Block n: 3 A:15
1 15 0. 0.
2 15               0 0
3 15               0 0
4 15               0 0
5 15               0 0
6 15     3.61353e-37 44.7214
7 15               0 0
8 15         1061.59 0.30985
9 15               0 0
10 15 0. 0.
11 15 0. 0.
12 15 0. 0.
13 15 0. 0.
14 15 0. 0.
15 15 0. 0.
16 15 0. 0.
17 15 0. 0.
18 15 0. 0.
19 15 0. 0.
20 15 0. 0.
21 15 0. 0.
22 15 0. 0.
23 15 0. 0.
24 15 0. 0.
25 15 0. 0.
26 15 0. 0.
27 15 0. 0.
28 15 0. 0.
29 15 0. 0.
30 15 0. 0.
31 15 0. 0.
32 15 0. 0.
33 15 0. 0.
34 15 0. 0.

# Block n: 3 A:16
1 16 0. 0.
2 16               0 0
3 16               0 0
4 16               0 0
5 16               0 0
6 16               0 0
7 16     1.49961e-11 5.77412
8 16               0 0
9 16               0 0
10 16               0 0
11 16 0. 0.
12 16 0. 0.
13 16 0. 0.
14 16 0. 0.
15 16 0. 0.
16 16 0. 0.
17 16 0. 0.
18 16 0. 0.
19 16 0. 0.
20 16 0. 0.
21 16 0. 0.
22 16 0. 0.
23 16 0. 0.
24 16 0. 0.
25 16 0. 0.
26 16 0. 0.
27 16 0. 0.
28 16 0. 0.
29 16 0. 0.
30 16 0. 0.
31 16 0. 0.
32 16 0. 0.
33 16 0. 0.
34 16 0. 0.

# Block n: 3 A:17
1 17 0. 0.
2 17 0. 0.
3 17               0 0
4 17               0 0
5 17               0 0
6 17               0 0
7 17     4.96162e-22 31.8689
8 17               0 0
9 17       0.0539988 77.4597
10 17               0 0
11 17 0. 0.
12 17 0. 0.
13 17 0. 0.
14 17 0. 0.
15 17 0. 0.
16 17 0. 0.
17 17 0. 0.
18 17 0. 0.
19 17 0. 0.
20 17 0. 0.
21 17 0. 0.
22 17 0. 0.
23 17 0. 0.
24 17 0. 0.
25 17 0. 0.
26 17 0. 0.
27 17 0. 0.
28 17 0. 0.
29 17 0. 0.
30 17 0. 0.
31 17 0. 0.
32 17 0. 0.
33 17 0. 0.
34 17 0. 0.

# Block n: 3 A:18
1 18 0. 0.
2 18 0. 0.
3 18               0 0
4 18               0 0
5 18               0 0
6 18               0 0
7 18               0 0
8 18               0 0
9 18        0.499268 23.0842
10 18               0 0
11 18               0 0
12 18 0. 0.
13 18 0. 0.
14 18 0. 0.
15 18 0. 0.
16 18 0. 0.
17 18 0. 0.
18 18 0. 0.
19 18 0. 0.
20 18 0. 0.
21 18 0. 0.
22 18 0. 0.
23 18 0. 0.
24 18 0. 0.
25 18 0. 0.
26 18 0. 0.
27 18 0. 0.
28 18 0. 0.
29 18 0. 0.
30 18 0. 0.
31 18 0. 0.
32 18 0. 0.
33 18 0. 0.
34 18 0. 0.

# Block n: 3 A:19
1 19 0. 0.
2 19 0. 0.
3 19 0. 0.
4 19               0 0
5 19               0 0
6 19               0 0
7 19               0 0
8 19               0 0
9 19               0 0
10 19     1.54658e-06 99
11 19               0 0
12 19 0. 0.
13 19 0. 0.
14 19 0. 0.
15 19 0. 0.
16 19 0. 0.
17 19 0. 0.
18 19 0. 0.
19 19 0. 0.
20 19 0. 0.
21 19 0. 0.
22 19 0. 0.
23 19 0. 0.
24 19 0. 0.
25 19 0. 0.
26 19 0. 0.
27 19 0. 0.
28 19 0. 0.
29 19 0. 0.
30 19 0. 0.
31 19 0. 0.
32 19 0. 0.
33 19 0. 0.
34 19 0. 0.

# Block n: 3 A:20
1 20 0. 0.
2 20 0. 0.
3 20 0. 0.
4 20               0 0
5 20               0 0
6 20               0 0
7 20               0 0
8 20               0 0
9 20               0 0
10 20               0 0
11 20               0 0
12 20               0 0
13 20 0. 0.
14 20 0. 0.
15 20 0. 0.
16 20 0. 0.
17 20 0. 0.
18 20 0. 0.
19 20 0. 0.
20 20 0. 0.
21 20 0. 0.
22 20 0. 0.
23 20 0. 0.
24 20 0. 0.
25 20 0. 0.
26 20 0. 0.
27 20 0. 0.
28 20 0. 0.
29 20 0. 0.
30 20 0. 0.
31 20 0. 0.
32 20 0. 0.
33 20 0. 0.
34 20 0. 0.

# Block n: 3 A:21
1 21 0. 0.
2 21 0. 0.
3 21 0. 0.
4 21 0. 0.
5 21               0 0
6 21               0 0
7 21               0 0
8 21               0 0
9 21               0 0
10 21               0 0
11 21     2.61987e-05 99
12 21               0 0
13 21 0. 0.
14 21 0. 0.
15 21 0. 0.
16 21 0. 0.
17 21 0. 0.
18 21 0. 0.
19 21 0. 0.
20 21 0. 0.
21 21 0. 0.
22 21 0. 0.
23 21 0. 0.
24 21 0. 0.
25 21 0. 0.
26 21 0. 0.
27 21 0. 0.
28 21 0. 0.
29 21 0. 0.
30 21 0. 0.
31 21 0. 0.
32 21 0. 0.
33 21 0. 0.
34 21 0. 0.

# Block n: 3 A:22
1 22 0. 0.
2 22 0. 0.
3 22 0. 0.
4 22 0. 0.
5 22               0 0
6 22               0 0
7 22               0 0
8 22               0 0
9 22               0 0
10 22               0 0
11 22     2.06298e-06 99
12 22               0 0
13 22               0 0
14 22 0. 0.
15 22 0. 0.
16 22 0. 0.
17 22 0. 0.
18 22 0. 0.
19 22 0. 0.
20 22 0. 0.
21 22 0. 0.
22 22 0. 0.
23 22 0. 0.
24 22 0. 0.
25 22 0. 0.
26 22 0. 0.
27 22 0. 0.
28 22 0. 0.
29 22 0. 0.
30 22 0. 0.
31 22 0. 0.
32 22 0. 0.
33 22 0. 0.
34 22 0. 0.

# Block n: 3 A:23
1 23 0. 0.
2 23 0. 0.
3 23 0. 0.
4 23 0. 0.
5 23 0. 0.
6 23               0 0
7 23               0 0
8 23               0 0
9 23               0 0
10 23               0 0
11 23               0 0
12 23               0 0
13 23               0 0
14 23 0. 0.
15 23 0. 0.
16 23 0. 0.
17 23 0. 0.
18 23 0. 0.
19 23 0. 0.
20 23 0. 0.
21 23 0. 0.
22 23 0. 0.
23 23 0. 0.
24 23 0. 0.
25 23 0. 0.
26 23 0. 0.
27 23 0. 0.
28 23 0. 0.
29 23 0. 0.
30 23 0. 0.
31 23 0. 0.
32 23 0. 0.
33 23 0. 0.
34 23 0. 0.

# Block n: 3 A:24
1 24 0. 0.
2 24 0. 0.
3 24 0. 0.
4 24 0. 0.
5 24 0. 0.
6 24               0 0
7 24               0 0
8 24               0 0
9 24               0 0
10 24               0 0
11 24        0.006213 61.2372
12 24               0 0
13 24               0 0
14 24               0 0
15 24 0. 0.
16 24 0. 0.
17 24 0. 0.
18 24 0. 0.
19 24 0. 0.
20 24 0. 0.
21 24 0. 0.
22 24 0. 0.
23 24 0. 0.
24 24 0. 0.
25 24 0. 0.
26 24 0. 0.
27 24 0. 0.
28 24 0. 0.
29 24 0. 0.
30 24 0. 0.
31 24 0. 0.
32 24 0. 0.
33 24 0. 0.
34 24 0. 0.

# Block n: 3 A:25
1 25 0. 0.
2 25 0. 0.
3 25 0. 0.
4 25 0. 0.
5 25 0. 0.
6 25 0. 0.
7 25               0 0
8 25               0 0
9 25               0 0
10 25               0 0
11 25               0 0
12 25               0 0
13 25               0 0
14 25               0 0
15 25 0. 0.
16 25 0. 0.
17 25 0. 0.
18 25 0. 0.
19 25 0. 0.
20 25 0. 0.
21 25 0. 0.
22 25 0. 0.
23 25 0. 0.
24 25 0. 0.
25 25 0. 0.
26 25 0. 0.
27 25 0. 0.
28 25 0. 0.
29 25 0. 0.
30 25 0. 0.
31 25 0. 0.
32 25 0. 0.
33 25 0. 0.
34 25 0. 0.

# Block n: 3 A:26
1 26 0. 0.
2 26 0. 0.
3 26 0. 0.
4 26 0. 0.
5 26 0. 0.
6 26 0. 0.
7 26               0 0
8 26               0 0
9 26               0 0
10 26               0 0
11 26               0 0
12 26               0 0
13 26     7.48606e-12 99
14 26               0 0
15 26               0 0
16 26 0. 0.
17 26 0. 0.
18 26 0. 0.
19 26 0. 0.
20 26 0. 0.
21 26 0. 0.
22 26 0. 0.
23 26 0. 0.
24 26 0. 0.
25 26 0. 0.
26 26 0. 0.
27 26 0. 0.
28 26 0. 0.
29 26 0. 0.
30 26 0. 0.
31 26 0. 0.
32 26 0. 0.
33 26 0. 0.
34 26 0. 0.

# Block n: 3 A:27
1 27 0. 0.
2 27 0. 0.
3 27 0. 0.
4 27 0. 0.
5 27 0. 0.
6 27 0. 0.
7 27 0. 0.
8 27               0 0
9 27               0 0
10 27               0 0
11 27               0 0
12 27               0 0
13 27               0 0
14 27               0 0
15 27               0 0
16 27 0. 0.
17 27 0. 0.
18 27 0. 0.
19 27 0. 0.
20 27 0. 0.
21 27 0. 0.
22 27 0. 0.
23 27 0. 0.
24 27 0. 0.
25 27 0. 0.
26 27 0. 0.
27 27 0. 0.
28 27 0. 0.
29 27 0. 0.
30 27 0. 0.
31 27 0. 0.
32 27 0. 0.
33 27 0. 0.
34 27 0. 0.

# Block n: 3 A:28
1 28 0. 0.
2 28 0. 0.
3 28 0. 0.
4 28 0. 0.
5 28 0. 0.
6 28 0. 0.
7 28 0. 0.
8 28               0 0
9 28               0 0
10 28               0 0
11 28               0 0
12 28               0 0
13 28          0.4594 42.3896
14 28               0 0
15 28               0 0
16 28               0 0
17 28 0. 0.
18 28 0. 0.
19 28 0. 0.
20 28 0. 0.
21 28 0. 0.
22 28 0. 0.
23 28 0. 0.
24 28 0. 0.
25 28 0. 0.
26 28 0. 0.
27 28 0. 0.
28 28 0. 0.
29 28 0. 0.
30 28 0. 0.
31 28 0. 0.
32 28 0. 0.
33 28 0. 0.
34 28 0. 0.

# Block n: 3 A:29
1 29 0. 0.
2 29 0. 0.
3 29 0. 0.
4 29 0. 0.
5 29 0. 0.
6 29 0. 0.
7 29 0. 0.
8 29 0. 0.
9 29               0 0
10 29               0 0
11 29               0 0
12 29               0 0
13 29               0 0
14 29               0 0
15 29               0 0
16 29               0 0
17 29 0. 0.
18 29 0. 0.
19 29 0. 0.
20 29 0. 0.
21 29 0. 0.
22 29 0. 0.
23 29 0. 0.
24 29 0. 0.
25 29 0. 0.
26 29 0. 0.
27 29 0. 0.
28 29 0. 0.
29 29 0. 0.
30 29 0. 0.
31 29 0. 0.
32 29 0. 0.
33 29 0. 0.
34 29 0. 0.

# Block n: 3 A:30
1 30 0. 0.
2 30 0. 0.
3 30 0. 0.
4 30 0. 0.
5 30 0. 0.
6 30 0. 0.
7 30 0. 0.
8 30 0. 0.
9 30               0 0
10 30               0 0
11 30               0 0
12 30               0 0
13 30               0 0
14 30               0 0
15 30         1.00122 18.2574
16 30               0 0
17 30               0 0
18 30 0. 0.
19 30 0. 0.
20 30 0. 0.
21 30 0. 0.
22 30 0. 0.
23 30 0. 0.
24 30 0. 0.
25 30 0. 0.
26 30 0. 0.
27 30 0. 0.
28 30 0. 0.
29 30 0. 0.
30 30 0. 0.
31 30 0. 0.
32 30 0. 0.
33 30 0. 0.
34 30 0. 0.

# Block n: 3 A:31
1 31 0. 0.
2 31 0. 0.
3 31 0. 0.
4 31 0. 0.
5 31 0. 0.
6 31 0. 0.
7 31 0. 0.
8 31 0. 0.
9 31 0. 0.
10 31               0 0
11 31               0 0
12 31               0 0
13 31               0 0
14 31        0.237747 23.6902
15 31               0 0
16 31               0 0
17 31               0 0
18 31 0. 0.
19 31 0. 0.
20 31 0. 0.
21 31 0. 0.
22 31 0. 0.
23 31 0. 0.
24 31 0. 0.
25 31 0. 0.
26 31 0. 0.
27 31 0. 0.
28 31 0. 0.
29 31 0. 0.
30 31 0. 0.
31 31 0. 0.
32 31 0. 0.
33 31 0. 0.
34 31 0. 0.

# Block n: 3 A:32
1 32 0. 0.
2 32 0. 0.
3 32 0. 0.
4 32 0. 0.
5 32 0. 0.
6 32 0. 0.
7 32 0. 0.
8 32 0. 0.
9 32 0. 0.
10 32               0 0
11 32               0 0
12 32               0 0
13 32               0 0
14 32     1.75408e-07 31.6228
15 32        0.010438 10.4851
16 32               0 0
17 32               0 0
18 32               0 0
19 32 0. 0.
20 32 0. 0.
21 32 0. 0.
22 32 0. 0.
23 32 0. 0.
24 32 0. 0.
25 32 0. 0.
26 32 0. 0.
27 32 0. 0.
28 32 0. 0.
29 32 0. 0.
30 32 0. 0.
31 32 0. 0.
32 32 0. 0.
33 32 0. 0.
34 32 0. 0.

# Block n: 3 A:33
1 33 0. 0.
2 33 0. 0.
3 33 0. 0.
4 33 0. 0.
5 33 0. 0.
6 33 0. 0.
7 33 0. 0.
8 33 0. 0.
9 33 0. 0.
10 33 0. 0.
11 33               0 0
12 33               0 0
13 33               0 0
14 33               0 0
15 33      0.00363387 17.3505
16 33               0 0
17 33               0 0
18 33               0 0
19 33 0. 0.
20 33 0. 0.
21 33 0. 0.
22 33 0. 0.
23 33 0. 0.
24 33 0. 0.
25 33 0. 0.
26 33 0. 0.
27 33 0. 0.
28 33 0. 0.
29 33 0. 0.
30 33 0. 0.
31 33 0. 0.
32 33 0. 0.
33 33 0. 0.
34 33 0. 0.

# Block n: 3 A:34
1 34 0. 0.
2 34 0. 0.
3 34 0. 0.
4 34 0. 0.
5 34 0. 0.
6 34 0. 0.
7 34 0. 0.
8 34 0. 0.
9 34 0. 0.
10 34 0. 0.
11 34               0 0
12 34               0 0
13 34               0 0
14 34               0 0
15 34     1.47364e-07 52.4404
16 34               0 0
17 34        0.331938 9.09091
18 34               0 0
19 34               0 0
20 34 0. 0.
21 34 0. 0.
22 34 0. 0.
23 34 0. 0.
24 34 0. 0.
25 34 0. 0.
26 34 0. 0.
27 34 0. 0.
28 34 0. 0.
29 34 0. 0.
30 34 0. 0.
31 34 0. 0.
32 34 0. 0.
33 34 0. 0.
34 34 0. 0.

# Block n: 3 A:35
1 35 0. 0.
2 35 0. 0.
3 35 0. 0.
4 35 0. 0.
5 35 0. 0.
6 35 0. 0.
7 35 0. 0.
8 35 0. 0.
9 35 0. 0.
10 35 0. 0.
11 35 0. 0.
12 35               0 0
13 35               0 0
14 35               0 0
15 35       0.0200756 48.5913
16 35      0.00341026 9.51255
17 35               0 0
18 35               0 0
19 35               0 0
20 35 0. 0.
21 35 0. 0.
22 35 0. 0.
23 35 0. 0.
24 35 0. 0.
25 35 0. 0.
26 35 0. 0.
27 35 0. 0.
28 35 0. 0.
29 35 0. 0.
30 35 0. 0.
31 35 0. 0.
32 35 0. 0.
33 35 0. 0.
34 35 0. 0.

# Block n: 3 A:36
1 36 0. 0.
2 36 0. 0.
3 36 0. 0.
4 36 0. 0.
5 36 0. 0.
6 36 0. 0.
7 36 0. 0.
8 36 0. 0.
9 36 0. 0.
10 36 0. 0.
11 36 0. 0.
12 36               0 0
13 36               0 0
14 36               0 0
15 36               0 0
16 36               0 0
17 36     8.62219e-09 4.74982
18 36               0 0
19 36               0 0
20 36               0 0
21 36 0. 0.
22 36 0. 0.
23 36 0. 0.
24 36 0. 0.
25 36 0. 0.
26 36 0. 0.
27 36 0. 0.
28 36 0. 0.
29 36 0. 0.
30 36 0. 0.
31 36 0. 0.
32 36 0. 0.
33 36 0. 0.
34 36 0. 0.

# Block n: 3 A:37
1 37 0. 0.
2 37 0. 0.
3 37 0. 0.
4 37 0. 0.
5 37 0. 0.
6 37 0. 0.
7 37 0. 0.
8 37 0. 0.
9 37 0. 0.
10 37 0. 0.
11 37 0. 0.
12 37 0. 0.
13 37               0 0
14 37               0 0
15 37               0 0
16 37        0.357755 66.6667
17 37               0 0
18 37       0.0164597 5.97421
19 37               0 0
20 37               0 0
21 37 0. 0.
22 37 0. 0.
23 37 0. 0.
24 37 0. 0.
25 37 0. 0.
26 37 0. 0.
27 37 0. 0.
28 37 0. 0.
29 37 0. 0.
30 37 0. 0.
31 37 0. 0.
32 37 0. 0.
33 37 0. 0.
34 37 0. 0.

# Block n: 3 A:38
1 38 0. 0.
2 38 0. 0.
3 38 0. 0.
4 38 0. 0.
5 38 0. 0.
6 38 0. 0.
7 38 0. 0.
8 38 0. 0.
9 38 0. 0.
10 38 0. 0.
11 38 0. 0.
12 38 0. 0.
13 38               0 0
14 38               0 0
15 38               0 0
16 38       0.0472709 40.8248
17 38         5.43429 16.5386
18 38               0 0
19 38        0.384799 40.8248
20 38               0 0
21 38               0 0
22 38 0. 0.
23 38 0. 0.
24 38 0. 0.
25 38 0. 0.
26 38 0. 0.
27 38 0. 0.
28 38 0. 0.
29 38 0. 0.
30 38 0. 0.
31 38 0. 0.
32 38 0. 0.
33 38 0. 0.
34 38 0. 0.

# Block n: 3 A:39
1 39 0. 0.
2 39 0. 0.
3 39 0. 0.
4 39 0. 0.
5 39 0. 0.
6 39 0. 0.
7 39 0. 0.
8 39 0. 0.
9 39 0. 0.
10 39 0. 0.
11 39 0. 0.
12 39 0. 0.
13 39 0. 0.
14 39               0 0
15 39               0 0
16 39               0 0
17 39         5.21709 8.60854
18 39     1.58459e-05 3.22876
19 39               0 0
20 39               0 0
21 39               0 0
22 39 0. 0.
23 39 0. 0.
24 39 0. 0.
25 39 0. 0.
26 39 0. 0.
27 39 0. 0.
28 39 0. 0.
29 39 0. 0.
30 39 0. 0.
31 39 0. 0.
32 39 0. 0.
33 39 0. 0.
34 39 0. 0.

# Block n: 3 A:40
1 40 0. 0.
2 40 0. 0.
3 40 0. 0.
4 40 0. 0.
5 40 0. 0.
6 40 0. 0.
7 40 0. 0.
8 40 0. 0.
9 40 0. 0.
10 40 0. 0.
11 40 0. 0.
12 40 0. 0.
13 40 0. 0.
14 40               0 0
15 40               0 0
16 40               0 0
17 40        0.187464 20.787
18 40               0 0
19 40     9.13862e-13 4.19255
20 40               0 0
21 40               0 0
22 40               0 0
23 40 0. 0.
24 40 0. 0.
25 40 0. 0.
26 40 0. 0.
27 40 0. 0.
28 40 0. 0.
29 40 0. 0.
30 40 0. 0.
31 40 0. 0.
32 40 0. 0.
33 40 0. 0.
34 40 0. 0.

# Block n: 3 A:41
1 41 0. 0.
2 41 0. 0.
3 41 0. 0.
4 41 0. 0.
5 41 0. 0.
6 41 0. 0.
7 41 0. 0.
8 41 0. 0.
9 41 0. 0.
10 41 0. 0.
11 41 0. 0.
12 41 0. 0.
13 41 0. 0.
14 41 0. 0.
15 41               0 0
16 41               0 0
17 41               0 0
18 41       0.0238066 99
19 41               0 0
20 41               0 0
21 41               0 0
22 41               0 0
23 41 0. 0.
24 41 0. 0.
25 41 0. 0.
26 41 0. 0.
27 41 0. 0.
28 41 0. 0.
29 41 0. 0.
30 41 0. 0.
31 41 0. 0.
32 41 0. 0.
33 41 0. 0.
34 41 0. 0.

# Block n: 3 A:42
1 42 0. 0.
2 42 0. 0.
3 42 0. 0.
4 42 0. 0.
5 42 0. 0.
6 42 0. 0.
7 42 0. 0.
8 42 0. 0.
9 42 0. 0.
10 42 0. 0.
11 42 0. 0.
12 42 0. 0.
13 42 0. 0.
14 42 0. 0.
15 42               0 0
16 42               0 0
17 42               0 0
18 42               0 0
19 42               0 0
20 42               0 0
21 42               0 0
22 42               0 0
23 42               0 0
24 42 0. 0.
25 42 0. 0.
26 42 0. 0.
27 42 0. 0.
28 42 0. 0.
29 42 0. 0.
30 42 0. 0.
31 42 0. 0.
32 42 0. 0.
33 42 0. 0.
34 42 0. 0.

# Block n: 3 A:43
1 43 0. 0.
2 43 0. 0.
3 43 0. 0.
4 43 0. 0.
5 43 0. 0.
6 43 0. 0.
7 43 0. 0.
8 43 0. 0.
9 43 0. 0.
10 43 0. 0.
11 43 0. 0.
12 43 0. 0.
13 43 0. 0.
14 43 0. 0.
15 43 0. 0.
16 43               0 0
17 43               0 0
18 43               0 0
19 43               0 0
20 43               0 0
21 43       0.0116525 99
22 43               0 0
23 43               0 0
24 43 0. 0.
25 43 0. 0.
26 43 0. 0.
27 43 0. 0.
28 43 0. 0.
29 43 0. 0.
30 43 0. 0.
31 43 0. 0.
32 43 0. 0.
33 43 0. 0.
34 43 0. 0.

# Block n: 3 A:44
1 44 0. 0.
2 44 0. 0.
3 44 0. 0.
4 44 0. 0.
5 44 0. 0.
6 44 0. 0.
7 44 0. 0.
8 44 0. 0.
9 44 0. 0.
10 44 0. 0.
11 44 0. 0.
12 44 0. 0.
13 44 0. 0.
14 44 0. 0.
15 44 0. 0.
16 44               0 0
17 44               0 0
18 44               0 0
19 44               0 0
20 44               0 0
21 44       0.0343154 40.7409
22 44     9.08207e-08 99
23 44               0 0
24 44               0 0
25 44 0. 0.
26 44 0. 0.
27 44 0. 0.
28 44 0. 0.
29 44 0. 0.
30 44 0. 0.
31 44 0. 0.
32 44 0. 0.
33 44 0. 0.
34 44 0. 0.

# Block n: 3 A:45
1 45 0. 0.
2 45 0. 0.
3 45 0. 0.
4 45 0. 0.
5 45 0. 0.
6 45 0. 0.
7 45 0. 0.
8 45 0. 0.
9 45 0. 0.
10 45 0. 0.
11 45 0. 0.
12 45 0. 0.
13 45 0. 0.
14 45 0. 0.
15 45 0. 0.
16 45 0. 0.
17 45               0 0
18 45               0 0
19 45               0 0
20 45     1.20556e-05 99
21 45               0 0
22 45       0.0291567 61.2372
23 45               0 0
24 45               0 0
25 45 0. 0.
26 45 0. 0.
27 45 0. 0.
28 45 0. 0.
29 45 0. 0.
30 45 0. 0.
31 45 0. 0.
32 45 0. 0.
33 45 0. 0.
34 45 0. 0.

# Block n: 3 A:46
1 46 0. 0.
2 46 0. 0.
3 46 0. 0.
4 46 0. 0.
5 46 0. 0.
6 46 0. 0.
7 46 0. 0.
8 46 0. 0.
9 46 0. 0.
10 46 0. 0.
11 46 0. 0.
12 46 0. 0.
13 46 0. 0.
14 46 0. 0.
15 46 0. 0.
16 46 0. 0.
17 46               0 0
18 46               0 0
19 46               0 0
20 46               0 0
21 46     0.000140372 66.6667
22 46               0 0
23 46               0 0
24 46               0 0
25 46               0 0
26 46 0. 0.
27 46 0. 0.
28 46 0. 0.
29 46 0. 0.
30 46 0. 0.
31 46 0. 0.
32 46 0. 0.
33 46 0. 0.
34 46 0. 0.

# Block n: 3 A:47
1 47 0. 0.
2 47 0. 0.
3 47 0. 0.
4 47 0. 0.
5 47 0. 0.
6 47 0. 0.
7 47 0. 0.
8 47 0. 0.
9 47 0. 0.
10 47 0. 0.
11 47 0. 0.
12 47 0. 0.
13 47 0. 0.
14 47 0. 0.
15 47 0. 0.
16 47 0. 0.
17 47 0. 0.
18 47               0 0
19 47               0 0
20 47               0 0
21 47     0.000584294 99
22 47               0 0
23 47        0.200001 66.6667
24 47               0 0
25 47               0 0
26 47 0. 0.
27 47 0. 0.
28 47 0. 0.
29 47 0. 0.
30 47 0. 0.
31 47 0. 0.
32 47 0. 0.
33 47 0. 0.
34 47 0. 0.

# Block n: 3 A:48
1 48 0. 0.
2 48 0. 0.
3 48 0. 0.
4 48 0. 0.
5 48 0. 0.
6 48 0. 0.
7 48 0. 0.
8 48 0. 0.
9 48 0. 0.
10 48 0. 0.
11 48 0. 0.
12 48 0. 0.
13 48 0. 0.
14 48 0. 0.
15 48 0. 0.
16 48 0. 0.
17 48 0. 0.
18 48               0 0
19 48               0 0
20 48               0 0
21 48               0 0
22 48               0 0
23 48      0.00282256 22.3711
24 48      0.00216774 99
25 48               0 0
26 48               0 0
27 48 0. 0.
28 48 0. 0.
29 48 0. 0.
30 48 0. 0.
31 48 0. 0.
32 48 0. 0.
33 48 0. 0.
34 48 0. 0.

# Block n: 3 A:49
1 49 0. 0.
2 49 0. 0.
3 49 0. 0.
4 49 0. 0.
5 49 0. 0.
6 49 0. 0.
7 49 0. 0.
8 49 0. 0.
9 49 0. 0.
10 49 0. 0.
11 49 0. 0.
12 49 0. 0.
13 49 0. 0.
14 49 0. 0.
15 49 0. 0.
16 49 0. 0.
17 49 0. 0.
18 49 0. 0.
19 49               0 0
20 49               0 0
21 49               0 0
22 49               0 0
23 49     0.000340967 21.5899
24 49         1.30834 13.8193
25 49               0 0
26 49               0 0
27 49 0. 0.
28 49 0. 0.
29 49 0. 0.
30 49 0. 0.
31 49 0. 0.
32 49 0. 0.
33 49 0. 0.
34 49 0. 0.

# Block n: 3 A:50
1 50 0. 0.
2 50 0. 0.
3 50 0. 0.
4 50 0. 0.
5 50 0. 0.
6 50 0. 0.
7 50 0. 0.
8 50 0. 0.
9 50 0. 0.
10 50 0. 0.
11 50 0. 0.
12 50 0. 0.
13 50 0. 0.
14 50 0. 0.
15 50 0. 0.
16 50 0. 0.
17 50 0. 0.
18 50 0. 0.
19 50               0 0
20 50               0 0
21 50               0 0
22 50               0 0
23 50               0 0
24 50               0 0
25 50               0 0
26 50               0 0
27 50               0 0
28 50 0. 0.
29 50 0. 0.
30 50 0. 0.
31 50 0. 0.
32 50 0. 0.
33 50 0. 0.
34 50 0. 0.

# Block n: 3 A:51
1 51 0. 0.
2 51 0. 0.
3 51 0. 0.
4 51 0. 0.
5 51 0. 0.
6 51 0. 0.
7 51 0. 0.
8 51 0. 0.
9 51 0. 0.
10 51 0. 0.
11 51 0. 0.
12 51 0. 0.
13 51 0. 0.
14 51 0. 0.
15 51 0. 0.
16 51 0. 0.
17 51 0. 0.
18 51 0. 0.
19 51 0. 0.
20 51               0 0
21 51               0 0
22 51               0 0
23 51               0 0
24 51       0.0144266 8.63491
25 51         1.16753 18.9517
26 51               0 0
27 51               0 0
28 51 0. 0.
29 51 0. 0.
30 51 0. 0.
31 51 0. 0.
32 51 0. 0.
33 51 0. 0.
34 51 0. 0.

# Block n: 3 A:52
1 52 0. 0.
2 52 0. 0.
3 52 0. 0.
4 52 0. 0.
5 52 0. 0.
6 52 0. 0.
7 52 0. 0.
8 52 0. 0.
9 52 0. 0.
10 52 0. 0.
11 52 0. 0.
12 52 0. 0.
13 52 0. 0.
14 52 0. 0.
15 52 0. 0.
16 52 0. 0.
17 52 0. 0.
18 52 0. 0.
19 52 0. 0.
20 52               0 0
21 52               0 0
22 52               0 0
23 52        0.706144 48.4452
24 52               0 0
25 52       0.0371342 7.42095
26 52        0.027938 63.2456
27 52               0 0
28 52               0 0
29 52 0. 0.
30 52 0. 0.
31 52 0. 0.
32 52 0. 0.
33 52 0. 0.
34 52 0. 0.

# Block n: 3 A:53
1 53 0. 0.
2 53 0. 0.
3 53 0. 0.
4 53 0. 0.
5 53 0. 0.
6 53 0. 0.
7 53 0. 0.
8 53 0. 0.
9 53 0. 0.
10 53 0. 0.
11 53 0. 0.
12 53 0. 0.
13 53 0. 0.
14 53 0. 0.
15 53 0. 0.
16 53 0. 0.
17 53 0. 0.
18 53 0. 0.
19 53 0. 0.
20 53 0. 0.
21 53               0 0
22 53               0 0
23 53               0 0
24 53               0 0
25 53     1.74901e-09 2.06262
26 53         20.8983 11.6177
27 53               0 0
28 53               0 0
29 53 0. 0.
30 53 0. 0.
31 53 0. 0.
32 53 0. 0.
33 53 0. 0.
34 53 0. 0.

# Block n: 3 A:54
1 54 0. 0.
2 54 0. 0.
3 54 0. 0.
4 54 0. 0.
5 54 0. 0.
6 54 0. 0.
7 54 0. 0.
8 54 0. 0.
9 54 0. 0.
10 54 0. 0.
11 54 0. 0.
12 54 0. 0.
13 54 0. 0.
14 54 0. 0.
15 54 0. 0.
16 54 0. 0.
17 54 0. 0.
18 54 0. 0.
19 54 0. 0.
20 54 0. 0.
21 54               0 0
22 54               0 0
23 54               0 0
24 54               0 0
25 54      0.00933731 2.64676
26 54               0 0
27 54               0 0
28 54               0 0
29 54               0 0
30 54 0. 0.
31 54 0. 0.
32 54 0. 0.
33 54 0. 0.
34 54 0. 0.

# Block n: 3 A:55
1 55 0. 0.
2 55 0. 0.
3 55 0. 0.
4 55 0. 0.
5 55 0. 0.
6 55 0. 0.
7 55 0. 0.
8 55 0. 0.
9 55 0. 0.
10 55 0. 0.
11 55 0. 0.
12 55 0. 0.
13 55 0. 0.
14 55 0. 0.
15 55 0. 0.
16 55 0. 0.
17 55 0. 0.
18 55 0. 0.
19 55 0. 0.
20 55 0. 0.
21 55 0. 0.
22 55               0 0
23 55               0 0
24 55        0.191257 61.2372
25 55               0 0
26 55      0.00973576 0.838129
27 55        0.713413 8.18773
28 55               0 0
29 55               0 0
30 55 0. 0.
31 55 0. 0.
32 55 0. 0.
33 55 0. 0.
34 55 0. 0.

# Block n: 3 A:56
1 56 0. 0.
2 56 0. 0.
3 56 0. 0.
4 56 0. 0.
5 56 0. 0.
6 56 0. 0.
7 56 0. 0.
8 56 0. 0.
9 56 0. 0.
10 56 0. 0.
11 56 0. 0.
12 56 0. 0.
13 56 0. 0.
14 56 0. 0.
15 56 0. 0.
16 56 0. 0.
17 56 0. 0.
18 56 0. 0.
19 56 0. 0.
20 56 0. 0.
21 56 0. 0.
22 56               0 0
23 56               0 0
24 56               0 0
25 56         4.12373 9.8215
26 56               0 0
27 56       0.0962445 0.480117
28 56       0.0245013 7.61568
29 56               0 0
30 56               0 0
31 56 0. 0.
32 56 0. 0.
33 56 0. 0.
34 56 0. 0.

# Block n: 3 A:57
1 57 0. 0.
2 57 0. 0.
3 57 0. 0.
4 57 0. 0.
5 57 0. 0.
6 57 0. 0.
7 57 0. 0.
8 57 0. 0.
9 57 0. 0.
10 57 0. 0.
11 57 0. 0.
12 57 0. 0.
13 57 0. 0.
14 57 0. 0.
15 57 0. 0.
16 57 0. 0.
17 57 0. 0.
18 57 0. 0.
19 57 0. 0.
20 57 0. 0.
21 57 0. 0.
22 57 0. 0.
23 57               0 0
24 57               0 0
25 57         1.30733 9.95859
26 57               0 0
27 57        0.104223 1.0541
28 57        0.950363 3.79688
29 57               0 0
30 57               0 0
31 57 0. 0.
32 57 0. 0.
33 57 0. 0.
34 57 0. 0.

# Block n: 3 A:58
1 58 0. 0.
2 58 0. 0.
3 58 0. 0.
4 58 0. 0.
5 58 0. 0.
6 58 0. 0.
7 58 0. 0.
8 58 0. 0.
9 58 0. 0.
10 58 0. 0.
11 58 0. 0.
12 58 0. 0.
13 58 0. 0.
14 58 0. 0.
15 58 0. 0.
16 58 0. 0.
17 58 0. 0.
18 58 0. 0.
19 58 0. 0.
20 58 0. 0.
21 58 0. 0.
22 58 0. 0.
23 58               0 0
24 58               0 0
25 58               0 0
26 58               0 0
27 58        0.297244 1.30423
28 58               0 0
29 58     5.48063e-28 13.8747
30 58               0 0
31 58               0 0
32 58 0. 0.
33 58 0. 0.
34 58 0. 0.

# Block n: 3 A:59
1 59 0. 0.
2 59 0. 0.
3 59 0. 0.
4 59 0. 0.
5 59 0. 0.
6 59 0. 0.
7 59 0. 0.
8 59 0. 0.
9 59 0. 0.
10 59 0. 0.
11 59 0. 0.
12 59 0. 0.
13 59 0. 0.
14 59 0. 0.
15 59 0. 0.
16 59 0. 0.
17 59 0. 0.
18 59 0. 0.
19 59 0. 0.
20 59 0. 0.
21 59 0. 0.
22 59 0. 0.
23 59 0. 0.
24 59               0 0
25 59               0 0
26 59      0.00370051 5.77105
27 59               0 0
28 59      2.2529e-06 0.591735
29 59         13.3094 3.81558
30 59               0 0
31 59               0 0
32 59 0. 0.
33 59 0. 0.
34 59 0. 0.

# Block n: 3 A:60
1 60 0. 0.
2 60 0. 0.
3 60 0. 0.
4 60 0. 0.
5 60 0. 0.
6 60 0. 0.
7 60 0. 0.
8 60 0. 0.
9 60 0. 0.
10 60 0. 0.
11 60 0. 0.
12 60 0. 0.
13 60 0. 0.
14 60 0. 0.
15 60 0. 0.
16 60 0. 0.
17 60 0. 0.
18 60 0. 0.
19 60 0. 0.
20 60 0. 0.
21 60 0. 0.
22 60 0. 0.
23 60 0. 0.
24 60               0 0
25 60               0 0
26 60     2.66325e-11 35.6678
27 60      0.00164124 0.964109
28 60               0 0
29 60         444.143 2.1878
30 60         3.37473 8.97719
31 60               0 0
32 60               0 0
33 60 0. 0.
34 60 0. 0.

# Block n: 3 A:61
1 61 0. 0.
2 61 0. 0.
3 61 0. 0.
4 61 0. 0.
5 61 0. 0.
6 61 0. 0.
7 61 0. 0.
8 61 0. 0.
9 61 0. 0.
10 61 0. 0.
11 61 0. 0.
12 61 0. 0.
13 61 0. 0.
14 61 0. 0.
15 61 0. 0.
16 61 0. 0.
17 61 0. 0.
18 61 0. 0.
19 61 0. 0.
20 61 0. 0.
21 61 0. 0.
22 61 0. 0.
23 61 0. 0.
24 61 0. 0.
25 61               0 0
26 61               0 0
27 61         15.5868 6.61316
28 61               0 0
29 61         474.594 0.542796
30 61          19.145 3.11868
31 61               0 0
32 61               0 0
33 61 0. 0.
34 61 0. 0.

# Block n: 3 A:62
1 62 0. 0.
2 62 0. 0.
3 62 0. 0.
4 62 0. 0.
5 62 0. 0.
6 62 0. 0.
7 62 0. 0.
8 62 0. 0.
9 62 0. 0.
10 62 0. 0.
11 62 0. 0.
12 62 0. 0.
13 62 0. 0.
14 62 0. 0.
15 62 0. 0.
16 62 0. 0.
17 62 0. 0.
18 62 0. 0.
19 62 0. 0.
20 62 0. 0.
21 62 0. 0.
22 62 0. 0.
23 62 0. 0.
24 62 0. 0.
25 62               0 0
26 62               0 0
27 62          1.8523 17.7255
28 62               0 0
29 62         8214.92 0.208225
30 62         41.0074 1.38044
31 62               0 0
32 62               0 0
33 62               0 0
34 62 0. 0.

# Block n: 3 A:63
1 63 0. 0.
2 63 0. 0.
3 63 0. 0.
4 63 0. 0.
5 63 0. 0.
6 63 0. 0.
7 63 0. 0.
8 63 0. 0.
9 63 0. 0.
10 63 0. 0.
11 63 0. 0.
12 63 0. 0.
13 63 0. 0.
14 63 0. 0.
15 63 0. 0.
16 63 0. 0.
17 63 0. 0.
18 63 0. 0.
19 63 0. 0.
20 63 0. 0.
21 63 0. 0.
22 63 0. 0.
23 63 0. 0.
24 63 0. 0.
25 63 0. 0.
26 63               0 0
27 63       0.0031592 11.0848
28 63     0.000246099 0.569185
29 63               0 0
30 63         1345.02 0.47384
31 63        0.160839 7.03154
32 63               0 0
33 63               0 0
34 63 0. 0.

# Block n: 3 A:64
1 64 0. 0.
2 64 0. 0.
3 64 0. 0.
4 64 0. 0.
5 64 0. 0.
6 64 0. 0.
7 64 0. 0.
8 64 0. 0.
9 64 0. 0.
10 64 0. 0.
11 64 0. 0.
12 64 0. 0.
13 64 0. 0.
14 64 0. 0.
15 64 0. 0.
16 64 0. 0.
17 64 0. 0.
18 64 0. 0.
19 64 0. 0.
20 64 0. 0.
21 64 0. 0.
22 64 0. 0.
23 64 0. 0.
24 64 0. 0.
25 64 0. 0.
26 64               0 0
27 64               0 0
28 64               0 0
29 64          89.236 0.689963
30 64               0 0
31 64         133.923 3.01253
32 64               0 0
33 64               0 0
34 64               0 0

# Block n: 3 A:65
1 65 0. 0.
2 65 0. 0.
3 65 0. 0.
4 65 0. 0.
5 65 0. 0.
6 65 0. 0.
7 65 0. 0.
8 65 0. 0.
9 65 0. 0.
10 65 0. 0.
11 65 0. 0.
12 65 0. 0.
13 65 0. 0.
14 65 0. 0.
15 65 0. 0.
16 65 0. 0.
17 65 0. 0.
18 65 0. 0.
19 65 0. 0.
20 65 0. 0.
21 65 0. 0.
22 65 0. 0.
23 65 0. 0.
24 65 0. 0.
25 65 0. 0.
26 65 0. 0.
27 65               0 0
28 65         2.32993 8.60441
29 65               0 0
30 65        0.163506 0.621966
31 65         183.873 1.66166
32 65               0 0
33 65               0 0
34 65               0 0

# Block n: 3 A:66
1 66 0. 0.
2 66 0. 0.
3 66 0. 0.
4 66 0. 0.
5 66 0. 0.
6 66 0. 0.
7 66 0. 0.
8 66 0. 0.
9 66 0. 0.
10 66 0. 0.
11 66 0. 0.
12 66 0. 0.
13 66 0. 0.
14 66 0. 0.
15 66 0. 0.
16 66 0. 0.
17 66 0. 0.
18 66 0. 0.
19 66 0. 0.
20 66 0. 0.
21 66 0. 0.
22 66 0. 0.
23 66 0. 0.
24 66 0. 0.
25 66 0. 0.
26 66 0. 0.
27 66               0 0
28 66      0.00257836 40.8248
29 66         113.282 2.73878
30 66               0 0
31 66         18.0674 1.39065
32 66               0 0
33 66               0 0
34 66               0 0

# Block n: 3 A:67
1 67 0. 0.
2 67 0. 0.
3 67 0. 0.
4 67 0. 0.
5 67 0. 0.
6 67 0. 0.
7 67 0. 0.
8 67 0. 0.
9 67 0. 0.
10 67 0. 0.
11 67 0. 0.
12 67 0. 0.
13 67 0. 0.
14 67 0. 0.
15 67 0. 0.
16 67 0. 0.
17 67 0. 0.
18 67 0. 0.
19 67 0. 0.
20 67 0. 0.
21 67 0. 0.
22 67 0. 0.
23 67 0. 0.
24 67 0. 0.
25 67 0. 0.
26 67 0. 0.
27 67 0. 0.
28 67               0 0
29 67        0.452477 4.93043
30 67               0 0
31 67         2.11359 1.08142
32 67               0 0
33 67               0 0
34 67               0 0

# Block n: 3 A:68
1 68 0. 0.
2 68 0. 0.
3 68 0. 0.
4 68 0. 0.
5 68 0. 0.
6 68 0. 0.
7 68 0. 0.
8 68 0. 0.
9 68 0. 0.
10 68 0. 0.
11 68 0. 0.
12 68 0. 0.
13 68 0. 0.
14 68 0. 0.
15 68 0. 0.
16 68 0. 0.
17 68 0. 0.
18 68 0. 0.
19 68 0. 0.
20 68 0. 0.
21 68 0. 0.
22 68 0. 0.
23 68 0. 0.
24 68 0. 0.
25 68 0. 0.
26 68 0. 0.
27 68 0. 0.
28 68     0.000208783 99
29 68         0.41609 45.0183
30 68               0 0
31 68         67.5301 2.65198
32 68               0 0
33 68               0 0
34 68               0 0

# Block n: 3 A:69
1 69 0. 0.
2 69 0. 0.
3 69 0. 0.
4 69 0. 0.
5 69 0. 0.
6 69 0. 0.
7 69 0. 0.
8 69 0. 0.
9 69 0. 0.
10 69 0. 0.
11 69 0. 0.
12 69 0. 0.
13 69 0. 0.
14 69 0. 0.
15 69 0. 0.
16 69 0. 0.
17 69 0. 0.
18 69 0. 0.
19 69 0. 0.
20 69 0. 0.
21 69 0. 0.
22 69 0. 0.
23 69 0. 0.
24 69 0. 0.
25 69 0. 0.
26 69 0. 0.
27 69 0. 0.
28 69 0. 0.
29 69         1.01897 26.0859
30 69         8.51133 3.86354
31 69               0 0
32 69               0 0
33 69               0 0
34 69               0 0

# Block n: 3 A:70
1 70 0. 0.
2 70 0. 0.
3 70 0. 0.
4 70 0. 0.
5 70 0. 0.
6 70 0. 0.
7 70 0. 0.
8 70 0. 0.
9 70 0. 0.
10 70 0. 0.
11 70 0. 0.
12 70 0. 0.
13 70 0. 0.
14 70 0. 0.
15 70 0. 0.
16 70 0. 0.
17 70 0. 0.
18 70 0. 0.
19 70 0. 0.
20 70 0. 0.
21 70 0. 0.
22 70 0. 0.
23 70 0. 0.
24 70 0. 0.
25 70 0. 0.
26 70 0. 0.
27 70 0. 0.
28 70 0. 0.
29 70      0.00402704 99
30 70               0 0
31 70         4.83475 15.3268
32 70               0 0
33 70               0 0
34 70               0 0

# Block n: 3 A:71
1 71 0. 0.
2 71 0. 0.
3 71 0. 0.
4 71 0. 0.
5 71 0. 0.
6 71 0. 0.
7 71 0. 0.
8 71 0. 0.
9 71 0. 0.
10 71 0. 0.
11 71 0. 0.
12 71 0. 0.
13 71 0. 0.
14 71 0. 0.
15 71 0. 0.
16 71 0. 0.
17 71 0. 0.
18 71 0. 0.
19 71 0. 0.
20 71 0. 0.
21 71 0. 0.
22 71 0. 0.
23 71 0. 0.
24 71 0. 0.
25 71 0. 0.
26 71 0. 0.
27 71 0. 0.
28 71 0. 0.
29 71 0. 0.
30 71               0 0
31 71               0 0
32 71               0 0
33 71               0 0
34 71               0 0

# Block n: 3 A:72
1 72 0. 0.
2 72 0. 0.
3 72 0. 0.
4 72 0. 0.
5 72 0. 0.
6 72 0. 0.
7 72 0. 0.
8 72 0. 0.
9 72 0. 0.
10 72 0. 0.
11 72 0. 0.
12 72 0. 0.
13 72 0. 0.
14 72 0. 0.
15 72 0. 0.
16 72 0. 0.
17 72 0. 0.
18 72 0. 0.
19 72 0. 0.
20 72 0. 0.
21 72 0. 0.
22 72 0. 0.
23 72 0. 0.
24 72 0. 0.
25 72 0. 0.
26 72 0. 0.
27 72 0. 0.
28 72 0. 0.
29 72 0. 0.
30 72               0 0
31 72               0 0
32 72               0 0
33 72               0 0
34 72               0 0

# Block n: 3 A:73
1 73 0. 0.
2 73 0. 0.
3 73 0. 0.
4 73 0. 0.
5 73 0. 0.
6 73 0. 0.
7 73 0. 0.
8 73 0. 0.
9 73 0. 0.
10 73 0. 0.
11 73 0. 0.
12 73 0. 0.
13 73 0. 0.
14 73 0. 0.
15 73 0. 0.
16 73 0. 0.
17 73 0. 0.
18 73 0. 0.
19 73 0. 0.
20 73 0. 0.
21 73 0. 0.
22 73 0. 0.
23 73 0. 0.
24 73 0. 0.
25 73 0. 0.
26 73 0. 0.
27 73 0. 0.
28 73 0. 0.
29 73 0. 0.
30 73 0. 0.
31 73               0 0
32 73               0 0
33 73               0 0
34 73               0 0

# Block n: 3 A:74
1 74 0. 0.
2 74 0. 0.
3 74 0. 0.
4 74 0. 0.
5 74 0. 0.
6 74 0. 0.
7 74 0. 0.
8 74 0. 0.
9 74 0. 0.
10 74 0. 0.
11 74 0. 0.
12 74 0. 0.
13 74 0. 0.
14 74 0. 0.
15 74 0. 0.
16 74 0. 0.
17 74 0. 0.
18 74 0. 0.
19 74 0. 0.
20 74 0. 0.
21 74 0. 0.
22 74 0. 0.
23 74 0. 0.
24 74 0. 0.
25 74 0. 0.
26 74 0. 0.
27 74 0. 0.
28 74 0. 0.
29 74 0. 0.
30 74 0. 0.
31 74               0 0
32 74               0 0
33 74               0 0
34 74               0 0

# Block n: 3 A:75
1 75 0. 0.
2 75 0. 0.
3 75 0. 0.
4 75 0. 0.
5 75 0. 0.
6 75 0. 0.
7 75 0. 0.
8 75 0. 0.
9 75 0. 0.
10 75 0. 0.
11 75 0. 0.
12 75 0. 0.
13 75 0. 0.
14 75 0. 0.
15 75 0. 0.
16 75 0. 0.
17 75 0. 0.
18 75 0. 0.
19 75 0. 0.
20 75 0. 0.
21 75 0. 0.
22 75 0. 0.
23 75 0. 0.
24 75 0. 0.
25 75 0. 0.
26 75 0. 0.
27 75 0. 0.
28 75 0. 0.
29 75 0. 0.
30 75 0. 0.
31 75 0. 0.
32 75               0 0
33 75               0 0
34 75               0 0

# Block n: 3 A:76
1 76 0. 0.
2 76 0. 0.
3 76 0. 0.
4 76 0. 0.
5 76 0. 0.
6 76 0. 0.
7 76 0. 0.
8 76 0. 0.
9 76 0. 0.
10 76 0. 0.
11 76 0. 0.
12 76 0. 0.
13 76 0. 0.
14 76 0. 0.
15 76 0. 0.
16 76 0. 0.
17 76 0. 0.
18 76 0. 0.
19 76 0. 0.
20 76 0. 0.
21 76 0. 0.
22 76 0. 0.
23 76 0. 0.
24 76 0. 0.
25 76 0. 0.
26 76 0. 0.
27 76 0. 0.
28 76 0. 0.
29 76 0. 0.
30 76 0. 0.
31 76 0. 0.
32 76               0 0
33 76               0 0
34 76               0 0

# Block n: 3 A:77
1 77 0. 0.
2 77 0. 0.
3 77 0. 0.
4 77 0. 0.
5 77 0. 0.
6 77 0. 0.
7 77 0. 0.
8 77 0. 0.
9 77 0. 0.
10 77 0. 0.
11 77 0. 0.
12 77 0. 0.
13 77 0. 0.
14 77 0. 0.
15 77 0. 0.
16 77 0. 0.
17 77 0. 0.
18 77 0. 0.
19 77 0. 0.
20 77 0. 0.
21 77 0. 0.
22 77 0. 0.
23 77 0. 0.
24 77 0. 0.
25 77 0. 0.
26 77 0. 0.
27 77 0. 0.
28 77 0. 0.
29 77 0. 0.
30 77 0. 0.
31 77 0. 0.
32 77 0. 0.
33 77               0 0
34 77               0 0

# Block n: 3 A:78
1 78 0. 0.
2 78 0. 0.
3 78 0. 0.
4 78 0. 0.
5 78 0. 0.
6 78 0. 0.
7 78 0. 0.
8 78 0. 0.
9 78 0. 0.
10 78 0. 0.
11 78 0. 0.
12 78 0. 0.
13 78 0. 0.
14 78 0. 0.
15 78 0. 0.
16 78 0. 0.
17 78 0. 0.
18 78 0. 0.
19 78 0. 0.
20 78 0. 0.
21 78 0. 0.
22 78 0. 0.
23 78 0. 0.
24 78 0. 0.
25 78 0. 0.
26 78 0. 0.
27 78 0. 0.
28 78 0. 0.
29 78 0. 0.
30 78 0. 0.
31 78 0. 0.
32 78 0. 0.
33 78               0 0
34 78               0 0

# Block n: 3 A:79
1 79 0. 0.
2 79 0. 0.
3 79 0. 0.
4 79 0. 0.
5 79 0. 0.
6 79 0. 0.
7 79 0. 0.
8 79 0. 0.
9 79 0. 0.
10 79 0. 0.
11 79 0. 0.
12 79 0. 0.
13 79 0. 0.
14 79 0. 0.
15 79 0. 0.
16 79 0. 0.
17 79 0. 0.
18 79 0. 0.
19 79 0. 0.
20 79 0. 0.
21 79 0. 0.
22 79 0. 0.
23 79 0. 0.
24 79 0. 0.
25 79 0. 0.
26 79 0. 0.
27 79 0. 0.
28 79 0. 0.
29 79 0. 0.
30 79 0. 0.
31 79 0. 0.
32 79 0. 0.
33 79 0. 0.
34 79               0 0

# Block n: 3 A:80
1 80 0. 0.
2 80 0. 0.
3 80 0. 0.
4 80 0. 0.
5 80 0. 0.
6 80 0. 0.
7 80 0. 0.
8 80 0. 0.
9 80 0. 0.
10 80 0. 0.
11 80 0. 0.
12 80 0. 0.
13 80 0. 0.
14 80 0. 0.
15 80 0. 0.
16 80 0. 0.
17 80 0. 0.
18 80 0. 0.
19 80 0. 0.
20 80 0. 0.
21 80 0. 0.
22 80 0. 0.
23 80 0. 0.
24 80 0. 0.
25 80 0. 0.
26 80 0. 0.
27 80 0. 0.
28 80 0. 0.
29 80 0. 0.
30 80 0. 0.
31 80 0. 0.
32 80 0. 0.
33 80 0. 0.
34 80               0 0

