3.5723E7 0.0
3.6E7 0.0
3.8E7 3.71446E-4
4.0E7 0.0129897
4.5E7 0.200173
5.0E7 0.36675
5.5E7 0.353757
6.0E7 0.228056
6.5E7 0.120412
7.0E7 0.0708944
7.5E7 0.0505607
8.0E7 0.0403743
8.5E7 0.0338224
9.0E7 0.0289226
9.5E7 0.0251556
1.0E8 0.0220867
1.1E8 0.0176872
1.2E8 0.0145536
1.3E8 0.0123496
1.4E8 0.0107195
1.5E8 0.00887726
1.6E8 0.0084058
1.8E8 0.00779344
2.0E8 0.00723158
2.25E8 0.006861
2.5E8 0.006521
2.75E8 0.0061996
3.0E8 0.00593464
3.5E8 0.00533482
4.0E8 0.00473366
4.5E8 0.00416665
5.0E8 0.00373823
5.5E8 0.00332855
6.0E8 0.00305617
6.5E8 0.00275167
7.0E8 0.00255431
7.5E8 0.00242599
8.0E8 0.00218613
9.0E8 0.00192486
1.0E9 0.0014962
1.2E9 0.00106768
1.5E9 9.34593E-4
2.0E9 9.50585E-4
2.5E9 8.68989E-4
3.0E9 6.87658E-4
