0.0 0.0
2700000.0 0.0
2800000.0 5.0E-11
2900000.0 5.0E-11
3000000.0 5.0E-11
3100000.0 5.0E-11
3200000.0 5.0E-11
3300000.0 5.0E-11
3400000.0 5.0E-11
3500000.0 5.0E-11
3600000.0 7.08236E-7
3700000.0 1.1347E-6
3800000.0 1.77962E-6
3900000.0 2.73718E-6
4000000.0 4.14577E-6
4100000.0 6.15759E-6
4200000.0 9.00061E-6
4300000.0 1.296E-5
4400000.0 1.83976E-5
4500000.0 2.57762E-5
4600000.0 3.56476E-5
4700000.0 4.87089E-5
4800000.0 6.58003E-5
4900000.0 8.79292E-5
5000000.0 1.16298E-4
5200000.0 1.97658E-4
5400000.0 3.23451E-4
5600000.0 5.13376E-4
5800000.0 7.91131E-4
6000000.0 0.00118649
6200000.0 0.0017342
6400000.0 8.27333E-4
6600000.0 4.56877E-4
6800000.0 3.49979E-4
7000000.0 3.18645E-4
7200000.0 3.16794E-4
7400000.0 3.29064E-4
7600000.0 3.48625E-4
7800000.0 3.72028E-4
8000000.0 3.9673E-4
8200000.0 4.21876E-4
8400000.0 4.46033E-4
8600000.0 4.68368E-4
8800000.0 4.88648E-4
9000000.0 5.06564E-4
9200000.0 5.21751E-4
9400000.0 5.34722E-4
9600000.0 5.45037E-4
9800000.0 5.53416E-4
1.0E7 5.5961E-4
1.02E7 5.63838E-4
1.04E7 5.65695E-4
1.06E7 5.69862E-4
1.08E7 5.72715E-4
1.1E7 5.7222E-4
1.12E7 5.72848E-4
1.14E7 5.72431E-4
1.16E7 5.69079E-4
1.18E7 5.70931E-4
1.2E7 5.65529E-4
1.22E7 5.63625E-4
1.24E7 5.66526E-4
1.26E7 5.61447E-4
1.28E7 5.64459E-4
1.3E7 5.63661E-4
1.32E7 5.66515E-4
1.34E7 5.74225E-4
1.36E7 5.75469E-4
1.38E7 5.82545E-4
1.4E7 5.86688E-4
1.42E7 5.94235E-4
1.44E7 6.05168E-4
1.46E7 6.10341E-4
1.48E7 6.19786E-4
1.5E7 6.26754E-4
1.55E7 6.49129E-4
1.6E7 6.70374E-4
1.65E7 6.89173E-4
1.7E7 7.0389E-4
1.75E7 7.12454E-4
1.8E7 7.1306E-4
1.85E7 7.01463E-4
1.9E7 6.85424E-4
1.95E7 6.50115E-4
2.0E7 6.10462E-4
2.2E7 4.40806E-4
2.4E7 3.4887E-4
2.8E7 2.70269E-4
3.0E7 2.4973E-4
3.2E7 2.33851E-4
3.4E7 2.21852E-4
3.6E7 2.12275E-4
3.8E7 2.00637E-4
4.0E7 1.92432E-4
4.5E7 1.81743E-4
5.0E7 1.66822E-4
5.5E7 1.60067E-4
6.0E7 1.47004E-4
6.5E7 1.40752E-4
7.0E7 1.2953E-4
7.5E7 1.25356E-4
8.0E7 1.1455E-4
8.5E7 1.1037E-4
9.0E7 1.00944E-4
9.5E7 9.60894E-5
1.0E8 8.75587E-5
1.1E8 7.7405E-5
1.2E8 6.8318E-5
1.3E8 6.03764E-5
1.4E8 5.40828E-5
1.5E8 4.77583E-5
1.6E8 4.02533E-5
1.8E8 3.04463E-5
2.0E8 2.38821E-5
2.2E8 1.92583E-5
2.4E8 1.46398E-5
2.5E8 1.28726E-5
2.75E8 9.53298E-6
3.0E8 7.24681E-6
3.5E8 4.45841E-6
4.0E8 2.92706E-6
4.5E8 2.01947E-6
5.0E8 1.44892E-6
5.5E8 1.07301E-6
6.0E8 8.15685E-7
6.5E8 6.33837E-7
7.0E8 5.01829E-7
7.5E8 4.03769E-7
8.0E8 3.29464E-7
9.0E8 2.27307E-7
1.0E9 1.63087E-7
1.2E9 9.18117E-8
1.5E9 4.54474E-8
2.0E9 1.83567E-8
3.0E9 5.11546E-9
