0.0 0.0
9.5E7 0.0
1.0E8 1.61737E-6
1.1E8 1.44361E-6
1.2E8 1.26093E-6
1.3E8 1.07552E-6
1.4E8 9.3817E-7
1.5E8 9.11507E-7
1.6E8 9.68243E-7
1.8E8 1.11227E-6
2.0E8 1.23262E-6
2.2E8 1.33056E-6
2.25E8 1.35005E-6
2.4E8 1.3972E-6
2.5E8 1.42141E-6
2.75E8 1.45821E-6
3.0E8 1.47057E-6
3.5E8 1.44417E-6
4.0E8 1.38009E-6
4.5E8 1.29022E-6
5.0E8 1.18817E-6
5.5E8 1.08206E-6
6.0E8 9.76735E-7
6.5E8 8.75036E-7
7.0E8 8.445E-7
7.5E8 9.17385E-7
8.0E8 9.63798E-7
9.0E8 8.89519E-7
1.0E9 8.01871E-7
1.2E9 6.718E-7
1.5E9 5.51309E-7
2.0E9 4.64057E-7
2.5E9 4.4338E-7
3.0E9 4.4338E-7
