0.0 0.0
9.5E7 0.0
1.0E8 3.9346105E-8
1.1E8 8.98815E-8
1.2E8 1.84672E-7
1.3E8 2.98684E-7
1.4E8 4.12937E-7
1.5E8 5.17313E-7
1.6E8 5.78628E-7
1.8E8 6.13172E-7
2.0E8 6.28123E-7
2.2E8 6.43621E-7
2.25E8 6.48705E-7
2.4E8 6.69181E-7
2.5E8 8.63262E-7
2.5E8 8.63262E-7
2.75E8 1.23177E-6
3.0E8 1.36186E-6
3.5E8 1.55893E-6
4.0E8 1.67681E-6
4.5E8 1.74462E-6
5.0E8 1.74626E-6
5.5E8 1.64895E-6
6.0E8 1.52629E-6
6.5E8 1.41285E-6
7.0E8 1.28554E-6
7.5E8 1.14218E-6
8.0E8 1.07276E-6
9.0E8 1.10507E-6
1.0E9 1.13997E-6
1.2E9 1.207E-6
1.5E9 1.22222E-6
2.0E9 1.03288E-6
2.5E9 1.04738E-6
3.0E9 1.275E-6
