1.94313E7 0.0
1.95E7 7.96454E-7
2.0E7 0.00139186
2.2E7 0.202666
2.4E7 0.643947
2.8E7 1.12559
3.0E7 1.13034
3.2E7 1.037
3.4E7 0.932417
3.6E7 0.755306
3.8E7 0.549566
4.0E7 0.381682
4.5E7 0.186893
5.0E7 0.135826
5.5E7 0.11274
6.0E7 0.097615
6.5E7 0.0853731
7.0E7 0.0753397
7.5E7 0.0669268
8.0E7 0.0597768
8.5E7 0.0538458
9.0E7 0.0487087
9.5E7 0.0443316
1.0E8 0.0405647
1.1E8 0.0342075
1.2E8 0.029641
1.3E8 0.0259697
1.4E8 0.0233025
1.5E8 0.020496
1.6E8 0.0197868
1.8E8 0.0183575
2.0E8 0.0180388
2.25E8 0.0168687
2.5E8 0.0156726
2.75E8 0.0147326
3.0E8 0.0137898
3.5E8 0.0122091
4.0E8 0.0105779
4.5E8 0.00941847
5.0E8 0.00815454
5.5E8 0.00692523
6.0E8 0.00613268
6.5E8 0.00545252
7.0E8 0.00464478
7.5E8 0.00447181
8.0E8 0.00390207
9.0E8 0.00294153
1.0E9 0.00189466
1.2E9 9.949428E-4
1.5E9 7.18979E-4
2.0E9 7.33351E-4
2.5E9 5.20504E-4
3.0E9 3.92131E-4
