0.0 0.0
9.5E7 0.0
1.0E8 1.43228E-6
1.1E8 1.81648E-6
1.2E8 2.03872E-6
1.3E8 2.13222E-6
1.4E8 2.19588E-6
1.5E8 2.24838E-6
1.6E8 2.302E-6
1.8E8 2.42487E-6
2.0E8 2.54303E-6
2.2E8 2.65011E-6
2.25E8 2.67563E-6
2.4E8 2.7512E-6
2.5E8 4.81529E-6
2.5E8 4.81529E-6
2.75E8 8.09459E-6
3.0E8 7.92727E-6
3.5E8 7.51256E-6
4.0E8 6.89795E-6
4.5E8 6.26199E-6
5.0E8 6.48789E-6
5.5E8 8.27735E-6
6.0E8 9.9149E-6
6.5E8 8.83058E-6
7.0E8 7.44715E-6
7.5E8 7.71498E-6
8.0E8 9.0322E-6
9.0E8 1.25113E-5
1.0E9 1.69986E-5
1.2E9 2.84788E-5
1.5E9 4.15268E-5
2.0E9 4.39176E-5
2.5E9 4.50571E-5
3.0E9 4.98194E-5
