3353390.0 0.0
4.0E7 0.0
5.0E7 2.20842E-5
6.0E7 4.93137E-5
7.0E7 8.76007E-5
8.0E7 1.28459E-4
9.0E7 1.71463E-4
1.0E8 2.16639E-4
1.1E8 2.63885E-4
1.2E8 3.11031E-4
1.4E8 4.11032E-4
1.5E8 4.63611E-4
1.6E8 5.13515E-4
1.8E8 6.13376E-4
2.0E8 7.14055E-4
2.25E8 8.37337E-4
2.5E8 9.58266E-4
2.75E8 0.00107498
3.0E8 0.00118699
3.5E8 0.00141277
4.0E8 0.00164259
4.5E8 0.00186342
5.0E8 0.00207994
5.5E8 0.00230192
6.0E8 0.00251924
6.5E8 0.0027173
7.0E8 0.00289976
7.5E8 0.00307202
8.0E8 0.00323297
9.0E8 0.00353897
1.0E9 0.00382137
1.2E9 0.00431744
1.5E9 0.00494546
1.6E9 0.00512
2.0E9 0.00586142
2.5E9 0.00661452
3.0E9 0.00724574
