2.67728E7 0.0
2.8E7 0.0014870999
3.0E7 0.061160702
3.2E7 0.171479
3.4E7 0.272406
3.6E7 0.435448
3.8E7 0.620608
4.0E7 0.74414
4.5E7 0.583404
5.0E7 0.272928
5.5E7 0.139346
6.0E7 0.0954571
6.5E7 0.0772532
7.0E7 0.0662524
7.5E7 0.0582071
8.0E7 0.052066
8.5E7 0.0468032
9.0E7 0.0428638
9.5E7 0.0394742
1.0E8 0.0362117
1.1E8 0.0319543
1.2E8 0.0302043
1.3E8 0.0286791
1.4E8 0.0273358
1.5E8 0.0261418
1.6E8 0.0250722
1.8E8 0.0232316
2.0E8 0.0217
2.25E8 0.020576
2.5E8 0.0195171
2.75E8 0.0183318
3.0E8 0.0174774
3.5E8 0.0155846
4.0E8 0.0134641
4.5E8 0.0118427
5.0E8 0.0101241
5.5E8 0.0088363
6.0E8 0.00797917
6.5E8 0.0071179
7.0E8 0.00628434
7.5E8 0.00590589
8.0E8 0.00515872
9.0E8 0.00424937
1.0E9 0.00287541
1.2E9 0.00160416
1.5E9 0.00144484
2.0E9 0.00112601
2.5E9 9.79448E-4
3.0E9 6.80647E-4
