0.0 0.0
9.5E7 0.0
1.0E8 6.47236E-7
1.1E8 6.13706E-7
1.2E8 5.54274E-7
1.3E8 4.93801E-7
1.4E8 4.3749E-7
1.5E8 4.03593E-7
1.6E8 4.20631E-7
1.8E8 5.47549E-7
2.0E8 7.09088E-7
2.2E8 8.78163E-7
2.25E8 9.17999E-7
2.4E8 1.02871E-6
2.5E8 1.09174E-6
2.75E8 1.18713E-6
3.0E8 1.20916E-6
3.5E8 1.3422E-6
3.5E8 1.3422E-6
4.0E8 1.851E-6
4.5E8 2.14485E-6
5.0E8 2.2863E-6
5.5E8 2.1345E-6
6.0E8 1.85804E-6
6.5E8 1.5871E-6
7.0E8 1.35961E-6
7.5E8 1.20748E-6
8.0E8 1.16179E-6
9.0E8 1.21983E-6
1.0E9 1.22523E-6
1.2E9 1.1298E-6
1.5E9 1.18569E-6
2.0E9 1.7226E-6
2.5E9 2.24127E-6
3.0E9 2.40035E-6
