4.19472E7 0.0
4.5E7 1.14974E-4
5.0E7 0.036395
5.5E7 0.180048
6.0E7 0.282039
6.5E7 0.262211
7.0E7 0.17756498
7.5E7 0.105794
8.0E7 0.0680045
8.5E7 0.0499338
9.0E7 0.0397786
9.5E7 0.0329898
1.0E8 0.0278406
1.1E8 0.0206919
1.2E8 0.0160822
1.3E8 0.0130164
1.4E8 0.0106297
1.5E8 0.00850447
1.6E8 0.00796779
1.8E8 0.00737913
2.0E8 0.00690803
2.25E8 0.00652038
2.5E8 0.00620497
2.75E8 0.00601729
3.0E8 0.00569175
3.5E8 0.0051499
4.0E8 0.00464123
4.5E8 0.00405211
5.0E8 0.00369595
5.5E8 0.00341966
6.0E8 0.00300441
6.5E8 0.00285778
7.0E8 0.00258473
7.5E8 0.00251628
8.0E8 0.00233294
9.0E8 0.00207277
1.0E9 0.00164299
1.2E9 0.00122295
1.5E9 0.00106116
2.0E9 9.62526E-4
2.5E9 9.07226E-4
3.0E9 8.28868E-4
