2.56559E7 0.0
2.8E7 0.0143029
3.0E7 0.161575
3.2E7 0.42652202
3.4E7 0.668888
3.6E7 0.823704
3.8E7 0.876925
4.0E7 0.856717
4.5E7 0.615226
5.0E7 0.315023
5.5E7 0.173994
6.0E7 0.12308301
6.5E7 0.0995052
7.0E7 0.0844153
7.5E7 0.0731156
8.0E7 0.0644574
8.5E7 0.0573198
9.0E7 0.0515992
9.5E7 0.0467533
1.0E8 0.0428614
1.1E8 0.0363604
1.2E8 0.031164
1.3E8 0.0273286
1.4E8 0.0240403
1.5E8 0.0211566
1.6E8 0.0201197
1.8E8 0.0186413
2.0E8 0.0177194
2.25E8 0.0164405
2.5E8 0.0153565
2.75E8 0.0143747
3.0E8 0.0133355
3.5E8 0.0116267
4.0E8 0.0105442
4.5E8 0.00878354
5.0E8 0.00760338
5.5E8 0.00673607
6.0E8 0.00593685
6.5E8 0.00526769
7.0E8 0.00468658
7.5E8 0.00418932
8.0E8 0.00376971
9.0E8 0.00326781
1.0E9 0.00233138
1.2E9 0.00144572
1.5E9 0.00108028
2.0E9 0.00102328
2.5E9 8.58305E-4
3.0E9 7.43984E-4
