0.0 0.0
9.5E7 0.0
1.0E8 1.50035E-6
1.1E8 2.14506E-6
1.2E8 2.57156E-6
1.3E8 2.66838E-6
1.4E8 2.6459E-6
1.5E8 2.61862E-6
1.6E8 2.63695E-6
1.8E8 2.87918E-6
2.0E8 3.33554E-6
2.2E8 3.93582E-6
2.25E8 4.08771E-6
2.4E8 4.52686E-6
2.5E8 5.69506E-6
2.5E8 5.69506E-6
2.75E8 7.15304E-6
3.0E8 7.45277E-6
3.5E8 8.32458E-6
4.0E8 1.02021E-5
4.5E8 1.28736E-5
5.0E8 1.52742E-5
5.5E8 1.63483E-5
6.0E8 1.61025E-5
6.5E8 1.48462E-5
7.0E8 1.42868E-5
7.5E8 1.60932E-5
8.0E8 1.8768E-5
9.0E8 2.25279E-5
1.0E9 2.58799E-5
1.2E9 3.23911E-5
1.5E9 4.1576E-5
2.0E9 5.48081E-5
2.5E9 5.9222E-5
3.0E9 5.68562E-5
