1345650.0 0.0
3500000.0 0.0
3600000.0 7.03772E-7
3700000.0 1.11313E-6
3800000.0 1.71269E-6
3900000.0 2.69633E-6
4000000.0 4.17204E-6
4100000.0 6.2512E-6
4200000.0 9.16657E-6
4300000.0 1.31601E-5
4400000.0 1.85315E-5
4500000.0 2.57347E-5
4600000.0 3.52578E-5
4700000.0 4.77208E-5
4800000.0 6.39175E-5
4900000.0 8.46285E-5
5000000.0 1.10938E-4
5200000.0 1.85456E-4
5400000.0 2.99757E-4
5600000.0 4.70081E-4
5800000.0 7.17372E-4
6000000.0 0.00106796
6200000.0 0.0015544
6400000.0 0.00221613
6600000.0 0.0031001
6800000.0 0.00426108
7000000.0 0.00576206
7200000.0 0.00767351
7400000.0 0.0100735
7600000.0 0.0130459
7800000.0 0.0166788
8000000.0 0.0210618
8200000.0 0.0262809
8400000.0 0.0324184
8600000.0 0.0395407
8800000.0 0.0477
9000000.0 0.0569244
9200000.0 0.0672075
9400000.0 0.0785256
9600000.0 0.0908105
9800000.0 0.10396
1.0E7 0.11785
1.02E7 0.132242
1.04E7 0.146906
1.06E7 0.161642
1.08E7 0.176307
1.1E7 0.190844
1.12E7 0.205139
1.14E7 0.219168
1.16E7 0.232875
1.18E7 0.246187
1.2E7 0.259179
1.22E7 0.271753
1.24E7 0.283979
1.26E7 0.29301
1.28E7 0.290498
1.3E7 0.27827
1.32E7 0.259829
1.34E7 0.239252
1.36E7 0.218938
1.38E7 0.199542
1.4E7 0.181622
1.42E7 0.165394
1.44E7 0.150723
1.46E7 0.137783
1.48E7 0.125869
1.5E7 0.115677
1.55E7 0.0952383
1.6E7 0.0806625
1.65E7 0.0703834
1.7E7 0.0629648
1.75E7 0.0574916
1.8E7 0.0533784
1.85E7 0.0502477
1.9E7 0.0478277
1.95E7 0.0459686
2.0E7 0.0444721
2.2E7 0.0405241
2.4E7 0.0379581
2.8E7 0.0332112
3.0E7 0.0311031
3.2E7 0.0291801
3.4E7 0.0274755
3.6E7 0.0259302
3.8E7 0.024461
4.0E7 0.0230705
4.5E7 0.0206137
5.0E7 0.0176267
5.5E7 0.0156366
6.0E7 0.0136128
6.5E7 0.0121218
7.0E7 0.0105707
7.5E7 0.00940428
8.0E7 0.00834076
8.5E7 0.00759616
9.0E7 0.00681773
9.5E7 0.00621631
1.0E8 0.00559615
1.1E8 0.00490092
1.2E8 0.00432903
1.3E8 0.00384632
1.4E8 0.00351044
1.5E8 0.00320984
1.6E8 0.00295194
1.8E8 0.00277597
2.0E8 0.0026
2.25E8 0.0023632
2.5E8 0.00216972
2.75E8 0.00200837
3.0E8 0.00187158
3.5E8 0.0016517
4.0E8 0.00148223
4.5E8 0.00134724
5.0E8 0.00123693
5.5E8 0.00114495
6.0E8 0.00106697
6.5E8 9.99925E-4
7.0E8 9.41615E-4
7.5E8 8.9039E-4
8.0E8 8.45E-4
9.0E8 7.8403E-4
1.0E9 7.33225E-4
1.2E9 6.5297E-4
1.5E9 5.66595E-4
2.0E9 4.71882E-4
2.5E9 4.09464E-4
3.0E9 3.64645E-4
