0.0 0.0
9.5E7 0.0
1.0E8 4.4870197E-7
1.1E8 9.77561E-7
1.2E8 2.8712702E-6
1.3E8 2.86402E-6
1.4E8 1.39368E-6
1.5E8 1.11219E-6
1.6E8 1.22165E-6
1.8E8 1.41088E-6
2.0E8 1.57058E-6
2.2E8 1.70133E-6
2.25E8 1.72754E-6
2.4E8 1.79172E-6
2.5E8 1.99304E-6
2.75E8 2.55572E-6
3.0E8 2.33317E-6
3.5E8 2.13891E-6
4.0E8 2.34191E-6
4.5E8 1.93093E-6
5.0E8 1.56803E-6
5.5E8 1.43495E-6
6.0E8 1.30156E-6
6.5E8 1.17175E-6
7.0E8 1.1328E-6
7.5E8 1.21771E-6
8.0E8 1.26036E-6
9.0E8 1.15125E-6
1.0E9 1.03781E-6
1.2E9 8.69466E-7
1.5E9 7.13523E-7
2.0E9 6.00601E-7
2.5E9 5.7384E-7
3.0E9 5.7384E-7
