2467680.0 0.0
4.0E7 0.0
5.0E7 2.49315E-5
6.0E7 5.3616895E-5
7.0E7 9.32132E-5
8.0E7 1.35293E-4
9.0E7 1.79362E-4
1.0E8 2.25474E-4
1.1E8 2.73539E-4
1.2E8 3.21348E-4
1.4E8 4.22306E-4
1.5E8 4.75168E-4
1.6E8 5.25209E-4
1.8E8 6.2497E-4
2.0E8 7.25064E-4
2.25E8 8.47026E-4
2.5E8 9.66031E-4
2.75E8 0.00108025
3.0E8 0.00118931
3.5E8 0.00140783
4.0E8 0.00162852
4.5E8 0.00183848
5.0E8 0.00204251
5.5E8 0.00225041
6.0E8 0.00245212
6.5E8 0.00263336
7.0E8 0.00279788
7.5E8 0.00295105
8.0E8 0.00309201
9.0E8 0.00335473
1.0E9 0.00358958
1.2E9 0.00397889
1.5E9 0.00441615
1.6E9 0.00452
2.0E9 0.00538015
2.5E9 0.00631311
3.0E9 0.00712911
