3874610.0 0.0
4.0E7 0.0
5.0E7 1.49721E-5
6.0E7 3.57066E-5
7.0E7 6.58057E-5
8.0E7 9.81262E-5
9.0E7 1.32389E-4
1.0E8 1.68595E-4
1.1E8 2.06652E-4
1.2E8 2.44791E-4
1.4E8 3.26158E-4
1.5E8 3.69153E-4
1.6E8 4.10035E-4
1.8E8 4.92076E-4
2.0E8 5.75122E-4
2.25E8 6.77217E-4
2.5E8 7.77742E-4
2.75E8 8.75047E-4
3.0E8 9.6859E-4
3.5E8 0.00115744
4.0E8 0.00135014
4.5E8 0.00153554
5.0E8 0.00171754
5.5E8 0.00190449
6.0E8 0.0020878
6.5E8 0.00225503
7.0E8 0.00240915
7.5E8 0.00255465
8.0E8 0.00269064
9.0E8 0.00294921
1.0E9 0.00318737
1.2E9 0.00360401
1.5E9 0.00412657
1.6E9 0.00427
2.0E9 0.00493313
2.5E9 0.00561697
3.0E9 0.00619631
