4.93976E7 0.0
5.0E7 0.0
5.5E7 7.01505E-4
6.0E7 0.0314617
6.5E7 0.130407
7.0E7 0.215631
7.5E7 0.219722
8.0E7 0.165627
8.5E7 0.105955
9.0E7 0.0691405
9.5E7 0.0503835
1.0E8 0.0403838
1.1E8 0.028791599
1.2E8 0.0213322
1.3E8 0.0164633
1.4E8 0.0128756
1.5E8 0.00993987
1.6E8 0.00932116
1.8E8 0.00838911
2.0E8 0.00789385
2.25E8 0.00748285
2.5E8 0.00721209
2.75E8 0.00686836
3.0E8 0.00652314
3.5E8 0.00603734
4.0E8 0.00558453
4.5E8 0.00491593
5.0E8 0.0044688
5.5E8 0.00393901
6.0E8 0.00363927
6.5E8 0.00318718
7.0E8 0.0029734
7.5E8 0.00284012
8.0E8 0.00257874
9.0E8 0.00239631
1.0E9 0.00185942
1.2E9 0.00141011
1.5E9 0.00124083
2.0E9 0.0010781
2.5E9 9.13398E-4
3.0E9 8.91202E-4
