0.0 0.0
9.5E7 0.0
1.0E8 9.91573E-7
1.1E8 1.7187E-6
1.2E8 2.58372E-6
1.3E8 3.48332E-6
1.4E8 4.29015E-6
1.5E8 5.79521E-6
1.5E8 5.79521E-6
1.6E8 6.90366E-6
1.8E8 6.88904E-6
2.0E8 6.94955E-6
2.2E8 7.08367E-6
2.25E8 7.12381E-6
2.4E8 7.24306E-6
2.5E8 7.51954E-6
2.75E8 8.99782E-6
3.0E8 1.07699E-5
3.5E8 1.39287E-5
4.0E8 1.59634E-5
4.5E8 1.73552E-5
5.0E8 1.93934E-5
5.5E8 2.23863E-5
6.0E8 2.43599E-5
6.5E8 2.31228E-5
7.0E8 2.22107E-5
7.5E8 2.50202E-5
8.0E8 2.80273E-5
9.0E8 2.74046E-5
1.0E9 2.85245E-5
1.2E9 4.30873E-5
1.5E9 6.5904E-5
2.0E9 7.36802E-5
2.5E9 7.13125E-5
3.0E9 6.98584E-5
