3.31068E7 0.0
3.4E7 1.06588E-6
3.6E7 0.00215046
3.8E7 0.0351186
4.0E7 0.132585
4.5E7 0.45553696
5.0E7 0.545499
5.5E7 0.421486
6.0E7 0.243834
6.5E7 0.14334
7.0E7 0.10117
7.5E7 0.0804117
8.0E7 0.0670148
8.5E7 0.0570113
9.0E7 0.0493292
9.5E7 0.043493
1.0E8 0.0384132
1.1E8 0.0310136
1.2E8 0.0260577
1.3E8 0.0223184
1.4E8 0.0191545
1.5E8 0.0162213
1.6E8 0.0153863
1.8E8 0.014171
2.0E8 0.0131369
2.25E8 0.0124373
2.5E8 0.0117388
2.75E8 0.0108701
3.0E8 0.0103901
3.5E8 0.00902686
4.0E8 0.00801667
4.5E8 0.00712568
5.0E8 0.00611482
5.5E8 0.00541532
6.0E8 0.00482331
6.5E8 0.00433617
7.0E8 0.00390763
7.5E8 0.00362194
8.0E8 0.00329811
9.0E8 0.00280137
1.0E9 0.00215169
1.2E9 0.001475
1.5E9 0.00118498
2.0E9 0.00117416
2.5E9 9.50703E-4
3.0E9 9.20028E-4
