0.0 0.0
9.5E7 0.0
1.0E8 6.23895E-7
1.1E8 7.41121E-7
1.2E8 8.91412E-7
1.3E8 1.07936E-6
1.4E8 1.28304E-6
1.5E8 1.69401E-6
1.5E8 1.69401E-6
1.6E8 2.03283E-6
1.8E8 2.14649E-6
2.0E8 2.21446E-6
2.2E8 2.27416E-6
2.25E8 2.28688E-6
2.4E8 2.31919E-6
2.5E8 2.32605E-6
2.75E8 2.29601E-6
3.0E8 2.25849E-6
3.5E8 2.19282E-6
4.0E8 2.11522E-6
4.5E8 2.01683E-6
5.0E8 2.01261E-6
5.5E8 2.22845E-6
6.0E8 2.4311E-6
6.5E8 2.31228E-6
7.0E8 2.07364E-6
7.5E8 1.90552E-6
8.0E8 1.90403E-6
9.0E8 2.25075E-6
1.0E9 2.41342E-6
1.2E9 1.92226E-6
1.5E9 1.484E-6
2.0E9 1.81549E-6
2.5E9 2.46147E-6
3.0E9 2.93839E-6
