0.0 0.0
9.5E7 0.0
1.0E8 8.10978E-7
1.1E8 1.25426E-6
1.2E8 1.81924E-6
1.3E8 2.41418E-6
1.4E8 2.9187E-6
1.5E8 3.13989E-6
1.6E8 3.08555E-6
1.8E8 2.80367E-6
2.0E8 2.55424E-6
2.2E8 2.36895E-6
2.25E8 2.34735E-6
2.4E8 2.35219E-6
2.5E8 2.36934E-6
2.75E8 2.41866E-6
3.0E8 2.44891E-6
3.5E8 2.44067E-6
4.0E8 2.40442E-6
4.5E8 2.37507E-6
5.0E8 2.34375E-6
5.5E8 2.26012E-6
6.0E8 2.0661E-6
6.5E8 1.77936E-6
7.0E8 1.60851E-6
7.5E8 1.63392E-6
8.0E8 1.64509E-6
9.0E8 1.48738E-6
1.0E9 1.34082E-6
1.2E9 1.12333E-6
1.5E9 9.21854E-7
2.0E9 7.75959E-7
2.5E9 7.41385E-7
3.0E9 7.41385E-7
