8797260.0 0.0
8800000.0 0.0
9000000.0 0.00146523
9200000.0 0.00589237
9400000.0 0.0135041
9600000.0 0.0238765
9800000.0 0.0362703
1.0E7 0.0503638
1.02E7 0.0657023
1.04E7 0.0818053
1.06E7 0.0982476
1.08E7 0.114954
1.1E7 0.131655
1.12E7 0.148197
1.14E7 0.164605
1.16E7 0.181002
1.18E7 0.197792
1.2E7 0.214599
1.22E7 0.231451
1.24E7 0.248036
1.26E7 0.264183
1.28E7 0.279977
1.3E7 0.295296
1.32E7 0.310091
1.34E7 0.324421
1.36E7 0.338295
1.38E7 0.35175
1.4E7 0.36467
1.42E7 0.377177
1.44E7 0.389186
1.46E7 0.400875
1.48E7 0.412041
1.5E7 0.423095
1.55E7 0.448393
1.6E7 0.471486
1.65E7 0.492682
1.7E7 0.512073
1.75E7 0.529989
1.8E7 0.54563
1.85E7 0.556988
1.9E7 0.563408
1.95E7 0.566336
2.0E7 0.567304
2.2E7 0.461832
2.4E7 0.276291
2.8E7 0.109313995
3.0E7 0.086808
3.2E7 0.0761003
3.4E7 0.0695807
3.6E7 0.0647288
3.8E7 0.0605997
4.0E7 0.0568413
4.5E7 0.0489947
5.0E7 0.0425714
5.5E7 0.0370761
6.0E7 0.0326721
6.5E7 0.0287571
7.0E7 0.0251512
7.5E7 0.0223073
8.0E7 0.0197546
8.5E7 0.0177163
9.0E7 0.0157956
9.5E7 0.0142775
1.0E8 0.0129776
1.1E8 0.0111215
1.2E8 0.00947171
1.3E8 0.00819598
1.4E8 0.00729113
1.5E8 0.00665276
1.6E8 0.00648169
1.8E8 0.00616363
2.0E8 0.00575
2.25E8 0.00548719
2.5E8 0.00518139
2.75E8 0.00501797
3.0E8 0.00471365
3.5E8 0.00425606
4.0E8 0.00390253
4.5E8 0.00347454
5.0E8 0.00309301
5.5E8 0.00281015
6.0E8 0.00259442
6.5E8 0.00235228
7.0E8 0.00213233
7.5E8 0.00204704
8.0E8 0.001805
9.0E8 0.00177563
1.0E9 0.00174625
1.2E9 0.0016875
1.5E9 0.00159937
1.6E9 0.00157
2.0E9 9.03059E-4
2.5E9 5.72928E-4
3.0E9 2.32093E-4
