3.29972E7 0.0
3.4E7 8.04377E-6
3.6E7 0.00430406
3.8E7 0.0338469
4.0E7 0.0866361
4.5E7 0.317114
5.0E7 0.513338
5.5E7 0.400048
6.0E7 0.215651
6.5E7 0.12137
7.0E7 0.0849647
7.5E7 0.0682271
8.0E7 0.0573925
8.5E7 0.0534904
9.0E7 0.0500546
9.5E7 0.047008
1.0E8 0.0442893
1.1E8 0.0396481
1.2E8 0.0358371
1.3E8 0.0326556
1.4E8 0.0299624
1.5E8 0.0276552
1.6E8 0.025658
1.8E8 0.0223774
2.0E8 0.0198
2.25E8 0.0185178
2.5E8 0.0176722
2.75E8 0.0168298
3.0E8 0.0156346
3.5E8 0.0139048
4.0E8 0.0123291
4.5E8 0.0107537
5.0E8 0.0091503
5.5E8 0.00817845
6.0E8 0.00726422
6.5E8 0.00635
7.0E8 0.00583
7.5E8 0.00532
8.0E8 0.00464
9.0E8 0.00378849
1.0E9 0.00330378
1.2E9 0.00260684
1.5E9 0.00195057
2.0E9 0.00170186
2.5E9 0.001531
3.0E9 0.00140422
