4329820.0 0.0
4.0E7 0.0
5.0E7 2.8623003E-6
6.0E7 7.30609E-6
7.0E7 1.3925E-5
8.0E7 2.09952E-5
9.0E7 2.84663E-5
1.0E8 3.63008E-5
1.1E8 4.44656E-5
1.2E8 5.25782E-5
1.4E8 6.97104E-5
1.5E8 7.86677E-5
1.6E8 8.70536E-5
1.8E8 1.03532E-4
2.0E8 1.19802E-4
2.25E8 1.39195E-4
2.5E8 1.57641E-4
2.7E8 1.72147E-4
2.75E8 1.77375E-4
3.0E8 2.02092E-4
3.5E8 2.46763E-4
4.0E8 2.80526E-4
4.2E8 2.89025E-4
4.5E8 3.10021E-4
5.0E8 3.3607E-4
5.5E8 3.477E-4
6.0E8 3.42283E-4
6.4E8 3.44654E-4
6.5E8 3.59653E-4
7.0E8 4.39789E-4
7.5E8 5.30985E-4
8.0E8 6.33512E-4
9.0E8 8.77743E-4
1.0E9 0.00117645
1.2E9 0.0019449
1.5E9 0.00353765
1.6E9 0.00416
2.0E9 0.0046789
3.0E9 0.00573461
