6.2414E7 0.0
6.5E7 0.0
7.0E7 6.52846E-5
7.5E7 0.00405089
8.0E7 0.0298235
8.5E7 0.0803128
9.0E7 0.121588
9.5E7 0.126471
1.0E8 0.100521
1.1E8 0.0461924
1.2E8 0.026278801
1.3E8 0.0188478
1.4E8 0.0142461
1.5E8 0.0105943
1.6E8 0.00958473
1.8E8 0.00858384
2.0E8 0.00800943
2.25E8 0.00709777
2.5E8 0.00659872
2.7E8 0.0062466
2.75E8 0.00616767
3.0E8 0.00577279
3.5E8 0.00503866
4.0E8 0.00432537
4.2E8 0.00404383
4.5E8 0.00383997
5.0E8 0.00343581
5.5E8 0.00322679
6.0E8 0.00293036
6.4E8 0.00271007
6.5E8 0.00266462
7.0E8 0.00240074
7.5E8 0.00231201
8.0E8 0.00223303
9.0E8 0.00195714
1.0E9 0.00166888
1.2E9 0.001279
1.5E9 0.00106607
2.0E9 0.00103517
3.0E9 8.76088E-4
