0.0 0.0
9.5E7 0.0
1.0E8 5.24647E-7
1.1E8 7.31361E-7
1.2E8 8.66575E-7
1.3E8 9.0489E-7
1.4E8 9.13096E-7
1.5E8 9.27289E-7
1.6E8 9.58951E-7
1.8E8 1.06205E-6
2.0E8 1.17789E-6
2.2E8 1.28753E-6
2.25E8 1.30829E-6
2.4E8 1.34899E-6
2.5E8 1.55249E-6
2.5E8 1.55249E-6
2.75E8 2.05731E-6
3.0E8 2.3526E-6
3.5E8 2.82781E-6
4.0E8 3.10044E-6
4.5E8 3.26493E-6
5.0E8 3.48894E-6
5.5E8 3.83581E-6
6.0E8 4.05178E-6
6.5E8 3.84016E-6
7.0E8 3.63423E-6
7.5E8 3.82017E-6
8.0E8 4.02626E-6
9.0E8 3.72858E-6
1.0E9 3.19621E-6
1.2E9 2.46791E-6
1.5E9 2.18027E-6
2.0E9 2.72607E-6
2.5E9 3.24378E-6
3.0E9 3.37849E-6
