0.0 0.0
9.5E7 0.0
1.0E8 4.94072E-7
1.1E8 1.17338E-6
1.2E8 2.09174E-6
1.3E8 3.00249E-6
1.4E8 3.91863E-6
1.5E8 4.79445E-6
1.6E8 5.47253E-6
1.8E8 6.36998E-6
2.0E8 7.0592E-6
2.2E8 7.6968E-6
2.25E8 7.84972E-6
2.4E8 8.27708E-6
2.5E8 9.49391E-6
2.5E8 9.49391E-6
2.75E8 1.15418E-5
3.0E8 1.24742E-5
3.5E8 1.47727E-5
4.0E8 1.8492E-5
4.5E8 2.33965E-5
5.0E8 2.93524E-5
5.5E8 3.65217E-5
6.0E8 4.10511E-5
6.5E8 3.86064E-5
7.0E8 3.54317E-5
7.5E8 3.71194E-5
8.0E8 4.15575E-5
9.0E8 5.13348E-5
1.0E9 5.9252E-5
1.2E9 6.58865E-5
1.5E9 6.92231E-5
2.0E9 7.50733E-5
2.5E9 8.40874E-5
3.0E9 9.49798E-5
