0.0 0.0
9.5E7 0.0
1.0E8 2.85031E-6
1.1E8 3.3406E-6
1.2E8 3.61083E-6
1.3E8 3.75904E-6
1.4E8 3.87324E-6
1.5E8 3.95084E-6
1.6E8 3.99633E-6
1.8E8 4.1001E-6
2.0E8 4.30686E-6
2.2E8 4.6116E-6
2.25E8 4.68686E-6
2.4E8 4.88351E-6
2.5E8 4.99428E-6
2.75E8 5.16266E-6
3.0E8 5.17161E-6
3.5E8 4.93737E-6
4.0E8 4.62619E-6
4.5E8 4.36303E-6
5.0E8 4.20121E-6
5.5E8 4.08378E-6
6.0E8 3.92578E-6
6.5E8 3.63618E-6
7.0E8 3.40044E-6
7.5E8 3.3214E-6
8.0E8 3.16837E-6
9.0E8 2.75194E-6
1.0E9 2.44736E-6
1.2E9 1.98127E-6
1.5E9 1.56029E-6
2.0E9 1.28833E-6
2.5E9 1.23093E-6
3.0E9 1.23093E-6
