4.61242E7 0.0
5.0E7 4.57667E-5
5.5E7 0.017686
6.0E7 0.126075
6.5E7 0.255405
7.0E7 0.287912
7.5E7 0.228386
8.0E7 0.144488
8.5E7 0.0876976
9.0E7 0.0587616
9.5E7 0.044842
1.0E8 0.0368805
1.1E8 0.0265347
1.2E8 0.0200862
1.3E8 0.0156592
1.4E8 0.0123079
1.5E8 0.00973688
1.6E8 0.00913009
1.8E8 0.00843809
2.0E8 0.0080104
2.25E8 0.00758165
2.5E8 0.00729942
2.75E8 0.00710921
3.0E8 0.00673677
3.5E8 0.00623313
4.0E8 0.00566211
4.5E8 0.00504601
5.0E8 0.00460958
5.5E8 0.00408538
6.0E8 0.00375696
6.5E8 0.00347524
7.0E8 0.00316309
7.5E8 0.00291122
8.0E8 0.00272334
9.0E8 0.00242095
1.0E9 0.00190665
1.2E9 0.00149334
1.5E9 0.0012698
2.0E9 0.00116352
3.0E9 0.00103981
