2.18161E7 0.0
2.2E7 4.18216E-7
2.4E7 0.0179334
2.8E7 0.282807
3.0E7 0.409926
3.2E7 0.489551
3.4E7 0.524545
3.6E7 0.519415
3.8E7 0.464328
4.0E7 0.372051
4.5E7 0.170934
5.0E7 0.09499529
5.5E7 0.0700475
6.0E7 0.0578339
6.5E7 0.0496288
7.0E7 0.0434639
7.5E7 0.0385683
8.0E7 0.0347862
8.5E7 0.0315408
9.0E7 0.0286761
9.5E7 0.0261835
1.0E8 0.0242553
1.1E8 0.0211023
1.2E8 0.0184283
1.3E8 0.0165996
1.4E8 0.0151371
1.5E8 0.013829
1.6E8 0.0135824
1.8E8 0.0133851
2.0E8 0.01325
2.25E8 0.0125703
2.5E8 0.0119623
2.75E8 0.0114123
3.0E8 0.0109101
3.5E8 0.0100206
4.0E8 0.00925
4.5E8 0.0085703
5.0E8 0.00796229
5.5E8 0.00741227
6.0E8 0.00691015
6.5E8 0.00644824
7.0E8 0.00602058
7.5E8 0.00562244
8.0E8 0.00525
9.0E8 0.00439729
1.0E9 0.00375258
1.2E9 0.00285219
1.5E9 0.00203868
1.6E9 0.00185
2.0E9 0.00142279
3.0E9 7.64357E-4
