5.34648E7 0.0
5.5E7 0.0
6.0E7 1.73162E-4
6.5E7 0.0058768005
7.0E7 0.0353782
7.5E7 0.0980753
8.0E7 0.140485
8.5E7 0.12739
9.0E7 0.0856488
9.5E7 0.0529172
1.0E8 0.0342629
1.1E8 0.0319265
1.2E8 0.0299329
1.3E8 0.0282091
1.4E8 0.0267018
1.5E8 0.0253709
1.6E8 0.0241861
1.8E8 0.0221647
2.0E8 0.0205
2.25E8 0.0195774
2.5E8 0.0189173
2.75E8 0.0182894
3.0E8 0.0180915
3.5E8 0.0164244
4.0E8 0.0152333
4.5E8 0.0135996
5.0E8 0.011993
5.5E8 0.0104322
6.0E8 0.00951488
6.5E8 0.00843994
7.0E8 0.00775792
7.5E8 0.00721322
8.0E8 0.00631012
9.0E8 0.00552686
1.0E9 0.00447998
1.2E9 0.00318582
1.5E9 0.00258878
2.0E9 0.00188842
3.0E9 0.00130282
