192.54 29.9 1.6 0.48999998
177.28 33.2 1.6 0.52
163.49 36.4 1.7 0.54
148.86 39.0 1.7 0.58
134.08 42.9 1.9 0.62
120.02 46.6 2.2 0.67
104.49 55.7 2.9 0.74
90.94 60.6 3.0 0.52
79.03 54.3 2.9 0.57
72.22 72.5 3.5 0.61
66.81 82.8 3.9 0.65
62.73 89.7 4.2 0.68
57.11 91.9 4.4 0.73
55.21 94.2 4.5 0.75
55.2 91.1 4.2 1.3
53.24 93.6 4.5 0.77
52.2 94.0 4.2 0.14
51.22 97.5 4.7 0.8
49.9 103.7 4.5 0.14
47.3 112.6 4.8 0.15
45.8 125.9 5.4 0.15
43.9 137.7 5.9 0.16
42.3 156.9 6.7 0.16
38.4 179.8 7.7 0.17
36.7 187.4 8.2 0.18
