4000000.0 1.0E-5
4100000.0 1.1000001E-4
4200000.0 0.0022
4300000.0 0.00609
4400000.0 0.01154
4500000.0 0.01825
4600000.0 0.02583
4700000.0 0.03401
4800000.0 0.04256
4900000.0 0.05123
5000000.0 0.0598
5100000.0 0.06807
5200000.0 0.076
5300000.0 0.08362
5400000.0 0.09092
5500000.0 0.09792
5600000.0 0.10463
5700000.0 0.11107
5800000.0 0.11723
5900000.0 0.12314
6000000.0 0.12881
6100000.0 0.13424
6200000.0 0.13945
6300000.0 0.14448
6400000.0 0.14932
6500000.0 0.15402
6600000.0 0.15858
6700000.0 0.16303
6800000.0 0.16738
6900000.0 0.17167
7000000.0 0.1759
7100000.0 0.1801
7200000.0 0.18427
7300000.0 0.18842
7400000.0 0.19254
7500000.0 0.19666
7600000.0 0.20076
7700000.0 0.20485
7800000.0 0.20894
7900000.0 0.21303
8000000.0 0.21712
8100000.0 0.22122
8200000.0 0.22533
8300000.0 0.22944
8400000.0 0.23356
8500000.0 0.23768
8600000.0 0.24181
8700000.0 0.24594
8800000.0 0.25007
8900000.0 0.2542
9000000.0 0.25834
9100000.0 0.26247
9200000.0 0.2666
9300000.0 0.27071
9400000.0 0.2748
9500000.0 0.27886
9600000.0 0.28289
9700000.0 0.28688
9800000.0 0.29081
9900000.0 0.29469
1.0E7 0.29851
1.01E7 0.30226
1.02E7 0.30592
1.03E7 0.30949
1.04E7 0.31295
1.05E7 0.31629
1.06E7 0.31949
1.07E7 0.32254
1.08E7 0.32544
1.09E7 0.32816
1.1E7 0.33069
1.11E7 0.33303
1.12E7 0.33516
1.13E7 0.33706
1.14E7 0.33873
1.15E7 0.34015
1.16E7 0.34131
1.17E7 0.34221
1.18E7 0.34282
1.19E7 0.34314
1.2E7 0.34315
1.21E7 0.34285
1.22E7 0.34223
1.23E7 0.3413
1.24E7 0.34006
1.25E7 0.3385
1.26E7 0.33664
1.27E7 0.33447
1.28E7 0.33199
1.29E7 0.3292
1.3E7 0.32611
1.31E7 0.32272
1.32E7 0.31905
1.33E7 0.3151
1.34E7 0.31091
1.35E7 0.30647
1.36E7 0.30182
1.37E7 0.29696
1.38E7 0.29192
1.39E7 0.2867
1.4E7 0.28133
1.41E7 0.27582
1.42E7 0.27019
1.43E7 0.26446
1.44E7 0.25863
1.45E7 0.25274
1.46E7 0.2468
1.47E7 0.24083
1.48E7 0.23483
1.49E7 0.22884
1.5E7 0.22286
1.51E7 0.21692
1.52E7 0.21102
1.53E7 0.20517
1.54E7 0.19938
1.55E7 0.19366
1.56E7 0.18801
1.57E7 0.18245
1.58E7 0.17698
1.59E7 0.1716
1.6E7 0.16634
1.61E7 0.16119
1.62E7 0.15615
1.63E7 0.15124
1.64E7 0.14644
1.65E7 0.14176
1.66E7 0.1372
1.67E7 0.13276
1.68E7 0.12844
1.69E7 0.12425
1.7E7 0.12018
1.71E7 0.11623
1.72E7 0.1124
1.73E7 0.10869
1.74E7 0.10509
1.75E7 0.10162
1.76E7 0.09825
1.77E7 0.095
1.78E7 0.09185
1.79E7 0.08881
1.8E7 0.08588
1.81E7 0.08305
1.82E7 0.08031
1.83E7 0.07768
1.84E7 0.07514
1.85E7 0.07269
1.86E7 0.07033
1.87E7 0.06806
1.88E7 0.06587
1.89E7 0.06376
1.9E7 0.06174
1.91E7 0.05979
1.92E7 0.05792
1.93E7 0.05612
1.94E7 0.05439
1.95E7 0.05274
1.96E7 0.05115
1.97E7 0.04962
1.98E7 0.04816
1.99E7 0.04675
2.0E7 0.04541
2.01E7 0.04412
2.02E7 0.04289
2.03E7 0.04172
2.04E7 0.04059
2.05E7 0.03952
2.06E7 0.03849
2.07E7 0.03751
2.08E7 0.03658
2.09E7 0.03569
2.1E7 0.03485
2.11E7 0.03405
2.12E7 0.03329
2.13E7 0.03257
2.14E7 0.03188
2.15E7 0.03124
2.16E7 0.03063
2.17E7 0.03005
2.18E7 0.02952
2.19E7 0.02901
2.2E7 0.02853
2.21E7 0.02809
2.22E7 0.02768
2.23E7 0.0273
2.24E7 0.02694
2.25E7 0.02662
2.26E7 0.02632
2.27E7 0.02605
2.28E7 0.0258
2.29E7 0.02558
2.3E7 0.02538
2.31E7 0.02521
2.32E7 0.02506
2.33E7 0.02494
2.34E7 0.02483
2.35E7 0.02475
2.36E7 0.02469
2.37E7 0.02465
2.38E7 0.02463
2.39E7 0.02462
2.4E7 0.02464
2.41E7 0.02468
2.42E7 0.02473
2.43E7 0.0248
2.44E7 0.02489
2.45E7 0.025
2.46E7 0.02512
2.47E7 0.02525
2.48E7 0.02541
2.49E7 0.02557
2.5E7 0.02575
2.51E7 0.02595
2.52E7 0.02616
2.53E7 0.02638
2.54E7 0.02662
2.55E7 0.02687
2.56E7 0.02713
2.57E7 0.0274
2.58E7 0.02769
2.59E7 0.02798
2.6E7 0.02829
2.61E7 0.0286
2.62E7 0.02893
2.63E7 0.02926
2.64E7 0.02961
2.65E7 0.02996
2.66E7 0.03032
2.67E7 0.03069
2.68E7 0.03107
2.69E7 0.03145
2.7E7 0.03184
2.71E7 0.03224
2.72E7 0.03264
2.73E7 0.03304
2.74E7 0.03346
2.75E7 0.03387
2.76E7 0.0343
2.77E7 0.03472
2.78E7 0.03515
2.79E7 0.03558
2.8E7 0.03601
2.81E7 0.03645
2.82E7 0.03689
2.83E7 0.03733
2.84E7 0.03776
2.85E7 0.0382
2.86E7 0.03864
2.87E7 0.03908
2.88E7 0.03952
2.89E7 0.03996
2.9E7 0.04039
2.91E7 0.04082
2.92E7 0.04125
2.93E7 0.04168
2.94E7 0.0421
2.95E7 0.04252
2.96E7 0.04293
2.97E7 0.04334
2.98E7 0.04375
2.99E7 0.04415
3.0E7 0.04454
3.01E7 0.04493
3.02E7 0.04531
3.03E7 0.04568
3.04E7 0.04604
3.05E7 0.0464
3.06E7 0.04675
3.07E7 0.04709
3.08E7 0.04743
3.09E7 0.04775
3.1E7 0.04807
3.11E7 0.04837
3.12E7 0.04867
3.13E7 0.04896
3.14E7 0.04923
3.15E7 0.0495
3.16E7 0.04976
3.17E7 0.05
3.18E7 0.05023
3.19E7 0.05046
3.2E7 0.05067
3.21E7 0.05087
3.22E7 0.05106
3.23E7 0.05124
3.24E7 0.0514
3.25E7 0.05156
3.26E7 0.0517
3.27E7 0.05184
3.28E7 0.05196
3.29E7 0.05207
3.3E7 0.05217
3.31E7 0.05226
3.32E7 0.05233
3.33E7 0.0524
3.34E7 0.05246
3.35E7 0.0525
3.36E7 0.05253
3.37E7 0.05256
3.38E7 0.05257
3.39E7 0.05257
3.4E7 0.05257
3.41E7 0.05255
3.42E7 0.05252
3.43E7 0.05248
3.44E7 0.05243
3.45E7 0.05237
3.46E7 0.05231
3.47E7 0.05223
3.48E7 0.05214
3.49E7 0.05205
3.5E7 0.05195
3.51E7 0.05184
3.52E7 0.05172
3.53E7 0.05159
3.54E7 0.05146
3.55E7 0.05131
3.56E7 0.05117
3.57E7 0.05101
3.58E7 0.05085
3.59E7 0.05068
3.6E7 0.05051
3.61E7 0.05033
3.62E7 0.05014
3.63E7 0.04995
3.64E7 0.04975
3.65E7 0.04955
3.66E7 0.04934
3.67E7 0.04913
3.68E7 0.04891
3.69E7 0.04869
3.7E7 0.04847
3.71E7 0.04824
3.72E7 0.04801
3.73E7 0.04777
3.74E7 0.04753
3.75E7 0.04729
3.76E7 0.04705
3.77E7 0.0468
3.78E7 0.04655
3.79E7 0.0463
3.8E7 0.04605
3.81E7 0.04579
3.82E7 0.04553
3.83E7 0.04527
3.84E7 0.04501
3.85E7 0.04475
3.86E7 0.04449
3.87E7 0.04422
3.88E7 0.04396
3.89E7 0.04369
3.9E7 0.04342
3.91E7 0.04315
3.92E7 0.04289
3.93E7 0.04262
3.94E7 0.04235
3.95E7 0.04208
3.96E7 0.04181
3.97E7 0.04154
3.98E7 0.04127
3.99E7 0.041
4.0E7 0.04073
4.01E7 0.04047
4.02E7 0.0402
4.03E7 0.03993
4.04E7 0.03967
4.05E7 0.0394
4.06E7 0.03914
4.07E7 0.03887
4.08E7 0.03861
4.09E7 0.03835
4.1E7 0.03809
4.11E7 0.03783
4.12E7 0.03757
4.13E7 0.03731
4.14E7 0.03706
4.15E7 0.0368
4.16E7 0.03655
4.17E7 0.03629
4.18E7 0.03604
4.19E7 0.03579
4.2E7 0.03555
4.21E7 0.0353
4.22E7 0.03505
4.23E7 0.03481
4.24E7 0.03457
4.25E7 0.03433
4.26E7 0.03409
4.27E7 0.03385
4.28E7 0.03362
4.29E7 0.03338
4.3E7 0.03315
4.31E7 0.03292
4.32E7 0.03269
4.33E7 0.03246
4.34E7 0.03224
4.35E7 0.03201
4.36E7 0.03179
4.37E7 0.03157
4.38E7 0.03135
4.39E7 0.03113
4.4E7 0.03092
4.41E7 0.0307
4.42E7 0.03049
4.43E7 0.03028
4.44E7 0.03007
4.45E7 0.02987
4.46E7 0.02966
4.47E7 0.02946
4.48E7 0.02926
4.49E7 0.02906
4.5E7 0.02886
4.51E7 0.02866
4.52E7 0.02847
4.53E7 0.02828
4.54E7 0.02808
4.55E7 0.02789
4.56E7 0.02771
4.57E7 0.02752
4.58E7 0.02734
4.59E7 0.02715
4.6E7 0.02697
4.61E7 0.02679
4.62E7 0.02661
4.63E7 0.02644
4.64E7 0.02626
4.65E7 0.02609
4.66E7 0.02592
4.67E7 0.02575
4.68E7 0.02558
4.69E7 0.02541
4.7E7 0.02525
4.71E7 0.02508
4.72E7 0.02492
4.73E7 0.02476
4.74E7 0.0246
4.75E7 0.02445
4.76E7 0.02429
4.77E7 0.02413
4.78E7 0.02398
4.79E7 0.02383
4.8E7 0.02368
4.81E7 0.02353
4.82E7 0.02338
4.83E7 0.02324
4.84E7 0.02309
4.85E7 0.02295
4.86E7 0.02281
4.87E7 0.02267
4.88E7 0.02253
4.89E7 0.02239
4.9E7 0.02225
4.91E7 0.02212
4.92E7 0.02198
4.93E7 0.02185
4.94E7 0.02172
4.95E7 0.02159
4.96E7 0.02146
4.97E7 0.02133
4.98E7 0.02121
4.99E7 0.02108
5.0E7 0.02096
5.01E7 0.02083
5.02E7 0.02071
5.03E7 0.02059
5.04E7 0.02047
5.05E7 0.02035
5.06E7 0.02024
5.07E7 0.02012
5.08E7 0.02
5.09E7 0.01989
5.1E7 0.01978
5.11E7 0.01967
5.12E7 0.01956
5.13E7 0.01945
5.14E7 0.01934
5.15E7 0.01923
5.16E7 0.01912
5.17E7 0.01902
5.18E7 0.01891
5.19E7 0.01881
5.2E7 0.01871
5.21E7 0.01861
5.22E7 0.0185
5.23E7 0.0184
5.24E7 0.01831
5.25E7 0.01821
5.26E7 0.01811
5.27E7 0.01802
5.28E7 0.01792
5.29E7 0.01783
5.3E7 0.01773
5.31E7 0.01764
5.32E7 0.01755
5.33E7 0.01746
5.34E7 0.01737
5.35E7 0.01728
5.36E7 0.01719
5.37E7 0.01711
5.38E7 0.01702
5.39E7 0.01693
5.4E7 0.01685
5.41E7 0.01676
5.42E7 0.01668
5.43E7 0.0166
5.44E7 0.01652
5.45E7 0.01644
5.46E7 0.01636
5.47E7 0.01628
5.48E7 0.0162
5.49E7 0.01612
5.5E7 0.01604
5.51E7 0.01597
5.52E7 0.01589
5.53E7 0.01582
5.54E7 0.01574
5.55E7 0.01567
5.56E7 0.01559
5.57E7 0.01552
5.58E7 0.01545
5.59E7 0.01538
5.6E7 0.01531
5.61E7 0.01524
5.62E7 0.01517
5.63E7 0.0151
5.64E7 0.01503
5.65E7 0.01496
5.66E7 0.0149
5.67E7 0.01483
5.68E7 0.01477
5.69E7 0.0147
5.7E7 0.01464
5.71E7 0.01457
5.72E7 0.01451
5.73E7 0.01445
5.74E7 0.01438
5.75E7 0.01432
5.76E7 0.01426
5.77E7 0.0142
5.78E7 0.01414
5.79E7 0.01408
5.8E7 0.01402
5.81E7 0.01396
5.82E7 0.01391
5.83E7 0.01385
5.84E7 0.01379
5.85E7 0.01374
5.86E7 0.01368
5.87E7 0.01362
5.88E7 0.01357
5.89E7 0.01352
5.9E7 0.01346
5.91E7 0.01341
5.92E7 0.01335
5.93E7 0.0133
5.94E7 0.01325
5.95E7 0.0132
5.96E7 0.01315
5.97E7 0.0131
5.98E7 0.01305
5.99E7 0.013
6.0E7 0.01295
6.01E7 0.0129
6.02E7 0.01285
6.03E7 0.0128
6.04E7 0.01275
6.05E7 0.01271
6.06E7 0.01266
6.07E7 0.01261
6.08E7 0.01257
6.09E7 0.01252
6.1E7 0.01247
6.11E7 0.01243
6.12E7 0.01238
6.13E7 0.01234
6.14E7 0.0123
6.15E7 0.01225
6.16E7 0.01221
6.17E7 0.01217
6.18E7 0.01212
6.19E7 0.01208
6.2E7 0.01204
6.21E7 0.012
6.22E7 0.01196
6.23E7 0.01192
6.24E7 0.01188
6.25E7 0.01184
6.26E7 0.0118
6.27E7 0.01176
6.28E7 0.01172
6.29E7 0.01168
6.3E7 0.01164
6.31E7 0.0116
6.32E7 0.01156
6.33E7 0.01153
6.34E7 0.01149
6.35E7 0.01145
6.36E7 0.01142
6.37E7 0.01138
6.38E7 0.01134
6.39E7 0.01131
6.4E7 0.01127
6.41E7 0.01124
6.42E7 0.0112
6.43E7 0.01117
6.44E7 0.01113
6.45E7 0.0111
6.46E7 0.01107
6.47E7 0.01103
6.48E7 0.011
6.49E7 0.01097
6.5E7 0.01093
6.51E7 0.0109
6.52E7 0.01087
6.53E7 0.01084
6.54E7 0.01081
6.55E7 0.01077
6.56E7 0.01074
6.57E7 0.01071
6.58E7 0.01068
6.59E7 0.01065
6.6E7 0.01062
6.61E7 0.01059
6.62E7 0.01056
6.63E7 0.01053
6.64E7 0.0105
6.65E7 0.01047
6.66E7 0.01044
6.67E7 0.01042
6.68E7 0.01039
6.69E7 0.01036
6.7E7 0.01033
6.71E7 0.0103
6.72E7 0.01028
6.73E7 0.01025
6.74E7 0.01022
6.75E7 0.01019
6.76E7 0.01017
6.77E7 0.01014
6.78E7 0.01012
6.79E7 0.01009
6.8E7 0.01006
6.81E7 0.01004
6.82E7 0.01001
6.83E7 0.00999
6.84E7 0.00996
6.85E7 0.00994
6.86E7 0.00991
6.87E7 0.00989
6.88E7 0.00986
6.89E7 0.00984
6.9E7 0.00982
6.91E7 0.00979
6.92E7 0.00977
6.93E7 0.00975
6.94E7 0.00972
6.95E7 0.0097
6.96E7 0.00968
6.97E7 0.00965
6.98E7 0.00963
6.99E7 0.00961
7.0E7 0.00959
7.01E7 0.00956
7.02E7 0.00954
7.03E7 0.00952
7.04E7 0.0095
7.05E7 0.00948
7.06E7 0.00946
7.07E7 0.00944
7.08E7 0.00941
7.09E7 0.00939
7.1E7 0.00937
7.11E7 0.00935
7.12E7 0.00933
7.13E7 0.00931
7.14E7 0.00929
7.15E7 0.00927
7.16E7 0.00925
7.17E7 0.00923
7.18E7 0.00921
7.19E7 0.00919
7.2E7 0.00918
7.21E7 0.00916
7.22E7 0.00914
7.23E7 0.00912
7.24E7 0.0091
7.25E7 0.00908
7.26E7 0.00906
7.27E7 0.00904
7.28E7 0.00903
7.29E7 0.00901
7.3E7 0.00899
7.31E7 0.00897
7.32E7 0.00896
7.33E7 0.00894
7.34E7 0.00892
7.35E7 0.0089
7.36E7 0.00889
7.37E7 0.00887
7.38E7 0.00885
7.39E7 0.00884
7.4E7 0.00882
7.41E7 0.0088
7.42E7 0.00879
7.43E7 0.00877
7.44E7 0.00875
7.45E7 0.00874
7.46E7 0.00872
7.47E7 0.00871
7.48E7 0.00869
7.49E7 0.00868
7.5E7 0.00866
7.51E7 0.00865
7.52E7 0.00863
7.53E7 0.00862
7.54E7 0.0086
7.55E7 0.00859
7.56E7 0.00857
7.57E7 0.00856
7.58E7 0.00854
7.59E7 0.00853
7.6E7 0.00851
7.61E7 0.0085
7.62E7 0.00848
7.63E7 0.00847
7.64E7 0.00846
7.65E7 0.00844
7.66E7 0.00843
7.67E7 0.00841
7.68E7 0.0084
7.69E7 0.00839
7.7E7 0.00837
7.71E7 0.00836
7.72E7 0.00835
7.73E7 0.00833
7.74E7 0.00832
7.75E7 0.00831
7.76E7 0.0083
7.77E7 0.00828
7.78E7 0.00827
7.79E7 0.00826
7.8E7 0.00824
7.81E7 0.00823
7.82E7 0.00822
7.83E7 0.00821
7.84E7 0.0082
7.85E7 0.00818
7.86E7 0.00817
7.87E7 0.00816
7.88E7 0.00815
7.89E7 0.00814
7.9E7 0.00812
7.91E7 0.00811
7.92E7 0.0081
7.93E7 0.00809
7.94E7 0.00808
7.95E7 0.00807
7.96E7 0.00806
7.97E7 0.00804
7.98E7 0.00803
7.99E7 0.00802
8.0E7 0.00801
8.01E7 0.008
8.02E7 0.00799
8.03E7 0.00798
8.04E7 0.00797
8.05E7 0.00796
8.06E7 0.00795
8.07E7 0.00794
8.08E7 0.00793
8.09E7 0.00792
8.1E7 0.00791
8.11E7 0.0079
8.12E7 0.00789
8.13E7 0.00788
8.14E7 0.00787
8.15E7 0.00786
8.16E7 0.00785
8.17E7 0.00784
8.18E7 0.00783
8.19E7 0.00782
8.2E7 0.00781
8.21E7 0.0078
8.22E7 0.00779
8.23E7 0.00778
8.24E7 0.00777
8.25E7 0.00776
8.26E7 0.00775
8.27E7 0.00774
8.28E7 0.00773
8.29E7 0.00772
8.3E7 0.00771
8.31E7 0.0077
8.32E7 0.0077
8.33E7 0.00769
8.34E7 0.00768
8.35E7 0.00767
8.36E7 0.00766
8.37E7 0.00765
8.38E7 0.00764
8.39E7 0.00764
8.4E7 0.00763
8.41E7 0.00762
8.42E7 0.00761
8.43E7 0.0076
8.44E7 0.00759
8.45E7 0.00759
8.46E7 0.00758
8.47E7 0.00757
8.48E7 0.00756
8.49E7 0.00755
8.5E7 0.00755
8.51E7 0.00754
8.52E7 0.00753
8.53E7 0.00752
8.54E7 0.00751
8.55E7 0.00751
8.56E7 0.0075
8.57E7 0.00749
8.58E7 0.00748
8.59E7 0.00748
8.6E7 0.00747
8.61E7 0.00746
8.62E7 0.00746
8.63E7 0.00745
8.64E7 0.00744
8.65E7 0.00743
8.66E7 0.00743
8.67E7 0.00742
8.68E7 0.00741
8.69E7 0.00741
8.7E7 0.0074
8.71E7 0.00739
8.72E7 0.00739
8.73E7 0.00738
8.74E7 0.00737
8.75E7 0.00737
8.76E7 0.00736
8.77E7 0.00735
8.78E7 0.00735
8.79E7 0.00734
8.8E7 0.00733
8.81E7 0.00733
8.82E7 0.00732
8.83E7 0.00731
8.84E7 0.00731
8.85E7 0.0073
8.86E7 0.0073
8.87E7 0.00729
8.88E7 0.00728
8.89E7 0.00728
8.9E7 0.00727
8.91E7 0.00727
8.92E7 0.00726
8.93E7 0.00726
8.94E7 0.00725
8.95E7 0.00724
8.96E7 0.00724
8.97E7 0.00723
8.98E7 0.00723
8.99E7 0.00722
9.0E7 0.00722
9.01E7 0.00721
9.02E7 0.0072
9.03E7 0.0072
9.04E7 0.00719
9.05E7 0.00719
9.06E7 0.00718
9.07E7 0.00718
9.08E7 0.00717
9.09E7 0.00717
9.1E7 0.00716
9.11E7 0.00716
9.12E7 0.00715
9.13E7 0.00715
9.14E7 0.00714
9.15E7 0.00714
9.16E7 0.00713
9.17E7 0.00713
9.18E7 0.00712
9.19E7 0.00712
9.2E7 0.00711
9.21E7 0.00711
9.22E7 0.0071
9.23E7 0.0071
9.24E7 0.00709
9.25E7 0.00709
9.26E7 0.00709
9.27E7 0.00708
9.28E7 0.00708
9.29E7 0.00707
9.3E7 0.00707
9.31E7 0.00706
9.32E7 0.00706
9.33E7 0.00705
9.34E7 0.00705
9.35E7 0.00704
9.36E7 0.00704
9.37E7 0.00704
9.38E7 0.00703
9.39E7 0.00703
9.4E7 0.00702
9.41E7 0.00702
9.42E7 0.00701
9.43E7 0.00701
9.44E7 0.00701
9.45E7 0.007
9.46E7 0.007
9.47E7 0.00699
9.48E7 0.00699
9.49E7 0.00699
9.5E7 0.00698
9.51E7 0.00698
9.52E7 0.00697
9.53E7 0.00697
9.54E7 0.00697
9.55E7 0.00696
9.56E7 0.00696
9.57E7 0.00695
9.58E7 0.00695
9.59E7 0.00695
9.6E7 0.00694
9.61E7 0.00694
9.62E7 0.00694
9.63E7 0.00693
9.64E7 0.00693
9.65E7 0.00692
9.66E7 0.00692
9.67E7 0.00692
9.68E7 0.00691
9.69E7 0.00691
9.7E7 0.00691
9.71E7 0.0069
9.72E7 0.0069
9.73E7 0.00689
9.74E7 0.00689
9.75E7 0.00689
9.76E7 0.00688
9.77E7 0.00688
9.78E7 0.00688
9.79E7 0.00687
9.8E7 0.00687
9.81E7 0.00686
9.82E7 0.00686
9.83E7 0.00686
9.84E7 0.00685
9.85E7 0.00685
9.86E7 0.00685
9.87E7 0.00684
9.88E7 0.00684
9.89E7 0.00684
9.9E7 0.00683
9.91E7 0.00683
9.92E7 0.00683
9.93E7 0.00682
9.94E7 0.00682
9.95E7 0.00682
9.96E7 0.00681
9.97E7 0.00681
9.98E7 0.0068
9.99E7 0.0068
1.0E8 0.0068
