4.3E7 2.3E-5
4.31E7 2.3E-5
4.32E7 2.3E-5
4.33E7 2.3E-5
4.34E7 2.4E-5
4.35E7 2.4E-5
4.36E7 2.5E-5
4.37E7 2.5E-5
4.38E7 2.6E-5
4.39E7 2.6E-5
4.4E7 2.7E-5
4.41E7 2.8E-5
4.42E7 2.9E-5
4.43E7 3.1E-5
4.44E7 3.2E-5
4.45E7 3.3E-5
4.46E7 3.5E-5
4.47E7 3.6E-5
4.48E7 3.8E-5
4.49E7 3.9E-5
4.5E7 4.1E-5
4.51E7 4.2E-5
4.52E7 4.4E-5
4.53E7 4.6E-5
4.54E7 4.7E-5
4.55E7 4.9E-5
4.56E7 5.1E-5
4.57E7 5.3E-5
4.58E7 5.5E-5
4.59E7 5.7E-5
4.6E7 5.9E-5
4.61E7 6.1E-5
4.62E7 6.4E-5
4.63E7 6.6E-5
4.64E7 6.9E-5
4.65E7 7.2E-5
4.66E7 7.5E-5
4.67E7 7.8E-5
4.68E7 8.0E-5
4.69E7 8.3E-5
4.7E7 8.6E-5
4.71E7 8.9E-5
4.72E7 9.2E-5
4.73E7 9.5E-5
4.74E7 9.8E-5
4.75E7 1.0E-4
4.76E7 1.0E-4
4.77E7 1.1E-4
4.78E7 1.1E-4
4.79E7 1.1E-4
4.8E7 1.1E-4
4.81E7 1.2E-4
4.82E7 1.2E-4
4.83E7 1.2E-4
4.84E7 1.2E-4
4.85E7 1.3E-4
4.86E7 1.3E-4
4.87E7 1.3E-4
4.88E7 1.3E-4
4.89E7 1.4E-4
4.9E7 1.4E-4
4.91E7 1.4E-4
4.92E7 1.5E-4
4.93E7 1.5E-4
4.94E7 1.6E-4
4.95E7 1.6E-4
4.96E7 1.7E-4
4.97E7 1.8E-4
4.98E7 1.8E-4
4.99E7 1.9E-4
5.0E7 2.0E-4
5.01E7 2.0E-4
5.02E7 2.1E-4
5.03E7 2.2E-4
5.04E7 2.2E-4
5.05E7 2.3E-4
5.06E7 2.4E-4
5.07E7 2.5E-4
5.08E7 2.5E-4
5.09E7 2.6E-4
5.1E7 2.7E-4
5.11E7 2.8E-4
5.12E7 2.9E-4
5.13E7 3.0E-4
5.14E7 3.1E-4
5.15E7 3.2E-4
5.16E7 3.4E-4
5.17E7 3.5E-4
5.18E7 3.6E-4
5.19E7 3.8E-4
5.2E7 3.9E-4
5.21E7 4.1E-4
5.22E7 4.2E-4
5.23E7 4.4E-4
5.24E7 4.6E-4
5.25E7 4.7E-4
5.26E7 4.9E-4
5.27E7 5.1E-4
5.28E7 5.3E-4
5.29E7 5.5E-4
5.3E7 5.7E-4
5.31E7 5.9E-4
5.32E7 6.2E-4
5.33E7 6.4E-4
5.34E7 6.6E-4
5.35E7 6.9E-4
5.36E7 7.2E-4
5.37E7 7.4E-4
5.38E7 7.7E-4
5.39E7 8.0E-4
5.4E7 8.3E-4
5.41E7 8.6E-4
5.42E7 9.0E-4
5.43E7 9.3E-4
5.44E7 9.7E-4
5.45E7 0.001
5.46E7 0.00104
5.47E7 0.00108
5.48E7 0.00112
5.49E7 0.00116
5.5E7 0.0012
5.51E7 0.00124
5.52E7 0.00128
5.53E7 0.00132
5.54E7 0.00137
5.55E7 0.00141
5.56E7 0.00145
5.57E7 0.0015
5.58E7 0.00155
5.59E7 0.00159
5.6E7 0.00164
5.61E7 0.00169
5.62E7 0.00175
5.63E7 0.0018
5.64E7 0.00185
5.65E7 0.00191
5.66E7 0.00197
5.67E7 0.00203
5.68E7 0.00209
5.69E7 0.00215
5.7E7 0.00221
5.71E7 0.00227
5.72E7 0.00233
5.73E7 0.0024
5.74E7 0.00246
5.75E7 0.00253
5.76E7 0.00259
5.77E7 0.00266
5.78E7 0.00273
5.79E7 0.00281
5.8E7 0.00288
5.81E7 0.00296
5.82E7 0.00303
5.83E7 0.00311
5.84E7 0.00319
5.85E7 0.00327
5.86E7 0.00335
5.87E7 0.00343
5.88E7 0.00351
5.89E7 0.0036
5.9E7 0.00368
5.91E7 0.00376
5.92E7 0.00385
5.93E7 0.00393
5.94E7 0.00401
5.95E7 0.0041
5.96E7 0.00418
5.97E7 0.00427
5.98E7 0.00436
5.99E7 0.00444
6.0E7 0.00454
6.01E7 0.00463
6.02E7 0.00472
6.03E7 0.00482
6.04E7 0.00492
6.05E7 0.00502
6.06E7 0.00512
6.07E7 0.00522
6.08E7 0.00532
6.09E7 0.00542
6.1E7 0.00552
6.11E7 0.00562
6.12E7 0.00572
6.13E7 0.00582
6.14E7 0.00592
6.15E7 0.00602
6.16E7 0.00612
6.17E7 0.00622
6.18E7 0.00632
6.19E7 0.00643
6.2E7 0.00653
6.21E7 0.00663
6.22E7 0.00674
6.23E7 0.00684
6.24E7 0.00695
6.25E7 0.00705
6.26E7 0.00716
6.27E7 0.00726
6.28E7 0.00737
6.29E7 0.00748
6.3E7 0.00759
6.31E7 0.00769
6.32E7 0.0078
6.33E7 0.00791
6.34E7 0.00801
6.35E7 0.00812
6.36E7 0.00823
6.37E7 0.00833
6.38E7 0.00844
6.39E7 0.00855
6.4E7 0.00866
6.41E7 0.00876
6.42E7 0.00887
6.43E7 0.00898
6.44E7 0.00908
6.45E7 0.00919
6.46E7 0.00929
6.47E7 0.0094
6.48E7 0.0095
6.49E7 0.0096
6.5E7 0.0097
6.51E7 0.0098
6.52E7 0.0099
6.53E7 0.01
6.54E7 0.01009
6.55E7 0.01019
6.56E7 0.01028
6.57E7 0.01037
6.58E7 0.01046
6.59E7 0.01055
6.6E7 0.01064
6.61E7 0.01073
6.62E7 0.01082
6.63E7 0.0109
6.64E7 0.01099
6.65E7 0.01108
6.66E7 0.01116
6.67E7 0.01124
6.68E7 0.01132
6.69E7 0.0114
6.7E7 0.01148
6.71E7 0.01156
6.72E7 0.01164
6.73E7 0.01171
6.74E7 0.01179
6.75E7 0.01186
6.76E7 0.01193
6.77E7 0.012
6.78E7 0.01207
6.79E7 0.01213
6.8E7 0.0122
6.81E7 0.01226
6.82E7 0.01232
6.83E7 0.01238
6.84E7 0.01243
6.85E7 0.01249
6.86E7 0.01254
6.87E7 0.01259
6.88E7 0.01264
6.89E7 0.01268
6.9E7 0.01273
6.91E7 0.01277
6.92E7 0.01281
6.93E7 0.01284
6.94E7 0.01288
6.95E7 0.01292
6.96E7 0.01295
6.97E7 0.01298
6.98E7 0.01301
6.99E7 0.01303
7.0E7 0.01306
7.01E7 0.01308
7.02E7 0.0131
7.03E7 0.01312
7.04E7 0.01314
7.05E7 0.01316
7.06E7 0.01318
7.07E7 0.01319
7.08E7 0.01321
7.09E7 0.01322
7.1E7 0.01323
7.11E7 0.01324
7.12E7 0.01325
7.13E7 0.01326
7.14E7 0.01327
7.15E7 0.01328
7.16E7 0.01329
7.17E7 0.01329
7.18E7 0.0133
7.19E7 0.01331
7.2E7 0.01331
7.21E7 0.01332
7.22E7 0.01332
7.23E7 0.01333
7.24E7 0.01333
7.25E7 0.01333
7.26E7 0.01333
7.27E7 0.01334
7.28E7 0.01334
7.29E7 0.01334
7.3E7 0.01334
7.31E7 0.01334
7.32E7 0.01334
7.33E7 0.01334
7.34E7 0.01334
7.35E7 0.01334
7.36E7 0.01333
7.37E7 0.01333
7.38E7 0.01333
7.39E7 0.01332
7.4E7 0.01332
7.41E7 0.01331
7.42E7 0.01331
7.43E7 0.0133
7.44E7 0.0133
7.45E7 0.01329
7.46E7 0.01328
7.47E7 0.01327
7.48E7 0.01327
7.49E7 0.01326
7.5E7 0.01325
7.51E7 0.01324
7.52E7 0.01323
7.53E7 0.01322
7.54E7 0.01321
7.55E7 0.0132
7.56E7 0.01318
7.57E7 0.01317
7.58E7 0.01316
7.59E7 0.01314
7.6E7 0.01313
7.61E7 0.01312
7.62E7 0.0131
7.63E7 0.01309
7.64E7 0.01307
7.65E7 0.01306
7.66E7 0.01304
7.67E7 0.01303
7.68E7 0.01301
7.69E7 0.01299
7.7E7 0.01298
7.71E7 0.01296
7.72E7 0.01294
7.73E7 0.01292
7.74E7 0.01291
7.75E7 0.01289
7.76E7 0.01287
7.77E7 0.01285
7.78E7 0.01283
7.79E7 0.01281
7.8E7 0.0128
7.81E7 0.01278
7.82E7 0.01275
7.83E7 0.01273
7.84E7 0.01271
7.85E7 0.01269
7.86E7 0.01267
7.87E7 0.01265
7.88E7 0.01263
7.89E7 0.01261
7.9E7 0.01259
7.91E7 0.01256
7.92E7 0.01254
7.93E7 0.01252
7.94E7 0.0125
7.95E7 0.01248
7.96E7 0.01246
7.97E7 0.01244
7.98E7 0.01242
7.99E7 0.0124
8.0E7 0.01238
8.01E7 0.01236
8.02E7 0.01234
8.03E7 0.01232
8.04E7 0.0123
8.05E7 0.01228
8.06E7 0.01226
8.07E7 0.01224
8.08E7 0.01222
8.09E7 0.0122
8.1E7 0.01218
8.11E7 0.01216
8.12E7 0.01214
8.13E7 0.01213
8.14E7 0.01211
8.15E7 0.01209
8.16E7 0.01207
8.17E7 0.01205
8.18E7 0.01203
8.19E7 0.01201
8.2E7 0.012
8.21E7 0.01198
8.22E7 0.01196
8.23E7 0.01194
8.24E7 0.01192
8.25E7 0.0119
8.26E7 0.01188
8.27E7 0.01186
8.28E7 0.01185
8.29E7 0.01183
8.3E7 0.01181
8.31E7 0.01179
8.32E7 0.01177
8.33E7 0.01176
8.34E7 0.01174
8.35E7 0.01172
8.36E7 0.01171
8.37E7 0.01169
8.38E7 0.01167
8.39E7 0.01166
8.4E7 0.01164
8.41E7 0.01163
8.42E7 0.01161
8.43E7 0.0116
8.44E7 0.01158
8.45E7 0.01157
8.46E7 0.01155
8.47E7 0.01154
8.48E7 0.01152
8.49E7 0.01151
8.5E7 0.0115
8.51E7 0.01148
8.52E7 0.01147
8.53E7 0.01146
8.54E7 0.01144
8.55E7 0.01143
8.56E7 0.01142
8.57E7 0.0114
8.58E7 0.01139
8.59E7 0.01138
8.6E7 0.01136
8.61E7 0.01135
8.62E7 0.01134
8.63E7 0.01133
8.64E7 0.01131
8.65E7 0.0113
8.66E7 0.01129
8.67E7 0.01128
8.68E7 0.01127
8.69E7 0.01126
8.7E7 0.01124
8.71E7 0.01123
8.72E7 0.01122
8.73E7 0.01121
8.74E7 0.0112
8.75E7 0.01119
8.76E7 0.01118
8.77E7 0.01117
8.78E7 0.01116
8.79E7 0.01115
8.8E7 0.01114
8.81E7 0.01113
8.82E7 0.01113
8.83E7 0.01112
8.84E7 0.01111
8.85E7 0.0111
8.86E7 0.01109
8.87E7 0.01108
8.88E7 0.01108
8.89E7 0.01107
8.9E7 0.01106
8.91E7 0.01105
8.92E7 0.01105
8.93E7 0.01104
8.94E7 0.01103
8.95E7 0.01103
8.96E7 0.01102
8.97E7 0.01101
8.98E7 0.01101
8.99E7 0.011
9.0E7 0.01099
9.01E7 0.01099
9.02E7 0.01098
9.03E7 0.01098
9.04E7 0.01097
9.05E7 0.01096
9.06E7 0.01096
9.07E7 0.01095
9.08E7 0.01095
9.09E7 0.01094
9.1E7 0.01094
9.11E7 0.01093
9.12E7 0.01093
9.13E7 0.01093
9.14E7 0.01092
9.15E7 0.01092
9.16E7 0.01092
9.17E7 0.01091
9.18E7 0.01091
9.19E7 0.0109
9.2E7 0.0109
9.21E7 0.0109
9.22E7 0.0109
9.23E7 0.01089
9.24E7 0.01089
9.25E7 0.01089
9.26E7 0.01088
9.27E7 0.01088
9.28E7 0.01088
9.29E7 0.01088
9.3E7 0.01088
9.31E7 0.01087
9.32E7 0.01087
9.33E7 0.01087
9.34E7 0.01087
9.35E7 0.01087
9.36E7 0.01087
9.37E7 0.01086
9.38E7 0.01086
9.39E7 0.01086
9.4E7 0.01086
9.41E7 0.01086
9.42E7 0.01086
9.43E7 0.01086
9.44E7 0.01086
9.45E7 0.01086
9.46E7 0.01086
9.47E7 0.01086
9.48E7 0.01086
9.49E7 0.01086
9.5E7 0.01086
9.51E7 0.01086
9.52E7 0.01086
9.53E7 0.01086
9.54E7 0.01086
9.55E7 0.01086
9.56E7 0.01086
9.57E7 0.01086
9.58E7 0.01086
9.59E7 0.01086
9.6E7 0.01087
9.61E7 0.01087
9.62E7 0.01087
9.63E7 0.01087
9.64E7 0.01087
9.65E7 0.01087
9.66E7 0.01088
9.67E7 0.01088
9.68E7 0.01088
9.69E7 0.01088
9.7E7 0.01088
9.71E7 0.01089
9.72E7 0.01089
9.73E7 0.01089
9.74E7 0.01089
9.75E7 0.0109
9.76E7 0.0109
9.77E7 0.0109
9.78E7 0.0109
9.79E7 0.01091
9.8E7 0.01091
9.81E7 0.01091
9.82E7 0.01092
9.83E7 0.01092
9.84E7 0.01092
9.85E7 0.01093
9.86E7 0.01093
9.87E7 0.01093
9.88E7 0.01094
9.89E7 0.01094
9.9E7 0.01094
9.91E7 0.01095
9.92E7 0.01095
9.93E7 0.01096
9.94E7 0.01096
9.95E7 0.01097
9.96E7 0.01097
9.97E7 0.01097
9.98E7 0.01098
9.99E7 0.01098
1.0E8 0.01099
