1.10266E7 0.0
1.12E7 0.00123646
1.13E7 0.00250201
1.14E7 0.00504935
1.15E7 0.00888737
1.16E7 0.0140034
1.17E7 0.0203637
1.18E7 0.0279143
1.19E7 0.0365831
1.2E7 0.0462826
1.21E7 0.0569127
1.22E7 0.0683642
1.23E7 0.0805224
1.24E7 0.0932702
1.25E7 0.106491
1.26E7 0.120071
1.27E7 0.133906
1.28E7 0.147891
1.29E7 0.161939
1.3E7 0.175965
1.31E7 0.189898
1.32E7 0.203674
1.33E7 0.21724
1.34E7 0.230551
1.35E7 0.243572
1.36E7 0.256273
1.37E7 0.268633
1.38E7 0.280635
1.39E7 0.292269
1.4E7 0.303528
1.401E7 0.304633
1.402E7 0.305735
1.403E7 0.306833
1.404E7 0.307927
1.405E7 0.309017
1.406E7 0.310104
1.407E7 0.311186
1.408E7 0.312265
1.409E7 0.31334
1.41E7 0.314412
1.411E7 0.315479
1.412E7 0.316543
1.413E7 0.317603
1.414E7 0.31866
1.415E7 0.319712
1.416E7 0.320761
1.417E7 0.321806
1.418E7 0.322848
1.419E7 0.323885
1.42E7 0.324919
1.421E7 0.325949
1.422E7 0.326976
1.423E7 0.327998
1.424E7 0.329017
1.425E7 0.330033
1.426E7 0.331044
1.427E7 0.332052
1.428E7 0.333056
1.429E7 0.334057
1.43E7 0.335054
1.431E7 0.336047
1.432E7 0.337036
1.433E7 0.338022
1.434E7 0.339004
1.435E7 0.339983
1.436E7 0.340958
1.437E7 0.341929
1.438E7 0.342896
1.439E7 0.343861
1.44E7 0.344821
1.441E7 0.345778
1.442E7 0.346731
1.443E7 0.347681
1.444E7 0.348627
1.445E7 0.349569
1.446E7 0.350508
1.447E7 0.351443
1.448E7 0.352375
1.449E7 0.353303
1.45E7 0.354228
1.451E7 0.35515
1.452E7 0.356067
1.453E7 0.356981
1.454E7 0.357892
1.455E7 0.358799
1.456E7 0.359703
1.457E7 0.360603
1.458E7 0.3615
1.459E7 0.362394
1.46E7 0.363284
1.461E7 0.36417
1.462E7 0.365053
1.463E7 0.365933
1.464E7 0.36681
1.465E7 0.367682
1.466E7 0.368552
1.467E7 0.369418
1.468E7 0.370281
1.469E7 0.371141
1.47E7 0.371997
1.471E7 0.37285
1.472E7 0.373699
1.473E7 0.374545
1.474E7 0.375388
1.475E7 0.376228
1.476E7 0.377065
1.477E7 0.377898
1.478E7 0.378728
1.479E7 0.379554
1.48E7 0.380378
1.481E7 0.381198
1.482E7 0.382015
1.483E7 0.382829
1.484E7 0.383639
1.485E7 0.384446
1.486E7 0.385251
1.487E7 0.386052
1.488E7 0.38685
1.489E7 0.387645
1.49E7 0.388436
1.491E7 0.389225
1.492E7 0.390011
1.493E7 0.390793
1.494E7 0.391572
1.495E7 0.392349
1.496E7 0.393122
1.497E7 0.393892
1.498E7 0.394659
1.499E7 0.395423
1.5E7 0.396182
1.51E7 0.40363
1.52E7 0.41078
1.53E7 0.417575
1.54E7 0.424002
1.55E7 0.430082
1.56E7 0.435839
1.57E7 0.441292
1.58E7 0.446463
1.59E7 0.45137
1.6E7 0.456032
1.61E7 0.460467
1.62E7 0.464692
1.63E7 0.468722
1.64E7 0.472574
1.65E7 0.47626
1.66E7 0.479793
1.67E7 0.483187
1.68E7 0.486452
1.69E7 0.489599
1.7E7 0.492637
1.71E7 0.495576
1.72E7 0.498422
1.73E7 0.501185
1.74E7 0.503868
1.75E7 0.50648
1.76E7 0.509023
1.77E7 0.511502
1.78E7 0.51392
1.79E7 0.51628
1.8E7 0.518584
1.81E7 0.520831
1.82E7 0.523022
1.83E7 0.525156
1.84E7 0.527231
1.85E7 0.529244
1.86E7 0.531192
1.87E7 0.53307
1.88E7 0.534871
1.89E7 0.53659
1.9E7 0.538217
1.91E7 0.539746
1.92E7 0.541164
1.93E7 0.542462
1.94E7 0.543626
1.95E7 0.544645
1.96E7 0.545503
1.97E7 0.546186
1.98E7 0.546678
1.99E7 0.546962
2.0E7 0.547021
2.00001E7 0.547021
2.1E7 0.513179
2.2E7 0.462535
2.3E7 0.402417
2.4E7 0.343623
2.5E7 0.29153
2.6E7 0.249909
2.7E7 0.21708
2.8E7 0.192075
2.9E7 0.173453
2.91362E7 0.171552
3.0E7 0.159526
3.2E7 0.143056
3.4E7 0.139508
3.6E7 0.144871
3.8E7 0.154146
4.0E7 0.162554
4.2E7 0.165716
4.4E7 0.164114
4.4E7 0.164114
4.6E7 0.156778
4.8E7 0.146155
4.8E7 0.146155
5.0E7 0.132963
5.2E7 0.119527
5.2E7 0.119527
5.4E7 0.108327
5.4E7 0.108327
5.6E7 0.0989328
5.8E7 0.0922282
5.8E7 0.0922282
6.0E7 0.0870835
