# Detector n: 1D Projection
  0.0000000000E+00  1.0000000000E-02  1.40294E-04  7.17376E-02
  1.0000000000E-02  2.0000000000E-02  1.40153E-04  3.80450E-02
  2.0000000000E-02  3.0000000000E-02  1.40003E-04  4.69784E-02
  3.0000000000E-02  4.0000000000E-02  1.39744E-04  4.53376E-02
  4.0000000000E-02  5.0000000000E-02  1.39718E-04  6.37489E-02
  5.0000000000E-02  6.0000000000E-02  1.39639E-04  7.42601E-02
  6.0000000000E-02  7.0000000000E-02  1.39505E-04  3.05497E-02
  7.0000000000E-02  8.0000000000E-02  1.39355E-04  3.68418E-02
  8.0000000000E-02  9.0000000000E-02  1.39075E-04  5.46683E-02
  9.0000000000E-02  1.0000000000E-01  1.38850E-04  6.40981E-02
  1.0000000000E-01  1.1000000000E-01  1.38670E-04  5.30595E-02
  1.1000000000E-01  1.2000000000E-01  1.38528E-04  6.88057E-02
  1.2000000000E-01  1.3000000000E-01  1.38387E-04  4.70195E-02
  1.3000000000E-01  1.4000000000E-01  1.38182E-04  4.37868E-02
  1.4000000000E-01  1.5000000000E-01  1.38022E-04  8.48472E-02
  1.5000000000E-01  1.6000000000E-01  1.37766E-04  4.86328E-02
  1.6000000000E-01  1.7000000000E-01  1.37618E-04  4.97607E-02
  1.7000000000E-01  1.8000000000E-01  1.37556E-04  3.86862E-02
  1.8000000000E-01  1.9000000000E-01  1.37465E-04  3.78124E-02
  1.9000000000E-01  2.0000000000E-01  1.37396E-04  3.12250E-02
  2.0000000000E-01  2.1000000000E-01  1.37074E-04  5.01856E-02
  2.1000000000E-01  2.2000000000E-01  1.36989E-04  2.14322E-02
  2.2000000000E-01  2.3000000000E-01  1.36751E-04  3.58831E-02
  2.3000000000E-01  2.4000000000E-01  1.36497E-04  3.30223E-02
  2.4000000000E-01  2.5000000000E-01  1.36364E-04  6.63368E-02
  2.5000000000E-01  2.6000000000E-01  1.36094E-04  5.43969E-02
  2.6000000000E-01  2.7000000000E-01  1.35901E-04  4.24884E-02
  2.7000000000E-01  2.8000000000E-01  1.35719E-04  5.45210E-02
  2.8000000000E-01  2.9000000000E-01  1.35505E-04  2.98458E-02
  2.9000000000E-01  3.0000000000E-01  1.35192E-04  5.17112E-02
  3.0000000000E-01  3.1000000000E-01  1.35110E-04  4.27825E-02
  3.1000000000E-01  3.2000000000E-01  1.34963E-04  7.11682E-02
  3.2000000000E-01  3.3000000000E-01  1.34810E-04  3.41362E-02
  3.3000000000E-01  3.4000000000E-01  1.34545E-04  5.69984E-02
  3.4000000000E-01  3.5000000000E-01  1.34442E-04  5.82415E-02
  3.5000000000E-01  3.6000000000E-01  1.34386E-04  5.26898E-02
  3.6000000000E-01  3.7000000000E-01  1.34033E-04  7.05697E-02
  3.7000000000E-01  3.8000000000E-01  1.33920E-04  4.42565E-02
  3.8000000000E-01  3.9000000000E-01  1.33747E-04  2.98618E-02
  3.9000000000E-01  4.0000000000E-01  1.33539E-04  4.68333E-02
  4.0000000000E-01  4.1000000000E-01  1.33478E-04  6.61714E-02
  4.1000000000E-01  4.2000000000E-01  1.33291E-04  2.51786E-02
  4.2000000000E-01  4.3000000000E-01  1.33158E-04  8.36742E-02
  4.3000000000E-01  4.4000000000E-01  1.33103E-04  4.72744E-02
  4.4000000000E-01  4.5000000000E-01  1.33041E-04  5.93473E-02
  4.5000000000E-01  4.6000000000E-01  1.32865E-04  2.96278E-02
  4.6000000000E-01  4.7000000000E-01  1.32759E-04  7.37882E-02
  4.7000000000E-01  4.8000000000E-01  1.32471E-04  6.05268E-02
  4.8000000000E-01  4.9000000000E-01  1.32300E-04  6.96385E-02
  4.9000000000E-01  5.0000000000E-01  1.32051E-04  4.00209E-02
  5.0000000000E-01  5.1000000000E-01  1.31804E-04  6.42330E-02
  5.1000000000E-01  5.2000000000E-01  1.31614E-04  4.66589E-02
  5.2000000000E-01  5.3000000000E-01  1.31317E-04  6.02818E-02
  5.3000000000E-01  5.4000000000E-01  1.31127E-04  2.81878E-02
  5.4000000000E-01  5.5000000000E-01  1.30975E-04  3.56807E-02
  5.5000000000E-01  5.6000000000E-01  1.30664E-04  6.52703E-02
  5.6000000000E-01  5.7000000000E-01  1.30435E-04  9.14513E-02
  5.7000000000E-01  5.8000000000E-01  1.30333E-04  3.18084E-02
  5.8000000000E-01  5.9000000000E-01  1.30090E-04  1.79007E-02
  5.9000000000E-01  6.0000000000E-01  1.29862E-04  5.06166E-02
  6.0000000000E-01  6.1000000000E-01  1.29620E-04  5.39586E-02
  6.1000000000E-01  6.2000000000E-01  1.29453E-04  6.85897E-02
  6.2000000000E-01  6.3000000000E-01  1.29256E-04  5.50351E-02
  6.3000000000E-01  6.4000000000E-01  1.29121E-04  3.38307E-02
  6.4000000000E-01  6.5000000000E-01  1.28895E-04  4.14058E-02
  6.5000000000E-01  6.6000000000E-01  1.28817E-04  5.47595E-02
  6.6000000000E-01  6.7000000000E-01  1.28692E-04  3.65639E-02
  6.7000000000E-01  6.8000000000E-01  1.28525E-04  8.00157E-02
  6.8000000000E-01  6.9000000000E-01  1.28304E-04  5.19411E-02
  6.9000000000E-01  7.0000000000E-01  1.28037E-04  4.72228E-02
  7.0000000000E-01  7.1000000000E-01  1.27955E-04  2.79805E-02
  7.1000000000E-01  7.2000000000E-01  1.27800E-04  4.64300E-02
  7.2000000000E-01  7.3000000000E-01  1.27640E-04  7.11140E-02
  7.3000000000E-01  7.4000000000E-01  1.27382E-04  2.45723E-02
  7.4000000000E-01  7.5000000000E-01  1.27263E-04  3.28083E-02
  7.5000000000E-01  7.6000000000E-01  1.27068E-04  2.07260E-02
  7.6000000000E-01  7.7000000000E-01  1.26900E-04  4.28890E-02
  7.7000000000E-01  7.8000000000E-01  1.26743E-04  5.50471E-02
  7.8000000000E-01  7.9000000000E-01  1.26659E-04  5.25264E-02
  7.9000000000E-01  8.0000000000E-01  1.26441E-04  6.44601E-02
  8.0000000000E-01  8.1000000000E-01  1.26336E-04  8.37862E-02
  8.1000000000E-01  8.2000000000E-01  1.26123E-04  6.84336E-02
  8.2000000000E-01  8.3000000000E-01  1.26052E-04  9.65348E-02
  8.3000000000E-01  8.4000000000E-01  1.25856E-04  8.04992E-02
  8.4000000000E-01  8.5000000000E-01  1.25808E-04  8.44678E-02
  8.5000000000E-01  8.6000000000E-01  1.25573E-04  5.24795E-02
  8.6000000000E-01  8.7000000000E-01  1.25425E-04  3.45960E-02
  8.7000000000E-01  8.8000000000E-01  1.25234E-04  5.55034E-02
  8.8000000000E-01  8.9000000000E-01  1.25235E-04  4.75181E-02
  8.9000000000E-01  9.0000000000E-01  1.25150E-04  4.94833E-02
  9.0000000000E-01  9.1000000000E-01  1.25178E-04  6.26712E-02
  9.1000000000E-01  9.2000000000E-01  1.25064E-04  5.32121E-02
  9.2000000000E-01  9.3000000000E-01  1.24962E-04  3.13263E-02
  9.3000000000E-01  9.4000000000E-01  1.24880E-04  3.27028E-02
  9.4000000000E-01  9.5000000000E-01  1.24714E-04  5.72140E-02
  9.5000000000E-01  9.6000000000E-01  1.24556E-04  2.87410E-02
  9.6000000000E-01  9.7000000000E-01  1.24298E-04  7.23239E-03
  9.7000000000E-01  9.8000000000E-01  1.24252E-04  2.75841E-02
  9.8000000000E-01  9.9000000000E-01  1.24154E-04  5.96436E-02
  9.9000000000E-01  1.0000000000E+00  1.23921E-04  5.51251E-02
  1.0000000000E+00  1.0100000000E+00  1.23799E-04  8.65034E-02
  1.0100000000E+00  1.0200000000E+00  1.23528E-04  4.90864E-02
  1.0200000000E+00  1.0300000000E+00  1.23349E-04  5.67472E-02
  1.0300000000E+00  1.0400000000E+00  1.23317E-04  8.31087E-02
  1.0400000000E+00  1.0500000000E+00  1.23054E-04  6.42572E-02
  1.0500000000E+00  1.0600000000E+00  1.22873E-04  4.79170E-02
  1.0600000000E+00  1.0700000000E+00  1.22767E-04  8.15042E-02
  1.0700000000E+00  1.0800000000E+00  1.22600E-04  2.69964E-02
  1.0800000000E+00  1.0900000000E+00  1.22489E-04  2.82875E-02
  1.0900000000E+00  1.1000000000E+00  1.22291E-04  3.13595E-02
  1.1000000000E+00  1.1100000000E+00  1.22004E-04  4.49859E-02
  1.1100000000E+00  1.1200000000E+00  1.21898E-04  6.25704E-02
  1.1200000000E+00  1.1300000000E+00  1.21683E-04  5.22144E-02
  1.1300000000E+00  1.1400000000E+00  1.21578E-04  4.51625E-02
  1.1400000000E+00  1.1500000000E+00  1.21472E-04  3.16695E-02
  1.1500000000E+00  1.1600000000E+00  1.21232E-04  4.86800E-02
  1.1600000000E+00  1.1700000000E+00  1.21171E-04  4.80466E-02
  1.1700000000E+00  1.1800000000E+00  1.20981E-04  6.64969E-02
  1.1800000000E+00  1.1900000000E+00  1.20911E-04  9.18587E-02
  1.1900000000E+00  1.2000000000E+00  1.20772E-04  9.51718E-02
  1.2000000000E+00  1.2100000000E+00  1.20607E-04  3.65099E-02
  1.2100000000E+00  1.2200000000E+00  1.20488E-04  7.27413E-02
  1.2200000000E+00  1.2300000000E+00  1.20322E-04  5.63819E-02
  1.2300000000E+00  1.2400000000E+00  1.20168E-04  6.97218E-02
  1.2400000000E+00  1.2500000000E+00  1.20093E-04  5.86837E-02
  1.2500000000E+00  1.2600000000E+00  1.19945E-04  4.07482E-02
  1.2600000000E+00  1.2700000000E+00  1.19858E-04  3.19554E-02
  1.2700000000E+00  1.2800000000E+00  1.19760E-04  5.27144E-02
  1.2800000000E+00  1.2900000000E+00  1.19596E-04  6.40344E-02
  1.2900000000E+00  1.3000000000E+00  1.19636E-04  4.97840E-02
  1.3000000000E+00  1.3100000000E+00  1.19409E-04  3.98166E-02
  1.3100000000E+00  1.3200000000E+00  1.19312E-04  3.58025E-02
  1.3200000000E+00  1.3300000000E+00  1.19221E-04  1.98605E-02
  1.3300000000E+00  1.3400000000E+00  1.19247E-04  2.78258E-02
  1.3400000000E+00  1.3500000000E+00  1.19130E-04  3.95779E-02
  1.3500000000E+00  1.3600000000E+00  1.19049E-04  3.79752E-02
  1.3600000000E+00  1.3700000000E+00  1.19106E-04  7.03067E-02
  1.3700000000E+00  1.3800000000E+00  1.19024E-04  4.06476E-02
  1.3800000000E+00  1.3900000000E+00  1.18880E-04  7.18721E-02
  1.3900000000E+00  1.4000000000E+00  1.18765E-04  5.83326E-02
  1.4000000000E+00  1.4100000000E+00  1.18560E-04  5.71069E-02
  1.4100000000E+00  1.4200000000E+00  1.18484E-04  7.07137E-02
  1.4200000000E+00  1.4300000000E+00  1.18304E-04  4.67914E-02
  1.4300000000E+00  1.4400000000E+00  1.18214E-04  3.07114E-02
  1.4400000000E+00  1.4500000000E+00  1.17973E-04  8.02158E-02
  1.4500000000E+00  1.4600000000E+00  1.17811E-04  4.88957E-02
  1.4600000000E+00  1.4700000000E+00  1.17783E-04  6.02546E-02
  1.4700000000E+00  1.4800000000E+00  1.17613E-04  3.33305E-02
  1.4800000000E+00  1.4900000000E+00  1.17582E-04  4.63334E-02
  1.4900000000E+00  1.5000000000E+00  1.17382E-04  6.94100E-02
  1.5000000000E+00  1.5100000000E+00  1.17245E-04  9.53508E-02
  1.5100000000E+00  1.5200000000E+00  1.17134E-04  7.85703E-02
  1.5200000000E+00  1.5300000000E+00  1.17098E-04  5.64665E-02
  1.5300000000E+00  1.5400000000E+00  1.16913E-04  7.22359E-02
  1.5400000000E+00  1.5500000000E+00  1.16900E-04  6.80917E-02
  1.5500000000E+00  1.5600000000E+00  1.16780E-04  7.82270E-02
  1.5600000000E+00  1.5700000000E+00  1.16600E-04  4.55303E-02
  1.5700000000E+00  1.5800000000E+00  1.16428E-04  5.15018E-02
  1.5800000000E+00  1.5900000000E+00  1.16398E-04  3.69615E-02
  1.5900000000E+00  1.6000000000E+00  1.16296E-04  3.46679E-02
  1.6000000000E+00  1.6100000000E+00  1.16096E-04  3.04761E-02
  1.6100000000E+00  1.6200000000E+00  1.16075E-04  8.36866E-02
  1.6200000000E+00  1.6300000000E+00  1.15876E-04  5.07538E-02
  1.6300000000E+00  1.6400000000E+00  1.15866E-04  3.20604E-02
  1.6400000000E+00  1.6500000000E+00  1.15648E-04  4.09557E-02
  1.6500000000E+00  1.6600000000E+00  1.15491E-04  2.49295E-02
  1.6600000000E+00  1.6700000000E+00  1.15424E-04  5.46514E-02
  1.6700000000E+00  1.6800000000E+00  1.15345E-04  4.36368E-02
  1.6800000000E+00  1.6900000000E+00  1.15246E-04  4.85068E-02
  1.6900000000E+00  1.7000000000E+00  1.15223E-04  8.21938E-02
  1.7000000000E+00  1.7100000000E+00  1.15163E-04  3.10654E-02
  1.7100000000E+00  1.7200000000E+00  1.15037E-04  6.20830E-02
  1.7200000000E+00  1.7300000000E+00  1.14932E-04  1.15453E-01
  1.7300000000E+00  1.7400000000E+00  1.14855E-04  5.95083E-02
  1.7400000000E+00  1.7500000000E+00  1.14712E-04  6.44563E-02
  1.7500000000E+00  1.7600000000E+00  1.14818E-04  3.40907E-02
  1.7600000000E+00  1.7700000000E+00  1.14720E-04  2.31639E-02
  1.7700000000E+00  1.7800000000E+00  1.14735E-04  3.60454E-02
  1.7800000000E+00  1.7900000000E+00  1.14636E-04  3.60963E-02
  1.7900000000E+00  1.8000000000E+00  1.14603E-04  6.11628E-02
  1.8000000000E+00  1.8100000000E+00  1.14538E-04  5.61544E-02
  1.8100000000E+00  1.8200000000E+00  1.14553E-04  4.81281E-02
  1.8200000000E+00  1.8300000000E+00  1.14445E-04  6.68850E-02
  1.8300000000E+00  1.8400000000E+00  1.14309E-04  8.92751E-02
  1.8400000000E+00  1.8500000000E+00  1.14233E-04  7.04680E-02
  1.8500000000E+00  1.8600000000E+00  1.14094E-04  5.60071E-02
  1.8600000000E+00  1.8700000000E+00  1.14035E-04  4.66178E-02
  1.8700000000E+00  1.8800000000E+00  1.13852E-04  5.88771E-02
  1.8800000000E+00  1.8900000000E+00  1.13822E-04  5.90335E-02
  1.8900000000E+00  1.9000000000E+00  1.13786E-04  2.88629E-02
  1.9000000000E+00  1.9100000000E+00  1.13596E-04  4.64856E-02
  1.9100000000E+00  1.9200000000E+00  1.13549E-04  6.61522E-02
  1.9200000000E+00  1.9300000000E+00  1.13407E-04  5.32348E-02
  1.9300000000E+00  1.9400000000E+00  1.13225E-04  6.02526E-02
  1.9400000000E+00  1.9500000000E+00  1.13160E-04  7.06177E-02
  1.9500000000E+00  1.9600000000E+00  1.13153E-04  3.33885E-02
  1.9600000000E+00  1.9700000000E+00  1.13108E-04  5.86818E-02
  1.9700000000E+00  1.9800000000E+00  1.12919E-04  6.31663E-02
  1.9800000000E+00  1.9900000000E+00  1.12897E-04  5.90601E-02
  1.9900000000E+00  2.0000000000E+00  1.12795E-04  5.80929E-02
  2.0000000000E+00  2.0100000000E+00  1.12638E-04  4.33519E-02
  2.0100000000E+00  2.0200000000E+00  1.12583E-04  8.52536E-02
  2.0200000000E+00  2.0300000000E+00  1.12416E-04  9.69114E-02
  2.0300000000E+00  2.0400000000E+00  1.12335E-04  6.85289E-02
  2.0400000000E+00  2.0500000000E+00  1.12234E-04  3.39911E-02
  2.0500000000E+00  2.0600000000E+00  1.12191E-04  5.29402E-02
  2.0600000000E+00  2.0700000000E+00  1.12126E-04  5.70035E-02
  2.0700000000E+00  2.0800000000E+00  1.11970E-04  4.41326E-02
  2.0800000000E+00  2.0900000000E+00  1.11988E-04  6.42394E-02
  2.0900000000E+00  2.1000000000E+00  1.11833E-04  5.66370E-02
  2.1000000000E+00  2.1100000000E+00  1.11841E-04  3.75749E-02
  2.1100000000E+00  2.1200000000E+00  1.11805E-04  8.06751E-02
  2.1200000000E+00  2.1300000000E+00  1.11804E-04  3.32563E-02
  2.1300000000E+00  2.1400000000E+00  1.11613E-04  4.85049E-02
  2.1400000000E+00  2.1500000000E+00  1.11597E-04  5.28443E-02
  2.1500000000E+00  2.1600000000E+00  1.11536E-04  8.98243E-02
  2.1600000000E+00  2.1700000000E+00  1.11486E-04  4.80112E-02
  2.1700000000E+00  2.1800000000E+00  1.11504E-04  8.69646E-02
  2.1800000000E+00  2.1900000000E+00  1.11549E-04  5.97143E-02
  2.1900000000E+00  2.2000000000E+00  1.11470E-04  4.83015E-02
  2.2000000000E+00  2.2100000000E+00  1.11407E-04  4.56123E-02
  2.2100000000E+00  2.2200000000E+00  1.11444E-04  1.94431E-02
  2.2200000000E+00  2.2300000000E+00  1.11418E-04  9.38035E-02
  2.2300000000E+00  2.2400000000E+00  1.11324E-04  8.60805E-02
  2.2400000000E+00  2.2500000000E+00  1.11238E-04  6.75496E-02
  2.2500000000E+00  2.2600000000E+00  1.11197E-04  5.29063E-02
  2.2600000000E+00  2.2700000000E+00  1.11184E-04  5.20168E-02
  2.2700000000E+00  2.2800000000E+00  1.11004E-04  3.17646E-02
  2.2800000000E+00  2.2900000000E+00  1.10977E-04  5.83066E-02
  2.2900000000E+00  2.3000000000E+00  1.10950E-04  5.52834E-02
  2.3000000000E+00  2.3100000000E+00  1.10890E-04  1.09399E-01
  2.3100000000E+00  2.3200000000E+00  1.10846E-04  9.09595E-02
  2.3200000000E+00  2.3300000000E+00  1.10700E-04  6.13681E-02
  2.3300000000E+00  2.3400000000E+00  1.10624E-04  6.76209E-02
  2.3400000000E+00  2.3500000000E+00  1.10599E-04  4.10790E-02
  2.3500000000E+00  2.3600000000E+00  1.10527E-04  6.04618E-02
  2.3600000000E+00  2.3700000000E+00  1.10466E-04  5.83173E-02
  2.3700000000E+00  2.3800000000E+00  1.10391E-04  4.65385E-02
  2.3800000000E+00  2.3900000000E+00  1.10309E-04  5.30573E-02
  2.3900000000E+00  2.4000000000E+00  1.10270E-04  1.82051E-02
  2.4000000000E+00  2.4100000000E+00  1.10188E-04  3.17394E-02
  2.4100000000E+00  2.4200000000E+00  1.10108E-04  4.21507E-02
  2.4200000000E+00  2.4300000000E+00  1.09985E-04  8.34763E-02
  2.4300000000E+00  2.4400000000E+00  1.09905E-04  3.40752E-02
  2.4400000000E+00  2.4500000000E+00  1.09903E-04  3.54869E-02
  2.4500000000E+00  2.4600000000E+00  1.09829E-04  9.71260E-02
  2.4600000000E+00  2.4700000000E+00  1.09763E-04  6.20298E-02
  2.4700000000E+00  2.4800000000E+00  1.09650E-04  8.44975E-02
  2.4800000000E+00  2.4900000000E+00  1.09739E-04  7.99561E-02
  2.4900000000E+00  2.5000000000E+00  1.09720E-04  3.86240E-02
  2.5000000000E+00  2.5100000000E+00  1.09529E-04  7.42677E-02
  2.5100000000E+00  2.5200000000E+00  1.09551E-04  6.31362E-02
  2.5200000000E+00  2.5300000000E+00  1.09510E-04  7.39792E-02
  2.5300000000E+00  2.5400000000E+00  1.09509E-04  3.86020E-02
  2.5400000000E+00  2.5500000000E+00  1.09451E-04  6.61042E-02
  2.5500000000E+00  2.5600000000E+00  1.09415E-04  4.06375E-02
  2.5600000000E+00  2.5700000000E+00  1.09523E-04  6.06879E-02
  2.5700000000E+00  2.5800000000E+00  1.09404E-04  5.55386E-02
  2.5800000000E+00  2.5900000000E+00  1.09354E-04  5.87638E-02
  2.5900000000E+00  2.6000000000E+00  1.09311E-04  8.33885E-02
  2.6000000000E+00  2.6100000000E+00  1.09298E-04  2.66487E-02
  2.6100000000E+00  2.6200000000E+00  1.09238E-04  4.49597E-02
  2.6200000000E+00  2.6300000000E+00  1.09330E-04  6.46110E-02
  2.6300000000E+00  2.6400000000E+00  1.09290E-04  4.01990E-02
  2.6400000000E+00  2.6500000000E+00  1.09139E-04  3.88242E-02
  2.6500000000E+00  2.6600000000E+00  1.09185E-04  1.26656E-02
  2.6600000000E+00  2.6700000000E+00  1.09093E-04  6.68944E-02
  2.6700000000E+00  2.6800000000E+00  1.09051E-04  9.22015E-02
  2.6800000000E+00  2.6900000000E+00  1.08903E-04  7.28763E-02
  2.6900000000E+00  2.7000000000E+00  1.08871E-04  8.90444E-02
  2.7000000000E+00  2.7100000000E+00  1.08787E-04  1.06101E-01
  2.7100000000E+00  2.7200000000E+00  1.08712E-04  7.32247E-02
  2.7200000000E+00  2.7300000000E+00  1.08699E-04  7.90989E-02
  2.7300000000E+00  2.7400000000E+00  1.08572E-04  5.35810E-02
  2.7400000000E+00  2.7500000000E+00  1.08512E-04  5.58138E-02
  2.7500000000E+00  2.7600000000E+00  1.08528E-04  6.22126E-02
  2.7600000000E+00  2.7700000000E+00  1.08530E-04  7.98230E-02
  2.7700000000E+00  2.7800000000E+00  1.08391E-04  3.68661E-02
  2.7800000000E+00  2.7900000000E+00  1.08394E-04  4.88556E-02
  2.7900000000E+00  2.8000000000E+00  1.08330E-04  5.01690E-02
  2.8000000000E+00  2.8100000000E+00  1.08310E-04  3.94760E-02
  2.8100000000E+00  2.8200000000E+00  1.08314E-04  4.71513E-02
  2.8200000000E+00  2.8300000000E+00  1.08205E-04  4.74691E-02
  2.8300000000E+00  2.8400000000E+00  1.08210E-04  7.92253E-02
  2.8400000000E+00  2.8500000000E+00  1.08162E-04  7.42375E-02
  2.8500000000E+00  2.8600000000E+00  1.08157E-04  7.64862E-02
  2.8600000000E+00  2.8700000000E+00  1.08108E-04  5.70377E-02
  2.8700000000E+00  2.8800000000E+00  1.08155E-04  6.31117E-02
  2.8800000000E+00  2.8900000000E+00  1.08045E-04  8.53791E-02
  2.8900000000E+00  2.9000000000E+00  1.08040E-04  7.46519E-02
  2.9000000000E+00  2.9100000000E+00  1.07995E-04  8.71037E-02
  2.9100000000E+00  2.9200000000E+00  1.08012E-04  1.05553E-01
  2.9200000000E+00  2.9300000000E+00  1.07987E-04  3.72348E-02
  2.9300000000E+00  2.9400000000E+00  1.07961E-04  6.74144E-02
  2.9400000000E+00  2.9500000000E+00  1.08082E-04  6.84243E-02
  2.9500000000E+00  2.9600000000E+00  1.08030E-04  6.67735E-02
  2.9600000000E+00  2.9700000000E+00  1.08116E-04  7.52802E-02
  2.9700000000E+00  2.9800000000E+00  1.08038E-04  6.97375E-02
  2.9800000000E+00  2.9900000000E+00  1.08067E-04  7.78935E-02
  2.9900000000E+00  3.0000000000E+00  1.08093E-04  6.94730E-02
  3.0000000000E+00  3.0100000000E+00  1.08020E-04  5.82627E-02
  3.0100000000E+00  3.0200000000E+00  1.07966E-04  6.78221E-02
  3.0200000000E+00  3.0300000000E+00  1.07963E-04  7.90467E-02
  3.0300000000E+00  3.0400000000E+00  1.07966E-04  5.62654E-02
  3.0400000000E+00  3.0500000000E+00  1.07922E-04  6.01463E-02
  3.0500000000E+00  3.0600000000E+00  1.07890E-04  6.61861E-02
  3.0600000000E+00  3.0700000000E+00  1.07755E-04  5.48090E-02
  3.0700000000E+00  3.0800000000E+00  1.07739E-04  5.69150E-02
  3.0800000000E+00  3.0900000000E+00  1.07667E-04  2.26672E-02
  3.0900000000E+00  3.1000000000E+00  1.07714E-04  3.79698E-02
  3.1000000000E+00  3.1100000000E+00  1.07590E-04  3.96179E-02
  3.1100000000E+00  3.1200000000E+00  1.07623E-04  4.26435E-02
  3.1200000000E+00  3.1300000000E+00  1.07600E-04  7.64486E-02
  3.1300000000E+00  3.1400000000E+00  1.07539E-04  8.30541E-02
  3.1400000000E+00  3.1500000000E+00  1.07536E-04  7.21787E-02
  3.1500000000E+00  3.1600000000E+00  1.07459E-04  5.21243E-02
  3.1600000000E+00  3.1700000000E+00  1.07492E-04  6.43465E-02
  3.1700000000E+00  3.1800000000E+00  1.07494E-04  8.84102E-02
  3.1800000000E+00  3.1900000000E+00  1.07463E-04  6.00780E-02
  3.1900000000E+00  3.2000000000E+00  1.07355E-04  4.66362E-02
  3.2000000000E+00  3.2100000000E+00  1.07332E-04  9.79631E-02
  3.2100000000E+00  3.2200000000E+00  1.07329E-04  7.76736E-02
  3.2200000000E+00  3.2300000000E+00  1.07365E-04  7.70348E-02
  3.2300000000E+00  3.2400000000E+00  1.07344E-04  6.49887E-02
  3.2400000000E+00  3.2500000000E+00  1.07361E-04  6.13188E-02
  3.2500000000E+00  3.2600000000E+00  1.07412E-04  6.57213E-02
  3.2600000000E+00  3.2700000000E+00  1.07415E-04  4.15312E-02
  3.2700000000E+00  3.2800000000E+00  1.07398E-04  5.98138E-02
  3.2800000000E+00  3.2900000000E+00  1.07413E-04  4.85557E-02
  3.2900000000E+00  3.3000000000E+00  1.07447E-04  4.34600E-02
  3.3000000000E+00  3.3100000000E+00  1.07422E-04  4.78104E-02
  3.3100000000E+00  3.3200000000E+00  1.07425E-04  5.61234E-02
  3.3200000000E+00  3.3300000000E+00  1.07390E-04  8.24211E-02
  3.3300000000E+00  3.3400000000E+00  1.07400E-04  5.71376E-02
  3.3400000000E+00  3.3500000000E+00  1.07386E-04  8.90096E-02
  3.3500000000E+00  3.3600000000E+00  1.07405E-04  5.10455E-02
  3.3600000000E+00  3.3700000000E+00  1.07356E-04  5.50240E-02
  3.3700000000E+00  3.3800000000E+00  1.07395E-04  8.07854E-02
  3.3800000000E+00  3.3900000000E+00  1.07339E-04  4.87354E-02
  3.3900000000E+00  3.4000000000E+00  1.07344E-04  5.85617E-02
  3.4000000000E+00  3.4100000000E+00  1.07338E-04  6.16881E-02
  3.4100000000E+00  3.4200000000E+00  1.07283E-04  2.76809E-02
  3.4200000000E+00  3.4300000000E+00  1.07303E-04  6.28935E-02
  3.4300000000E+00  3.4400000000E+00  1.07264E-04  6.76695E-02
  3.4400000000E+00  3.4500000000E+00  1.07351E-04  3.91919E-02
  3.4500000000E+00  3.4600000000E+00  1.07279E-04  6.37110E-02
  3.4600000000E+00  3.4700000000E+00  1.07223E-04  3.69633E-02
  3.4700000000E+00  3.4800000000E+00  1.07236E-04  2.33443E-02
  3.4800000000E+00  3.4900000000E+00  1.07233E-04  4.35013E-02
  3.4900000000E+00  3.5000000000E+00  1.07205E-04  3.75554E-02
  3.5000000000E+00  3.5100000000E+00  1.07164E-04  1.57233E-02
  3.5100000000E+00  3.5200000000E+00  1.07216E-04  4.24301E-02
  3.5200000000E+00  3.5300000000E+00  1.07251E-04  8.18706E-02
  3.5300000000E+00  3.5400000000E+00  1.07231E-04  9.40984E-02
  3.5400000000E+00  3.5500000000E+00  1.07277E-04  8.11062E-02
  3.5500000000E+00  3.5600000000E+00  1.07302E-04  6.61299E-02
  3.5600000000E+00  3.5700000000E+00  1.07233E-04  4.97844E-02
  3.5700000000E+00  3.5800000000E+00  1.07306E-04  8.45909E-02
  3.5800000000E+00  3.5900000000E+00  1.07302E-04  6.38219E-02
  3.5900000000E+00  3.6000000000E+00  1.07279E-04  5.56660E-02
  3.6000000000E+00  3.6100000000E+00  1.07279E-04  7.70863E-02
  3.6100000000E+00  3.6200000000E+00  1.07317E-04  5.83673E-02
  3.6200000000E+00  3.6300000000E+00  1.07458E-04  1.02620E-01
  3.6300000000E+00  3.6400000000E+00  1.07439E-04  8.24868E-02
  3.6400000000E+00  3.6500000000E+00  1.07467E-04  9.53306E-02
  3.6500000000E+00  3.6600000000E+00  1.07464E-04  8.65901E-02
  3.6600000000E+00  3.6700000000E+00  1.07382E-04  4.09993E-02
  3.6700000000E+00  3.6800000000E+00  1.07406E-04  2.62124E-02
  3.6800000000E+00  3.6900000000E+00  1.07464E-04  2.51560E-02
  3.6900000000E+00  3.7000000000E+00  1.07491E-04  5.53943E-02
  3.7000000000E+00  3.7100000000E+00  1.07517E-04  7.40460E-02
  3.7100000000E+00  3.7200000000E+00  1.07521E-04  9.21010E-02
  3.7200000000E+00  3.7300000000E+00  1.07440E-04  6.44127E-02
  3.7300000000E+00  3.7400000000E+00  1.07465E-04  9.42606E-02
  3.7400000000E+00  3.7500000000E+00  1.07534E-04  3.33168E-02
  3.7500000000E+00  3.7600000000E+00  1.07484E-04  7.95899E-02
  3.7600000000E+00  3.7700000000E+00  1.07429E-04  6.79229E-02
  3.7700000000E+00  3.7800000000E+00  1.07429E-04  5.29479E-02
  3.7800000000E+00  3.7900000000E+00  1.07448E-04  1.11042E-02
  3.7900000000E+00  3.8000000000E+00  1.07536E-04  5.27878E-02
  3.8000000000E+00  3.8100000000E+00  1.07476E-04  2.42559E-02
  3.8100000000E+00  3.8200000000E+00  1.07480E-04  3.49413E-02
  3.8200000000E+00  3.8300000000E+00  1.07556E-04  3.78696E-02
  3.8300000000E+00  3.8400000000E+00  1.07504E-04  5.58441E-02
  3.8400000000E+00  3.8500000000E+00  1.07590E-04  3.78495E-02
  3.8500000000E+00  3.8600000000E+00  1.07703E-04  4.63994E-02
  3.8600000000E+00  3.8700000000E+00  1.07626E-04  6.82198E-02
  3.8700000000E+00  3.8800000000E+00  1.07714E-04  2.99189E-02
  3.8800000000E+00  3.8900000000E+00  1.07676E-04  5.96670E-02
  3.8900000000E+00  3.9000000000E+00  1.07705E-04  3.60452E-02
  3.9000000000E+00  3.9100000000E+00  1.07767E-04  8.28031E-02
  3.9100000000E+00  3.9200000000E+00  1.07864E-04  3.53291E-02
  3.9200000000E+00  3.9300000000E+00  1.07868E-04  2.59567E-02
  3.9300000000E+00  3.9400000000E+00  1.07849E-04  2.86044E-02
  3.9400000000E+00  3.9500000000E+00  1.07894E-04  2.34859E-02
  3.9500000000E+00  3.9600000000E+00  1.07870E-04  4.99463E-02
  3.9600000000E+00  3.9700000000E+00  1.07943E-04  1.99238E-02
  3.9700000000E+00  3.9800000000E+00  1.08047E-04  7.74182E-03
  3.9800000000E+00  3.9900000000E+00  1.08053E-04  6.42907E-02
  3.9900000000E+00  4.0000000000E+00  1.08003E-04  2.06716E-02
  4.0000000000E+00  4.0100000000E+00  1.08020E-04  5.63866E-02
  4.0100000000E+00  4.0200000000E+00  1.08043E-04  5.11330E-02
  4.0200000000E+00  4.0300000000E+00  1.08161E-04  5.23844E-02
  4.0300000000E+00  4.0400000000E+00  1.08119E-04  3.61796E-02
  4.0400000000E+00  4.0500000000E+00  1.08158E-04  3.84780E-02
  4.0500000000E+00  4.0600000000E+00  1.08179E-04  3.31056E-02
  4.0600000000E+00  4.0700000000E+00  1.08151E-04  5.77501E-02
  4.0700000000E+00  4.0800000000E+00  1.08230E-04  4.38517E-02
  4.0800000000E+00  4.0900000000E+00  1.08193E-04  3.99799E-02
  4.0900000000E+00  4.1000000000E+00  1.08265E-04  3.18946E-02
  4.1000000000E+00  4.1100000000E+00  1.08220E-04  2.41768E-02
  4.1100000000E+00  4.1200000000E+00  1.08358E-04  2.40943E-02
  4.1200000000E+00  4.1300000000E+00  1.08296E-04  5.13361E-02
  4.1300000000E+00  4.1400000000E+00  1.08405E-04  5.17206E-02
  4.1400000000E+00  4.1500000000E+00  1.08410E-04  8.07515E-02
  4.1500000000E+00  4.1600000000E+00  1.08481E-04  4.35171E-02
  4.1600000000E+00  4.1700000000E+00  1.08584E-04  6.88240E-02
  4.1700000000E+00  4.1800000000E+00  1.08580E-04  1.99948E-02
  4.1800000000E+00  4.1900000000E+00  1.08785E-04  5.02794E-02
  4.1900000000E+00  4.2000000000E+00  1.08828E-04  4.21458E-02
  4.2000000000E+00  4.2100000000E+00  1.08782E-04  2.11158E-02
  4.2100000000E+00  4.2200000000E+00  1.08877E-04  7.85118E-02
  4.2200000000E+00  4.2300000000E+00  1.08872E-04  5.37261E-02
  4.2300000000E+00  4.2400000000E+00  1.08905E-04  2.76814E-02
  4.2400000000E+00  4.2500000000E+00  1.09013E-04  4.97218E-02
  4.2500000000E+00  4.2600000000E+00  1.09060E-04  5.39037E-02
  4.2600000000E+00  4.2700000000E+00  1.09072E-04  5.07907E-02
  4.2700000000E+00  4.2800000000E+00  1.09150E-04  5.33671E-02
  4.2800000000E+00  4.2900000000E+00  1.09166E-04  7.08649E-02
  4.2900000000E+00  4.3000000000E+00  1.09227E-04  2.60500E-02
  4.3000000000E+00  4.3100000000E+00  1.09257E-04  2.76382E-02
  4.3100000000E+00  4.3200000000E+00  1.09310E-04  3.50229E-02
  4.3200000000E+00  4.3300000000E+00  1.09302E-04  4.72400E-02
  4.3300000000E+00  4.3400000000E+00  1.09387E-04  5.31162E-02
  4.3400000000E+00  4.3500000000E+00  1.09433E-04  8.16355E-02
  4.3500000000E+00  4.3600000000E+00  1.09455E-04  7.58292E-02
  4.3600000000E+00  4.3700000000E+00  1.09508E-04  2.34938E-02
  4.3700000000E+00  4.3800000000E+00  1.09615E-04  4.98175E-02
  4.3800000000E+00  4.3900000000E+00  1.09589E-04  4.47891E-02
  4.3900000000E+00  4.4000000000E+00  1.09699E-04  3.95550E-02
  4.4000000000E+00  4.4100000000E+00  1.09778E-04  5.11345E-02
  4.4100000000E+00  4.4200000000E+00  1.09863E-04  3.62846E-02
  4.4200000000E+00  4.4300000000E+00  1.09883E-04  3.25912E-02
  4.4300000000E+00  4.4400000000E+00  1.09990E-04  4.70526E-02
  4.4400000000E+00  4.4500000000E+00  1.10026E-04  4.08236E-02
  4.4500000000E+00  4.4600000000E+00  1.10101E-04  3.70942E-02
  4.4600000000E+00  4.4700000000E+00  1.10265E-04  6.28915E-02
  4.4700000000E+00  4.4800000000E+00  1.10334E-04  5.10191E-02
  4.4800000000E+00  4.4900000000E+00  1.10404E-04  7.56051E-02
  4.4900000000E+00  4.5000000000E+00  1.10552E-04  2.12161E-02
  4.5000000000E+00  4.5100000000E+00  1.10636E-04  4.91283E-02
  4.5100000000E+00  4.5200000000E+00  1.10642E-04  6.79957E-02
  4.5200000000E+00  4.5300000000E+00  1.10716E-04  4.12335E-02
  4.5300000000E+00  4.5400000000E+00  1.10831E-04  4.40334E-02
  4.5400000000E+00  4.5500000000E+00  1.10813E-04  5.96862E-02
  4.5500000000E+00  4.5600000000E+00  1.10876E-04  5.84237E-02
  4.5600000000E+00  4.5700000000E+00  1.11019E-04  6.74841E-02
  4.5700000000E+00  4.5800000000E+00  1.11001E-04  6.06256E-02
  4.5800000000E+00  4.5900000000E+00  1.11257E-04  3.06736E-02
  4.5900000000E+00  4.6000000000E+00  1.11316E-04  7.62175E-02
  4.6000000000E+00  4.6100000000E+00  1.11333E-04  3.19705E-02
  4.6100000000E+00  4.6200000000E+00  1.11450E-04  5.76283E-02
  4.6200000000E+00  4.6300000000E+00  1.11535E-04  5.88195E-02
  4.6300000000E+00  4.6400000000E+00  1.11632E-04  4.25748E-02
  4.6400000000E+00  4.6500000000E+00  1.11710E-04  5.86801E-02
  4.6500000000E+00  4.6600000000E+00  1.11735E-04  4.21848E-02
  4.6600000000E+00  4.6700000000E+00  1.11893E-04  3.76294E-02
  4.6700000000E+00  4.6800000000E+00  1.11853E-04  3.55958E-02
  4.6800000000E+00  4.6900000000E+00  1.12035E-04  2.34497E-02
  4.6900000000E+00  4.7000000000E+00  1.12231E-04  6.06448E-02
  4.7000000000E+00  4.7100000000E+00  1.12337E-04  5.41414E-02
  4.7100000000E+00  4.7200000000E+00  1.12439E-04  9.29337E-02
  4.7200000000E+00  4.7300000000E+00  1.12474E-04  5.07499E-02
  4.7300000000E+00  4.7400000000E+00  1.12629E-04  3.90737E-02
  4.7400000000E+00  4.7500000000E+00  1.12802E-04  3.94077E-02
  4.7500000000E+00  4.7600000000E+00  1.12874E-04  4.15677E-02
  4.7600000000E+00  4.7700000000E+00  1.12977E-04  6.42243E-02
  4.7700000000E+00  4.7800000000E+00  1.13113E-04  5.08183E-02
  4.7800000000E+00  4.7900000000E+00  1.13312E-04  4.67837E-02
  4.7900000000E+00  4.8000000000E+00  1.13432E-04  4.48801E-02
  4.8000000000E+00  4.8100000000E+00  1.13522E-04  3.08272E-02
  4.8100000000E+00  4.8200000000E+00  1.13693E-04  4.05030E-02
  4.8200000000E+00  4.8300000000E+00  1.13709E-04  3.65039E-02
  4.8300000000E+00  4.8400000000E+00  1.13855E-04  7.37207E-02
  4.8400000000E+00  4.8500000000E+00  1.14061E-04  4.14204E-02
  4.8500000000E+00  4.8600000000E+00  1.14182E-04  1.65821E-02
  4.8600000000E+00  4.8700000000E+00  1.14311E-04  4.84546E-02
  4.8700000000E+00  4.8800000000E+00  1.14423E-04  3.88063E-02
  4.8800000000E+00  4.8900000000E+00  1.14537E-04  4.25494E-02
  4.8900000000E+00  4.9000000000E+00  1.14645E-04  3.66153E-02
  4.9000000000E+00  4.9100000000E+00  1.14805E-04  3.16455E-02
  4.9100000000E+00  4.9200000000E+00  1.15001E-04  1.96158E-02
  4.9200000000E+00  4.9300000000E+00  1.15129E-04  2.84417E-02
  4.9300000000E+00  4.9400000000E+00  1.15310E-04  1.34059E-02
  4.9400000000E+00  4.9500000000E+00  1.15522E-04  3.18173E-02
  4.9500000000E+00  4.9600000000E+00  1.15582E-04  2.69813E-02
  4.9600000000E+00  4.9700000000E+00  1.15827E-04  1.97594E-02
  4.9700000000E+00  4.9800000000E+00  1.15932E-04  5.28693E-02
  4.9800000000E+00  4.9900000000E+00  1.16175E-04  3.68885E-02
  4.9900000000E+00  5.0000000000E+00  1.16420E-04  1.90180E-02
  5.0000000000E+00  5.0100000000E+00  1.16655E-04  2.45150E-02
  5.0100000000E+00  5.0200000000E+00  1.16885E-04  2.34574E-02
  5.0200000000E+00  5.0300000000E+00  1.17022E-04  1.99849E-02
  5.0300000000E+00  5.0400000000E+00  1.17265E-04  3.47536E-02
  5.0400000000E+00  5.0500000000E+00  1.17353E-04  4.37202E-02
  5.0500000000E+00  5.0600000000E+00  1.17759E-04  6.37977E-02
  5.0600000000E+00  5.0700000000E+00  1.17927E-04  2.52423E-02
  5.0700000000E+00  5.0800000000E+00  1.18233E-04  5.11589E-02
  5.0800000000E+00  5.0900000000E+00  1.18440E-04  3.65724E-02
  5.0900000000E+00  5.1000000000E+00  1.18681E-04  3.84005E-02
  5.1000000000E+00  5.1100000000E+00  1.18921E-04  3.25309E-02
  5.1100000000E+00  5.1200000000E+00  1.19196E-04  6.84427E-02
  5.1200000000E+00  5.1300000000E+00  1.19548E-04  2.27542E-02
  5.1300000000E+00  5.1400000000E+00  1.19762E-04  3.75951E-02
  5.1400000000E+00  5.1500000000E+00  1.20040E-04  3.77699E-02
  5.1500000000E+00  5.1600000000E+00  1.20390E-04  4.14970E-02
  5.1600000000E+00  5.1700000000E+00  1.20722E-04  4.52470E-02
  5.1700000000E+00  5.1800000000E+00  1.21024E-04  3.37731E-02
  5.1800000000E+00  5.1900000000E+00  1.21322E-04  2.79279E-02
  5.1900000000E+00  5.2000000000E+00  1.21579E-04  3.26688E-02
  5.2000000000E+00  5.2100000000E+00  1.21910E-04  3.88571E-02
  5.2100000000E+00  5.2200000000E+00  1.22283E-04  4.75434E-02
  5.2200000000E+00  5.2300000000E+00  1.22653E-04  5.74974E-02
  5.2300000000E+00  5.2400000000E+00  1.22852E-04  4.71419E-02
  5.2400000000E+00  5.2500000000E+00  1.23116E-04  5.40307E-02
  5.2500000000E+00  5.2600000000E+00  1.23530E-04  4.13750E-02
  5.2600000000E+00  5.2700000000E+00  1.23826E-04  4.49756E-02
  5.2700000000E+00  5.2800000000E+00  1.24026E-04  4.51459E-02
  5.2800000000E+00  5.2900000000E+00  1.24350E-04  4.01465E-02
  5.2900000000E+00  5.3000000000E+00  1.24653E-04  5.63569E-02
  5.3000000000E+00  5.3100000000E+00  1.24918E-04  3.57905E-02
  5.3100000000E+00  5.3200000000E+00  1.25080E-04  1.87520E-02
  5.3200000000E+00  5.3300000000E+00  1.25359E-04  2.90991E-02
  5.3300000000E+00  5.3400000000E+00  1.25603E-04  2.35869E-02
  5.3400000000E+00  5.3500000000E+00  1.25662E-04  4.36689E-02
  5.3500000000E+00  5.3600000000E+00  1.25807E-04  4.30791E-02
  5.3600000000E+00  5.3700000000E+00  1.25833E-04  6.93726E-02
  5.3700000000E+00  5.3800000000E+00  1.25867E-04  4.95759E-02
  5.3800000000E+00  5.3900000000E+00  1.26049E-04  2.59896E-02
  5.3900000000E+00  5.4000000000E+00  1.26096E-04  4.03678E-02
  5.4000000000E+00  5.4100000000E+00  1.26087E-04  2.95224E-02
  5.4100000000E+00  5.4200000000E+00  1.26017E-04  4.02794E-02
  5.4200000000E+00  5.4300000000E+00  1.25920E-04  4.64595E-02
  5.4300000000E+00  5.4400000000E+00  1.25785E-04  3.15706E-02
  5.4400000000E+00  5.4500000000E+00  1.25639E-04  3.69851E-02
  5.4500000000E+00  5.4600000000E+00  1.25522E-04  4.62308E-02
  5.4600000000E+00  5.4700000000E+00  1.25343E-04  2.82789E-02
  5.4700000000E+00  5.4800000000E+00  1.25211E-04  5.09248E-02
  5.4800000000E+00  5.4900000000E+00  1.24959E-04  4.09568E-02
  5.4900000000E+00  5.5000000000E+00  1.24758E-04  3.72105E-02
  5.5000000000E+00  5.5100000000E+00  1.24641E-04  2.28440E-02
  5.5100000000E+00  5.5200000000E+00  1.24409E-04  4.20710E-02
  5.5200000000E+00  5.5300000000E+00  1.24116E-04  4.87691E-02
  5.5300000000E+00  5.5400000000E+00  1.23968E-04  1.67000E-02
  5.5400000000E+00  5.5500000000E+00  1.23736E-04  1.49203E-02
  5.5500000000E+00  5.5600000000E+00  1.23562E-04  1.95300E-02
  5.5600000000E+00  5.5700000000E+00  1.23321E-04  4.08252E-02
  5.5700000000E+00  5.5800000000E+00  1.23169E-04  4.75340E-02
  5.5800000000E+00  5.5900000000E+00  1.23035E-04  3.05151E-02
  5.5900000000E+00  5.6000000000E+00  1.22881E-04  2.28980E-02
  5.6000000000E+00  5.6100000000E+00  1.22801E-04  1.90977E-02
  5.6100000000E+00  5.6200000000E+00  1.22623E-04  3.20563E-02
  5.6200000000E+00  5.6300000000E+00  1.22535E-04  3.39595E-02
  5.6300000000E+00  5.6400000000E+00  1.22452E-04  5.61875E-02
  5.6400000000E+00  5.6500000000E+00  1.22406E-04  3.57656E-02
  5.6500000000E+00  5.6600000000E+00  1.22374E-04  7.94623E-02
  5.6600000000E+00  5.6700000000E+00  1.22300E-04  3.96731E-02
  5.6700000000E+00  5.6800000000E+00  1.22338E-04  5.65981E-02
  5.6800000000E+00  5.6900000000E+00  1.22337E-04  4.99339E-02
  5.6900000000E+00  5.7000000000E+00  1.22411E-04  3.05163E-02
  5.7000000000E+00  5.7100000000E+00  1.22353E-04  3.66865E-02
  5.7100000000E+00  5.7200000000E+00  1.22422E-04  3.00342E-02
  5.7200000000E+00  5.7300000000E+00  1.22473E-04  4.49910E-02
  5.7300000000E+00  5.7400000000E+00  1.22462E-04  2.04649E-02
  5.7400000000E+00  5.7500000000E+00  1.22524E-04  4.72653E-02
  5.7500000000E+00  5.7600000000E+00  1.22584E-04  5.83099E-02
  5.7600000000E+00  5.7700000000E+00  1.22554E-04  1.99097E-02
  5.7700000000E+00  5.7800000000E+00  1.22504E-04  2.13096E-02
  5.7800000000E+00  5.7900000000E+00  1.22446E-04  7.37278E-02
  5.7900000000E+00  5.8000000000E+00  1.22464E-04  5.12728E-02
  5.8000000000E+00  5.8100000000E+00  1.22449E-04  4.58931E-02
  5.8100000000E+00  5.8200000000E+00  1.22330E-04  7.49165E-02
  5.8200000000E+00  5.8300000000E+00  1.22383E-04  6.02789E-02
  5.8300000000E+00  5.8400000000E+00  1.22219E-04  2.85760E-02
  5.8400000000E+00  5.8500000000E+00  1.22131E-04  6.32848E-02
  5.8500000000E+00  5.8600000000E+00  1.22112E-04  6.65962E-02
  5.8600000000E+00  5.8700000000E+00  1.21866E-04  5.68254E-03
  5.8700000000E+00  5.8800000000E+00  1.21737E-04  6.83576E-02
  5.8800000000E+00  5.8900000000E+00  1.21605E-04  3.72670E-02
  5.8900000000E+00  5.9000000000E+00  1.21427E-04  6.01252E-02
  5.9000000000E+00  5.9100000000E+00  1.21299E-04  5.74183E-02
  5.9100000000E+00  5.9200000000E+00  1.21122E-04  4.77783E-02
  5.9200000000E+00  5.9300000000E+00  1.20990E-04  4.17811E-02
  5.9300000000E+00  5.9400000000E+00  1.20890E-04  3.97414E-02
  5.9400000000E+00  5.9500000000E+00  1.20811E-04  3.04029E-02
  5.9500000000E+00  5.9600000000E+00  1.20651E-04  2.12933E-02
  5.9600000000E+00  5.9700000000E+00  1.20569E-04  1.92722E-02
  5.9700000000E+00  5.9800000000E+00  1.20477E-04  2.93179E-02
  5.9800000000E+00  5.9900000000E+00  1.20405E-04  2.74813E-02
  5.9900000000E+00  6.0000000000E+00  1.20384E-04  2.30296E-02
  6.0000000000E+00  6.0100000000E+00  1.20308E-04  6.17823E-02
  6.0100000000E+00  6.0200000000E+00  1.20257E-04  4.65543E-02
  6.0200000000E+00  6.0300000000E+00  1.20248E-04  5.54197E-02
  6.0300000000E+00  6.0400000000E+00  1.20250E-04  2.63933E-02
  6.0400000000E+00  6.0500000000E+00  1.20323E-04  5.51202E-02
  6.0500000000E+00  6.0600000000E+00  1.20276E-04  3.07383E-02
  6.0600000000E+00  6.0700000000E+00  1.20275E-04  6.33796E-02
  6.0700000000E+00  6.0800000000E+00  1.20421E-04  3.92941E-02
  6.0800000000E+00  6.0900000000E+00  1.20484E-04  3.40068E-02
  6.0900000000E+00  6.1000000000E+00  1.20627E-04  4.45306E-02
  6.1000000000E+00  6.1100000000E+00  1.20610E-04  4.81000E-02
  6.1100000000E+00  6.1200000000E+00  1.20648E-04  3.13116E-02
  6.1200000000E+00  6.1300000000E+00  1.20708E-04  4.34618E-02
  6.1300000000E+00  6.1400000000E+00  1.20680E-04  5.55069E-02
  6.1400000000E+00  6.1500000000E+00  1.20778E-04  4.81256E-02
  6.1500000000E+00  6.1600000000E+00  1.20832E-04  3.70083E-02
  6.1600000000E+00  6.1700000000E+00  1.20895E-04  6.39694E-02
  6.1700000000E+00  6.1800000000E+00  1.20880E-04  6.64165E-02
  6.1800000000E+00  6.1900000000E+00  1.20960E-04  6.93470E-02
  6.1900000000E+00  6.2000000000E+00  1.20848E-04  7.07002E-02
  6.2000000000E+00  6.2100000000E+00  1.20858E-04  6.22784E-02
  6.2100000000E+00  6.2200000000E+00  1.20794E-04  9.11937E-02
  6.2200000000E+00  6.2300000000E+00  1.20685E-04  6.89988E-02
  6.2300000000E+00  6.2400000000E+00  1.20634E-04  5.37495E-02
  6.2400000000E+00  6.2500000000E+00  1.20541E-04  5.40618E-02
  6.2500000000E+00  6.2600000000E+00  1.20308E-04  3.90775E-02
  6.2600000000E+00  6.2700000000E+00  1.20311E-04  8.80984E-02
  6.2700000000E+00  6.2800000000E+00  1.20064E-04  4.45959E-02
  6.2800000000E+00  6.2900000000E+00  1.20021E-04  8.63702E-02
  6.2900000000E+00  6.3000000000E+00  1.19829E-04  5.53367E-02
  6.3000000000E+00  6.3100000000E+00  1.19719E-04  5.14547E-02
  6.3100000000E+00  6.3200000000E+00  1.19531E-04  4.42475E-02
  6.3200000000E+00  6.3300000000E+00  1.19308E-04  3.45810E-02
  6.3300000000E+00  6.3400000000E+00  1.19170E-04  3.15475E-02
  6.3400000000E+00  6.3500000000E+00  1.19011E-04  4.16880E-02
  6.3500000000E+00  6.3600000000E+00  1.18974E-04  4.55516E-02
  6.3600000000E+00  6.3700000000E+00  1.18837E-04  3.23570E-02
  6.3700000000E+00  6.3800000000E+00  1.18578E-04  4.72825E-02
  6.3800000000E+00  6.3900000000E+00  1.18575E-04  4.98833E-02
  6.3900000000E+00  6.4000000000E+00  1.18496E-04  7.80340E-02
  6.4000000000E+00  6.4100000000E+00  1.18436E-04  4.67378E-02
  6.4100000000E+00  6.4200000000E+00  1.18399E-04  7.70948E-02
  6.4200000000E+00  6.4300000000E+00  1.18350E-04  3.20195E-02
  6.4300000000E+00  6.4400000000E+00  1.18299E-04  5.69090E-02
  6.4400000000E+00  6.4500000000E+00  1.18281E-04  5.08217E-02
  6.4500000000E+00  6.4600000000E+00  1.18230E-04  2.56800E-02
  6.4600000000E+00  6.4700000000E+00  1.18329E-04  5.99970E-02
  6.4700000000E+00  6.4800000000E+00  1.18339E-04  4.12370E-02
  6.4800000000E+00  6.4900000000E+00  1.18346E-04  5.04769E-02
  6.4900000000E+00  6.5000000000E+00  1.18316E-04  2.85994E-02
  6.5000000000E+00  6.5100000000E+00  1.18430E-04  3.94630E-02
  6.5100000000E+00  6.5200000000E+00  1.18614E-04  4.58696E-02
  6.5200000000E+00  6.5300000000E+00  1.18505E-04  6.52416E-02
  6.5300000000E+00  6.5400000000E+00  1.18645E-04  6.54161E-02
  6.5400000000E+00  6.5500000000E+00  1.18714E-04  5.46128E-02
  6.5500000000E+00  6.5600000000E+00  1.18777E-04  5.81033E-02
  6.5600000000E+00  6.5700000000E+00  1.18744E-04  3.82192E-02
  6.5700000000E+00  6.5800000000E+00  1.18792E-04  5.49375E-02
  6.5800000000E+00  6.5900000000E+00  1.18820E-04  3.34905E-02
  6.5900000000E+00  6.6000000000E+00  1.18856E-04  5.86094E-02
  6.6000000000E+00  6.6100000000E+00  1.18916E-04  5.60321E-02
  6.6100000000E+00  6.6200000000E+00  1.18843E-04  2.89855E-02
  6.6200000000E+00  6.6300000000E+00  1.18755E-04  5.26976E-02
  6.6300000000E+00  6.6400000000E+00  1.18796E-04  2.34294E-02
  6.6400000000E+00  6.6500000000E+00  1.18719E-04  4.42363E-02
  6.6500000000E+00  6.6600000000E+00  1.18655E-04  4.71714E-02
  6.6600000000E+00  6.6700000000E+00  1.18536E-04  6.26557E-02
  6.6700000000E+00  6.6800000000E+00  1.18439E-04  5.65191E-02
  6.6800000000E+00  6.6900000000E+00  1.18325E-04  3.95678E-02
  6.6900000000E+00  6.7000000000E+00  1.18178E-04  7.54359E-02
  6.7000000000E+00  6.7100000000E+00  1.18050E-04  6.01329E-02
  6.7100000000E+00  6.7200000000E+00  1.17962E-04  3.54025E-02
  6.7200000000E+00  6.7300000000E+00  1.17839E-04  7.48358E-02
  6.7300000000E+00  6.7400000000E+00  1.17692E-04  6.28890E-02
  6.7400000000E+00  6.7500000000E+00  1.17594E-04  7.31252E-02
  6.7500000000E+00  6.7600000000E+00  1.17307E-04  4.60812E-02
  6.7600000000E+00  6.7700000000E+00  1.17172E-04  3.21150E-02
  6.7700000000E+00  6.7800000000E+00  1.17069E-04  5.37613E-02
  6.7800000000E+00  6.7900000000E+00  1.16899E-04  8.50501E-02
  6.7900000000E+00  6.8000000000E+00  1.16844E-04  6.23306E-02
  6.8000000000E+00  6.8100000000E+00  1.16784E-04  1.03960E-01
  6.8100000000E+00  6.8200000000E+00  1.16718E-04  6.30638E-02
  6.8200000000E+00  6.8300000000E+00  1.16671E-04  7.94609E-02
  6.8300000000E+00  6.8400000000E+00  1.16566E-04  7.87796E-02
  6.8400000000E+00  6.8500000000E+00  1.16565E-04  9.67983E-02
  6.8500000000E+00  6.8600000000E+00  1.16504E-04  8.09289E-02
  6.8600000000E+00  6.8700000000E+00  1.16493E-04  6.72122E-02
  6.8700000000E+00  6.8800000000E+00  1.16502E-04  5.90934E-02
  6.8800000000E+00  6.8900000000E+00  1.16562E-04  6.35558E-02
  6.8900000000E+00  6.9000000000E+00  1.16601E-04  8.41725E-02
  6.9000000000E+00  6.9100000000E+00  1.16687E-04  4.98035E-02
  6.9100000000E+00  6.9200000000E+00  1.16761E-04  7.75343E-02
  6.9200000000E+00  6.9300000000E+00  1.16763E-04  8.06684E-02
  6.9300000000E+00  6.9400000000E+00  1.16812E-04  5.58033E-02
  6.9400000000E+00  6.9500000000E+00  1.16872E-04  5.28049E-02
  6.9500000000E+00  6.9600000000E+00  1.16968E-04  5.61007E-02
  6.9600000000E+00  6.9700000000E+00  1.17062E-04  5.74241E-02
  6.9700000000E+00  6.9800000000E+00  1.17106E-04  6.04261E-02
  6.9800000000E+00  6.9900000000E+00  1.17125E-04  5.74769E-02
  6.9900000000E+00  7.0000000000E+00  1.17140E-04  6.00810E-02
  7.0000000000E+00  7.0100000000E+00  1.17226E-04  7.16019E-02
  7.0100000000E+00  7.0200000000E+00  1.17235E-04  3.28574E-02
  7.0200000000E+00  7.0300000000E+00  1.17270E-04  8.28016E-02
  7.0300000000E+00  7.0400000000E+00  1.17245E-04  8.79067E-02
  7.0400000000E+00  7.0500000000E+00  1.17218E-04  5.66418E-02
  7.0500000000E+00  7.0600000000E+00  1.17118E-04  7.48078E-02
  7.0600000000E+00  7.0700000000E+00  1.17104E-04  8.56903E-02
  7.0700000000E+00  7.0800000000E+00  1.16992E-04  9.07294E-02
  7.0800000000E+00  7.0900000000E+00  1.16851E-04  6.80066E-02
  7.0900000000E+00  7.1000000000E+00  1.16765E-04  6.24934E-02
  7.1000000000E+00  7.1100000000E+00  1.16573E-04  5.38351E-02
  7.1100000000E+00  7.1200000000E+00  1.16439E-04  5.79182E-02
  7.1200000000E+00  7.1300000000E+00  1.16317E-04  6.77929E-02
  7.1300000000E+00  7.1400000000E+00  1.16126E-04  8.19301E-02
  7.1400000000E+00  7.1500000000E+00  1.15893E-04  8.02085E-02
  7.1500000000E+00  7.1600000000E+00  1.15772E-04  9.09684E-02
  7.1600000000E+00  7.1700000000E+00  1.15661E-04  9.29888E-02
  7.1700000000E+00  7.1800000000E+00  1.15392E-04  8.71489E-02
  7.1800000000E+00  7.1900000000E+00  1.15191E-04  9.25606E-02
  7.1900000000E+00  7.2000000000E+00  1.14997E-04  8.71700E-02
  7.2000000000E+00  7.2100000000E+00  1.14843E-04  6.68518E-02
  7.2100000000E+00  7.2200000000E+00  1.14661E-04  6.78758E-02
  7.2200000000E+00  7.2300000000E+00  1.14460E-04  6.86035E-02
  7.2300000000E+00  7.2400000000E+00  1.14366E-04  6.17951E-02
  7.2400000000E+00  7.2500000000E+00  1.14216E-04  4.06150E-02
  7.2500000000E+00  7.2600000000E+00  1.14098E-04  4.35809E-02
  7.2600000000E+00  7.2700000000E+00  1.14050E-04  5.50667E-02
  7.2700000000E+00  7.2800000000E+00  1.13997E-04  7.37514E-02
  7.2800000000E+00  7.2900000000E+00  1.13929E-04  6.37594E-02
  7.2900000000E+00  7.3000000000E+00  1.13937E-04  7.91364E-02
  7.3000000000E+00  7.3100000000E+00  1.13856E-04  6.83519E-02
  7.3100000000E+00  7.3200000000E+00  1.13809E-04  7.81356E-02
  7.3200000000E+00  7.3300000000E+00  1.13799E-04  6.11665E-02
  7.3300000000E+00  7.3400000000E+00  1.13756E-04  5.81000E-02
  7.3400000000E+00  7.3500000000E+00  1.13856E-04  3.67536E-02
  7.3500000000E+00  7.3600000000E+00  1.13899E-04  5.65904E-02
  7.3600000000E+00  7.3700000000E+00  1.13914E-04  1.63500E-02
  7.3700000000E+00  7.3800000000E+00  1.13938E-04  5.24486E-02
  7.3800000000E+00  7.3900000000E+00  1.14025E-04  5.64765E-02
  7.3900000000E+00  7.4000000000E+00  1.14037E-04  9.41592E-02
  7.4000000000E+00  7.4100000000E+00  1.14081E-04  7.39273E-02
  7.4100000000E+00  7.4200000000E+00  1.14094E-04  8.08835E-02
  7.4200000000E+00  7.4300000000E+00  1.14059E-04  7.90619E-02
  7.4300000000E+00  7.4400000000E+00  1.14138E-04  8.49947E-02
  7.4400000000E+00  7.4500000000E+00  1.14144E-04  7.05759E-02
  7.4500000000E+00  7.4600000000E+00  1.14181E-04  7.93131E-02
  7.4600000000E+00  7.4700000000E+00  1.14123E-04  6.96739E-02
  7.4700000000E+00  7.4800000000E+00  1.14095E-04  9.77114E-02
  7.4800000000E+00  7.4900000000E+00  1.13970E-04  9.19927E-02
  7.4900000000E+00  7.5000000000E+00  1.14025E-04  5.08188E-02
  7.5000000000E+00  7.5100000000E+00  1.13866E-04  4.60731E-02
  7.5100000000E+00  7.5200000000E+00  1.13668E-04  4.84053E-02
  7.5200000000E+00  7.5300000000E+00  1.13550E-04  7.49105E-02
  7.5300000000E+00  7.5400000000E+00  1.13503E-04  4.16193E-02
  7.5400000000E+00  7.5500000000E+00  1.13325E-04  7.08346E-02
  7.5500000000E+00  7.5600000000E+00  1.13147E-04  7.18438E-02
  7.5600000000E+00  7.5700000000E+00  1.12912E-04  4.88239E-02
  7.5700000000E+00  7.5800000000E+00  1.12841E-04  7.67668E-02
  7.5800000000E+00  7.5900000000E+00  1.12590E-04  6.30507E-02
  7.5900000000E+00  7.6000000000E+00  1.12343E-04  8.34533E-02
  7.6000000000E+00  7.6100000000E+00  1.12150E-04  6.14288E-02
  7.6100000000E+00  7.6200000000E+00  1.12024E-04  8.10393E-02
  7.6200000000E+00  7.6300000000E+00  1.11786E-04  8.11409E-02
  7.6300000000E+00  7.6400000000E+00  1.11526E-04  6.90557E-02
  7.6400000000E+00  7.6500000000E+00  1.11322E-04  7.66093E-02
  7.6500000000E+00  7.6600000000E+00  1.11095E-04  9.47489E-02
  7.6600000000E+00  7.6700000000E+00  1.11013E-04  3.94345E-02
  7.6700000000E+00  7.6800000000E+00  1.10834E-04  8.14574E-02
  7.6800000000E+00  7.6900000000E+00  1.10764E-04  8.70779E-02
  7.6900000000E+00  7.7000000000E+00  1.10534E-04  1.07358E-01
  7.7000000000E+00  7.7100000000E+00  1.10590E-04  1.03635E-01
  7.7100000000E+00  7.7200000000E+00  1.10447E-04  1.00482E-01
  7.7200000000E+00  7.7300000000E+00  1.10357E-04  6.98244E-02
  7.7300000000E+00  7.7400000000E+00  1.10278E-04  6.73998E-02
  7.7400000000E+00  7.7500000000E+00  1.10227E-04  5.61295E-02
  7.7500000000E+00  7.7600000000E+00  1.10163E-04  5.65729E-02
  7.7600000000E+00  7.7700000000E+00  1.10206E-04  6.38152E-02
  7.7700000000E+00  7.7800000000E+00  1.10181E-04  8.07179E-02
  7.7800000000E+00  7.7900000000E+00  1.10323E-04  1.09668E-01
  7.7900000000E+00  7.8000000000E+00  1.10341E-04  9.15918E-02
  7.8000000000E+00  7.8100000000E+00  1.10357E-04  9.48557E-02
  7.8100000000E+00  7.8200000000E+00  1.10509E-04  9.46303E-02
  7.8200000000E+00  7.8300000000E+00  1.10597E-04  1.02314E-01
  7.8300000000E+00  7.8400000000E+00  1.10709E-04  8.32537E-02
  7.8400000000E+00  7.8500000000E+00  1.10770E-04  1.09011E-01
  7.8500000000E+00  7.8600000000E+00  1.10912E-04  1.22671E-01
  7.8600000000E+00  7.8700000000E+00  1.10966E-04  7.45307E-02
  7.8700000000E+00  7.8800000000E+00  1.11050E-04  6.84491E-02
  7.8800000000E+00  7.8900000000E+00  1.11115E-04  4.20722E-02
  7.8900000000E+00  7.9000000000E+00  1.11246E-04  9.47784E-02
  7.9000000000E+00  7.9100000000E+00  1.11237E-04  9.71574E-02
  7.9100000000E+00  7.9200000000E+00  1.11340E-04  8.73622E-02
  7.9200000000E+00  7.9300000000E+00  1.11276E-04  8.81203E-02
  7.9300000000E+00  7.9400000000E+00  1.11308E-04  8.75292E-02
  7.9400000000E+00  7.9500000000E+00  1.11282E-04  8.66234E-02
  7.9500000000E+00  7.9600000000E+00  1.11300E-04  1.03857E-01
  7.9600000000E+00  7.9700000000E+00  1.11269E-04  8.09873E-02
  7.9700000000E+00  7.9800000000E+00  1.11270E-04  1.10347E-01
  7.9800000000E+00  7.9900000000E+00  1.11259E-04  1.16875E-01
  7.9900000000E+00  8.0000000000E+00  1.11094E-04  1.12228E-01
  8.0000000000E+00  8.0100000000E+00  1.11031E-04  1.06804E-01
  8.0100000000E+00  8.0200000000E+00  1.10990E-04  1.34359E-01
  8.0200000000E+00  8.0300000000E+00  1.10945E-04  1.16016E-01
  8.0300000000E+00  8.0400000000E+00  1.10785E-04  1.13084E-01
  8.0400000000E+00  8.0500000000E+00  1.10674E-04  1.25325E-01
  8.0500000000E+00  8.0600000000E+00  1.10547E-04  1.18804E-01
  8.0600000000E+00  8.0700000000E+00  1.10384E-04  1.24325E-01
  8.0700000000E+00  8.0800000000E+00  1.10301E-04  1.31324E-01
  8.0800000000E+00  8.0900000000E+00  1.10202E-04  1.00056E-01
  8.0900000000E+00  8.1000000000E+00  1.10031E-04  1.14039E-01
  8.1000000000E+00  8.1100000000E+00  1.09980E-04  1.13586E-01
  8.1100000000E+00  8.1200000000E+00  1.09859E-04  1.19906E-01
  8.1200000000E+00  8.1300000000E+00  1.09837E-04  7.82702E-02
  8.1300000000E+00  8.1400000000E+00  1.09762E-04  7.47577E-02
  8.1400000000E+00  8.1500000000E+00  1.09676E-04  8.10496E-02
  8.1500000000E+00  8.1600000000E+00  1.09588E-04  1.07958E-01
  8.1600000000E+00  8.1700000000E+00  1.09461E-04  9.00794E-02
  8.1700000000E+00  8.1800000000E+00  1.09342E-04  1.08100E-01
  8.1800000000E+00  8.1900000000E+00  1.09239E-04  1.11835E-01
  8.1900000000E+00  8.2000000000E+00  1.09083E-04  1.18633E-01
  8.2000000000E+00  8.2100000000E+00  1.08937E-04  8.67886E-02
  8.2100000000E+00  8.2200000000E+00  1.08779E-04  8.75566E-02
  8.2200000000E+00  8.2300000000E+00  1.08763E-04  1.05663E-01
  8.2300000000E+00  8.2400000000E+00  1.08570E-04  1.02327E-01
  8.2400000000E+00  8.2500000000E+00  1.08405E-04  6.72320E-02
  8.2500000000E+00  8.2600000000E+00  1.08095E-04  9.63197E-02
  8.2600000000E+00  8.2700000000E+00  1.07919E-04  1.06828E-01
  8.2700000000E+00  8.2800000000E+00  1.07614E-04  9.93707E-02
  8.2800000000E+00  8.2900000000E+00  1.07226E-04  2.45253E-02
  8.2900000000E+00  8.3000000000E+00  1.06826E-04  1.79734E-02
  8.3000000000E+00  8.3100000000E+00  1.06188E-04  7.07022E-02
  8.3100000000E+00  8.3200000000E+00  1.05725E-04  7.27081E-02
  8.3200000000E+00  8.3300000000E+00  1.05106E-04  5.20007E-02
  8.3300000000E+00  8.3400000000E+00  1.04319E-04  5.35524E-02
  8.3400000000E+00  8.3500000000E+00  1.03575E-04  2.15602E-02
  8.3500000000E+00  8.3600000000E+00  1.02618E-04  3.15886E-02
  8.3600000000E+00  8.3700000000E+00  1.01583E-04  2.38008E-02
  8.3700000000E+00  8.3800000000E+00  1.00499E-04  8.46591E-02
  8.3800000000E+00  8.3900000000E+00  9.92432E-05  4.98459E-02
  8.3900000000E+00  8.4000000000E+00  9.77355E-05  1.15440E-01
  8.4000000000E+00  8.4100000000E+00  9.63291E-05  1.16970E-01
  8.4100000000E+00  8.4200000000E+00  9.47722E-05  1.19005E-01
  8.4200000000E+00  8.4300000000E+00  9.30834E-05  7.25955E-02
  8.4300000000E+00  8.4400000000E+00  9.12897E-05  7.98988E-02
  8.4400000000E+00  8.4500000000E+00  8.93949E-05  7.27070E-02
  8.4500000000E+00  8.4600000000E+00  8.74335E-05  9.51204E-02
  8.4600000000E+00  8.4700000000E+00  8.54244E-05  5.62993E-02
  8.4700000000E+00  8.4800000000E+00  8.33499E-05  6.37595E-02
  8.4800000000E+00  8.4900000000E+00  8.11309E-05  7.02122E-02
  8.4900000000E+00  8.5000000000E+00  7.88134E-05  6.92714E-02
  8.5000000000E+00  8.5100000000E+00  7.63696E-05  7.41562E-02
  8.5100000000E+00  8.5200000000E+00  7.39464E-05  1.07653E-01
  8.5200000000E+00  8.5300000000E+00  7.14292E-05  7.53461E-02
  8.5300000000E+00  8.5400000000E+00  6.89168E-05  8.77598E-02
  8.5400000000E+00  8.5500000000E+00  6.63647E-05  1.25586E-01
  8.5500000000E+00  8.5600000000E+00  6.37387E-05  1.20670E-01
  8.5600000000E+00  8.5700000000E+00  6.10553E-05  1.52796E-01
  8.5700000000E+00  8.5800000000E+00  5.83931E-05  1.48020E-01
  8.5800000000E+00  8.5900000000E+00  5.57223E-05  1.93921E-01
  8.5900000000E+00  8.6000000000E+00  5.31177E-05  1.21430E-01
  8.6000000000E+00  8.6100000000E+00  5.05488E-05  1.74910E-01
  8.6100000000E+00  8.6200000000E+00  4.79985E-05  1.38921E-01
  8.6200000000E+00  8.6300000000E+00  4.53725E-05  1.89778E-01
  8.6300000000E+00  8.6400000000E+00  4.28550E-05  1.67446E-01
  8.6400000000E+00  8.6500000000E+00  4.04142E-05  1.83246E-01
  8.6500000000E+00  8.6600000000E+00  3.80384E-05  1.18575E-01
  8.6600000000E+00  8.6700000000E+00  3.56854E-05  1.25631E-01
  8.6700000000E+00  8.6800000000E+00  3.34287E-05  8.01212E-02
  8.6800000000E+00  8.6900000000E+00  3.12517E-05  1.57808E-01
  8.6900000000E+00  8.7000000000E+00  2.92000E-05  2.39657E-01
  8.7000000000E+00  8.7100000000E+00  2.71688E-05  2.26137E-01
  8.7100000000E+00  8.7200000000E+00  2.52946E-05  3.32494E-01
  8.7200000000E+00  8.7300000000E+00  2.34032E-05  2.45770E-01
  8.7300000000E+00  8.7400000000E+00  2.15996E-05  1.76171E-01
  8.7400000000E+00  8.7500000000E+00  1.99453E-05  1.53853E-01
  8.7500000000E+00  8.7600000000E+00  1.83693E-05  2.19333E-01
  8.7600000000E+00  8.7700000000E+00  1.67909E-05  1.34616E-01
  8.7700000000E+00  8.7800000000E+00  1.53891E-05  1.68302E-01
  8.7800000000E+00  8.7900000000E+00  1.40994E-05  3.53057E-01
  8.7900000000E+00  8.8000000000E+00  1.28791E-05  3.08842E-01
  8.8000000000E+00  8.8100000000E+00  1.16936E-05  2.80193E-01
  8.8100000000E+00  8.8200000000E+00  1.06007E-05  5.22226E-01
  8.8200000000E+00  8.8300000000E+00  9.59462E-06  6.37985E-01
  8.8300000000E+00  8.8400000000E+00  8.70317E-06  3.47394E-01
  8.8400000000E+00  8.8500000000E+00  7.86614E-06  6.02740E-01
  8.8500000000E+00  8.8600000000E+00  7.06668E-06  5.74719E-01
  8.8600000000E+00  8.8700000000E+00  6.34105E-06  5.54049E-01
  8.8700000000E+00  8.8800000000E+00  5.67211E-06  4.21256E-01
  8.8800000000E+00  8.8900000000E+00  5.05077E-06  3.39328E-01
  8.8900000000E+00  8.9000000000E+00  4.48959E-06  5.02546E-01
  8.9000000000E+00  8.9100000000E+00  4.00595E-06  5.23903E-01
  8.9100000000E+00  8.9200000000E+00  3.55869E-06  5.61011E-01
  8.9200000000E+00  8.9300000000E+00  3.18322E-06  5.21871E-01
  8.9300000000E+00  8.9400000000E+00  2.78747E-06  5.58414E-01
  8.9400000000E+00  8.9500000000E+00  2.46284E-06  8.89070E-01
  8.9500000000E+00  8.9600000000E+00  2.16470E-06  8.91336E-01
  8.9600000000E+00  8.9700000000E+00  1.91724E-06  6.42091E-01
  8.9700000000E+00  8.9800000000E+00  1.68876E-06  1.01327E+00
  8.9800000000E+00  8.9900000000E+00  1.47603E-06  1.11080E+00
  8.9900000000E+00  9.0000000000E+00  1.30178E-06  1.27725E+00
  9.0000000000E+00  9.0100000000E+00  1.12284E-06  7.00111E-01
  9.0100000000E+00  9.0200000000E+00  9.94620E-07  1.04224E+00
  9.0200000000E+00  9.0300000000E+00  8.71746E-07  1.36734E+00
  9.0300000000E+00  9.0400000000E+00  7.62541E-07  1.34660E+00
  9.0400000000E+00  9.0500000000E+00  6.62198E-07  2.04829E+00
  9.0500000000E+00  9.0600000000E+00  5.75158E-07  1.98543E+00
  9.0600000000E+00  9.0700000000E+00  5.10908E-07  1.69405E+00
  9.0700000000E+00  9.0800000000E+00  4.28652E-07  2.02101E+00
  9.0800000000E+00  9.0900000000E+00  3.74905E-07  2.38437E+00
  9.0900000000E+00  9.1000000000E+00  3.29454E-07  1.97010E+00
  9.1000000000E+00  9.1100000000E+00  2.90321E-07  1.30157E+00
  9.1100000000E+00  9.1200000000E+00  2.47048E-07  1.59507E+00
  9.1200000000E+00  9.1300000000E+00  2.23681E-07  3.41569E+00
  9.1300000000E+00  9.1400000000E+00  1.97082E-07  3.96092E+00
  9.1400000000E+00  9.1500000000E+00  1.76324E-07  4.48814E+00
  9.1500000000E+00  9.1600000000E+00  1.56426E-07  3.85230E+00
  9.1600000000E+00  9.1700000000E+00  1.37568E-07  7.68771E+00
  9.1700000000E+00  9.1800000000E+00  1.20197E-07  3.85609E+00
  9.1800000000E+00  9.1900000000E+00  1.07624E-07  2.55847E+00
  9.1900000000E+00  9.2000000000E+00  1.03081E-07  3.54569E+00
  9.2000000000E+00  9.2100000000E+00  8.76416E-08  5.85337E+00
  9.2100000000E+00  9.2200000000E+00  7.59586E-08  3.73162E+00
  9.2200000000E+00  9.2300000000E+00  6.57759E-08  4.20681E+00
  9.2300000000E+00  9.2400000000E+00  6.54254E-08  4.52190E+00
  9.2400000000E+00  9.2500000000E+00  6.41655E-08  1.18775E+01
  9.2500000000E+00  9.2600000000E+00  5.29354E-08  6.92884E+00
  9.2600000000E+00  9.2700000000E+00  5.78305E-08  9.58575E+00
  9.2700000000E+00  9.2800000000E+00  5.87601E-08  8.63894E+00
  9.2800000000E+00  9.2900000000E+00  5.11091E-08  3.85131E+00
  9.2900000000E+00  9.3000000000E+00  5.48179E-08  1.33747E+01
  9.3000000000E+00  9.3100000000E+00  5.53771E-08  1.19333E+01
  9.3100000000E+00  9.3200000000E+00  5.00838E-08  8.77143E+00
  9.3200000000E+00  9.3300000000E+00  5.34087E-08  1.44992E+01
  9.3300000000E+00  9.3400000000E+00  4.92161E-08  1.09829E+01
  9.3400000000E+00  9.3500000000E+00  4.65320E-08  1.02373E+01
  9.3500000000E+00  9.3600000000E+00  4.43471E-08  1.32436E+01
  9.3600000000E+00  9.3700000000E+00  4.54501E-08  5.67779E+00
  9.3700000000E+00  9.3800000000E+00  4.16307E-08  7.96665E+00
  9.3800000000E+00  9.3900000000E+00  4.26753E-08  4.83162E+00
  9.3900000000E+00  9.4000000000E+00  4.85134E-08  5.73660E+00
  9.4000000000E+00  9.4100000000E+00  4.42718E-08  9.86554E+00
  9.4100000000E+00  9.4200000000E+00  3.63382E-08  7.50577E+00
  9.4200000000E+00  9.4300000000E+00  4.00334E-08  7.75276E+00
  9.4300000000E+00  9.4400000000E+00  4.60384E-08  1.07840E+01
  9.4400000000E+00  9.4500000000E+00  4.35330E-08  6.02644E+00
  9.4500000000E+00  9.4600000000E+00  4.21278E-08  6.97930E+00
  9.4600000000E+00  9.4700000000E+00  4.69764E-08  8.13876E+00
  9.4700000000E+00  9.4800000000E+00  3.85098E-08  7.16892E+00
  9.4800000000E+00  9.4900000000E+00  4.58880E-08  6.14097E+00
  9.4900000000E+00  9.5000000000E+00  4.83872E-08  1.13992E+01
  9.5000000000E+00  9.5100000000E+00  4.06278E-08  6.66249E+00
  9.5100000000E+00  9.5200000000E+00  3.61838E-08  8.41783E+00
  9.5200000000E+00  9.5300000000E+00  4.61226E-08  1.26801E+01
  9.5300000000E+00  9.5400000000E+00  3.95587E-08  9.09058E+00
  9.5400000000E+00  9.5500000000E+00  4.67155E-08  7.23566E+00
  9.5500000000E+00  9.5600000000E+00  3.72251E-08  3.46545E+00
  9.5600000000E+00  9.5700000000E+00  4.32777E-08  4.82242E+00
  9.5700000000E+00  9.5800000000E+00  4.40328E-08  9.74191E+00
  9.5800000000E+00  9.5900000000E+00  4.41109E-08  1.06560E+01
  9.5900000000E+00  9.6000000000E+00  3.88722E-08  4.21944E+00
  9.6000000000E+00  9.6100000000E+00  4.52031E-08  8.67183E+00
  9.6100000000E+00  9.6200000000E+00  3.56472E-08  8.28444E+00
  9.6200000000E+00  9.6300000000E+00  4.40586E-08  1.17078E+01
  9.6300000000E+00  9.6400000000E+00  4.31036E-08  8.30236E+00
  9.6400000000E+00  9.6500000000E+00  4.31681E-08  7.72782E+00
  9.6500000000E+00  9.6600000000E+00  3.89059E-08  8.30855E+00
  9.6600000000E+00  9.6700000000E+00  3.93142E-08  6.47468E+00
  9.6700000000E+00  9.6800000000E+00  4.65709E-08  1.09840E+01
  9.6800000000E+00  9.6900000000E+00  4.29388E-08  4.65763E+00
  9.6900000000E+00  9.7000000000E+00  4.27328E-08  1.29945E+01
  9.7000000000E+00  9.7100000000E+00  4.08311E-08  4.49449E+00
  9.7100000000E+00  9.7200000000E+00  3.70175E-08  8.16169E+00
  9.7200000000E+00  9.7300000000E+00  3.93209E-08  6.06392E+00
  9.7300000000E+00  9.7400000000E+00  3.65594E-08  6.09585E+00
  9.7400000000E+00  9.7500000000E+00  3.60757E-08  4.85666E+00
  9.7500000000E+00  9.7600000000E+00  4.10220E-08  2.74727E+00
  9.7600000000E+00  9.7700000000E+00  4.29076E-08  1.20991E+01
  9.7700000000E+00  9.7800000000E+00  4.24104E-08  7.49408E+00
  9.7800000000E+00  9.7900000000E+00  3.39051E-08  4.25203E+00
  9.7900000000E+00  9.8000000000E+00  4.37976E-08  5.47363E+00
  9.8000000000E+00  9.8100000000E+00  4.26909E-08  1.48199E+01
  9.8100000000E+00  9.8200000000E+00  3.85372E-08  1.17541E+01
  9.8200000000E+00  9.8300000000E+00  4.03952E-08  3.92262E+00
  9.8300000000E+00  9.8400000000E+00  3.53627E-08  8.14825E+00
  9.8400000000E+00  9.8500000000E+00  4.05223E-08  5.57511E+00
  9.8500000000E+00  9.8600000000E+00  4.06618E-08  8.82962E+00
  9.8600000000E+00  9.8700000000E+00  4.32139E-08  5.02636E+00
  9.8700000000E+00  9.8800000000E+00  3.89746E-08  9.76464E+00
  9.8800000000E+00  9.8900000000E+00  3.87031E-08  1.02722E+01
  9.8900000000E+00  9.9000000000E+00  3.25420E-08  7.49004E+00
  9.9000000000E+00  9.9100000000E+00  4.80948E-08  8.72962E+00
  9.9100000000E+00  9.9200000000E+00  4.47298E-08  7.30488E+00
  9.9200000000E+00  9.9300000000E+00  3.79892E-08  7.60970E+00
  9.9300000000E+00  9.9400000000E+00  3.76036E-08  7.08054E+00
  9.9400000000E+00  9.9500000000E+00  3.59492E-08  8.50422E+00
  9.9500000000E+00  9.9600000000E+00  4.38120E-08  1.31780E+01
  9.9600000000E+00  9.9700000000E+00  4.12109E-08  6.95198E+00
  9.9700000000E+00  9.9800000000E+00  3.98508E-08  5.36406E+00
  9.9800000000E+00  9.9900000000E+00  3.96130E-08  8.90358E+00
  9.9900000000E+00  1.0000000000E+01  4.31310E-08  4.65562E+00
  1.0000000000E+01  1.0010000000E+01  4.08446E-08  7.50021E+00
  1.0010000000E+01  1.0020000000E+01  4.03654E-08  8.63485E+00
  1.0020000000E+01  1.0030000000E+01  4.02688E-08  8.34444E+00
  1.0030000000E+01  1.0040000000E+01  4.03086E-08  1.21607E+01
  1.0040000000E+01  1.0050000000E+01  4.32754E-08  6.34926E+00
  1.0050000000E+01  1.0060000000E+01  3.72702E-08  1.38538E+01
  1.0060000000E+01  1.0070000000E+01  4.15067E-08  9.12413E+00
  1.0070000000E+01  1.0080000000E+01  3.40842E-08  6.87902E+00
  1.0080000000E+01  1.0090000000E+01  4.46191E-08  7.54175E+00
  1.0090000000E+01  1.0100000000E+01  4.25913E-08  3.43737E+00
  1.0100000000E+01  1.0110000000E+01  4.60448E-08  1.48846E+01
  1.0110000000E+01  1.0120000000E+01  4.08141E-08  1.15035E+01
  1.0120000000E+01  1.0130000000E+01  3.71022E-08  3.92926E+00
  1.0130000000E+01  1.0140000000E+01  3.74997E-08  7.42359E+00
  1.0140000000E+01  1.0150000000E+01  3.95360E-08  4.78074E+00
  1.0150000000E+01  1.0160000000E+01  4.08355E-08  1.41449E+01
  1.0160000000E+01  1.0170000000E+01  4.04239E-08  9.22319E+00
  1.0170000000E+01  1.0180000000E+01  4.09226E-08  7.37135E+00
  1.0180000000E+01  1.0190000000E+01  3.89548E-08  1.01594E+01
  1.0190000000E+01  1.0200000000E+01  3.49760E-08  1.11810E+01
  1.0200000000E+01  1.0210000000E+01  3.98679E-08  8.04584E+00
  1.0210000000E+01  1.0220000000E+01  3.52080E-08  9.92540E+00
  1.0220000000E+01  1.0230000000E+01  4.70415E-08  6.96981E+00
  1.0230000000E+01  1.0240000000E+01  3.49519E-08  6.92739E+00
  1.0240000000E+01  1.0250000000E+01  3.97579E-08  8.11927E+00
  1.0250000000E+01  1.0260000000E+01  3.60068E-08  8.63839E+00
  1.0260000000E+01  1.0270000000E+01  2.96162E-08  3.42738E+00
  1.0270000000E+01  1.0280000000E+01  3.09631E-08  8.07168E+00
  1.0280000000E+01  1.0290000000E+01  3.62626E-08  6.73597E+00
  1.0290000000E+01  1.0300000000E+01  4.10176E-08  1.14982E+01
  1.0300000000E+01  1.0310000000E+01  3.70636E-08  1.10709E+01
  1.0310000000E+01  1.0320000000E+01  3.65732E-08  1.64213E+01
  1.0320000000E+01  1.0330000000E+01  4.03069E-08  7.82396E+00
  1.0330000000E+01  1.0340000000E+01  3.67596E-08  5.04609E+00
  1.0340000000E+01  1.0350000000E+01  3.13741E-08  9.21976E+00
  1.0350000000E+01  1.0360000000E+01  3.72554E-08  1.29739E+01
  1.0360000000E+01  1.0370000000E+01  3.86084E-08  1.20528E+01
  1.0370000000E+01  1.0380000000E+01  3.79825E-08  1.10166E+01
  1.0380000000E+01  1.0390000000E+01  4.04035E-08  1.40548E+01
  1.0390000000E+01  1.0400000000E+01  3.29944E-08  8.15361E+00
  1.0400000000E+01  1.0410000000E+01  3.77882E-08  4.03331E+00
  1.0410000000E+01  1.0420000000E+01  4.08532E-08  9.48958E+00
  1.0420000000E+01  1.0430000000E+01  3.72168E-08  8.87349E+00
  1.0430000000E+01  1.0440000000E+01  3.29469E-08  7.82004E+00
  1.0440000000E+01  1.0450000000E+01  3.75082E-08  9.53011E+00
  1.0450000000E+01  1.0460000000E+01  3.48239E-08  1.02833E+01
  1.0460000000E+01  1.0470000000E+01  3.42258E-08  1.02071E+01
  1.0470000000E+01  1.0480000000E+01  4.29528E-08  4.23573E+00
  1.0480000000E+01  1.0490000000E+01  3.53770E-08  1.00070E+01
  1.0490000000E+01  1.0500000000E+01  3.33502E-08  1.02966E+01
  1.0500000000E+01  1.0510000000E+01  3.90994E-08  1.06788E+01
  1.0510000000E+01  1.0520000000E+01  3.73966E-08  1.49436E+01
  1.0520000000E+01  1.0530000000E+01  3.19292E-08  8.51117E+00
  1.0530000000E+01  1.0540000000E+01  3.91470E-08  5.40949E+00
  1.0540000000E+01  1.0550000000E+01  4.01128E-08  7.60911E+00
  1.0550000000E+01  1.0560000000E+01  3.42961E-08  1.50211E+01
  1.0560000000E+01  1.0570000000E+01  2.97199E-08  9.35658E+00
  1.0570000000E+01  1.0580000000E+01  3.18073E-08  5.45928E+00
  1.0580000000E+01  1.0590000000E+01  3.70402E-08  1.18775E+01
  1.0590000000E+01  1.0600000000E+01  3.46981E-08  1.16009E+01
  1.0600000000E+01  1.0610000000E+01  3.29813E-08  4.33043E+00
  1.0610000000E+01  1.0620000000E+01  3.69490E-08  1.36106E+01
  1.0620000000E+01  1.0630000000E+01  3.75893E-08  9.97167E+00
  1.0630000000E+01  1.0640000000E+01  4.20090E-08  1.17413E+01
  1.0640000000E+01  1.0650000000E+01  3.38891E-08  8.03314E+00
  1.0650000000E+01  1.0660000000E+01  3.89114E-08  6.14978E+00
  1.0660000000E+01  1.0670000000E+01  3.49287E-08  1.26406E+01
  1.0670000000E+01  1.0680000000E+01  3.70276E-08  1.42706E+01
  1.0680000000E+01  1.0690000000E+01  4.06889E-08  1.01180E+01
  1.0690000000E+01  1.0700000000E+01  3.63196E-08  9.53670E+00
  1.0700000000E+01  1.0710000000E+01  4.47507E-08  1.24439E+01
  1.0710000000E+01  1.0720000000E+01  3.45842E-08  8.30706E+00
  1.0720000000E+01  1.0730000000E+01  3.56561E-08  1.02049E+01
  1.0730000000E+01  1.0740000000E+01  3.57722E-08  7.43848E+00
  1.0740000000E+01  1.0750000000E+01  3.64208E-08  1.02496E+01
  1.0750000000E+01  1.0760000000E+01  4.04384E-08  1.07070E+01
  1.0760000000E+01  1.0770000000E+01  3.72449E-08  1.08938E+01
  1.0770000000E+01  1.0780000000E+01  3.99159E-08  1.70998E+01
  1.0780000000E+01  1.0790000000E+01  3.39870E-08  1.24138E+01
  1.0790000000E+01  1.0800000000E+01  3.37551E-08  5.28838E+00
  1.0800000000E+01  1.0810000000E+01  3.84374E-08  7.92136E+00
  1.0810000000E+01  1.0820000000E+01  3.20762E-08  8.82268E+00
  1.0820000000E+01  1.0830000000E+01  3.03451E-08  7.28251E+00
  1.0830000000E+01  1.0840000000E+01  3.39283E-08  8.21642E+00
  1.0840000000E+01  1.0850000000E+01  3.01464E-08  7.14349E+00
  1.0850000000E+01  1.0860000000E+01  3.35564E-08  5.07303E+00
  1.0860000000E+01  1.0870000000E+01  3.58183E-08  1.46975E+01
  1.0870000000E+01  1.0880000000E+01  3.27101E-08  1.52995E+01
  1.0880000000E+01  1.0890000000E+01  3.76835E-08  1.20399E+01
  1.0890000000E+01  1.0900000000E+01  3.76642E-08  4.16773E+00
  1.0900000000E+01  1.0910000000E+01  3.58628E-08  9.60078E+00
  1.0910000000E+01  1.0920000000E+01  3.76153E-08  1.22615E+01
  1.0920000000E+01  1.0930000000E+01  3.38061E-08  1.27840E+01
  1.0930000000E+01  1.0940000000E+01  2.82874E-08  6.29266E+00
  1.0940000000E+01  1.0950000000E+01  2.87242E-08  5.86030E+00
  1.0950000000E+01  1.0960000000E+01  3.23440E-08  9.90462E+00
  1.0960000000E+01  1.0970000000E+01  3.14608E-08  5.37583E+00
  1.0970000000E+01  1.0980000000E+01  3.33487E-08  1.43289E+01
  1.0980000000E+01  1.0990000000E+01  3.29448E-08  8.24764E+00
  1.0990000000E+01  1.1000000000E+01  4.13357E-08  1.45780E+01
  1.1000000000E+01  1.1010000000E+01  3.24732E-08  7.30086E+00
  1.1010000000E+01  1.1020000000E+01  3.59229E-08  6.19482E+00
  1.1020000000E+01  1.1030000000E+01  3.67285E-08  1.37953E+01
  1.1030000000E+01  1.1040000000E+01  3.18726E-08  6.76563E+00
  1.1040000000E+01  1.1050000000E+01  4.25539E-08  2.74042E+01
  1.1050000000E+01  1.1060000000E+01  3.46422E-08  5.23597E+00
  1.1060000000E+01  1.1070000000E+01  3.59722E-08  6.61435E+00
  1.1070000000E+01  1.1080000000E+01  3.20973E-08  4.22978E+00
  1.1080000000E+01  1.1090000000E+01  2.74492E-08  8.61051E+00
  1.1090000000E+01  1.1100000000E+01  3.64261E-08  6.25630E+00
  1.1100000000E+01  1.1110000000E+01  3.38603E-08  7.80272E+00
  1.1110000000E+01  1.1120000000E+01  3.50671E-08  4.89442E+00
  1.1120000000E+01  1.1130000000E+01  3.42062E-08  8.19986E+00
  1.1130000000E+01  1.1140000000E+01  3.28916E-08  1.24808E+01
  1.1140000000E+01  1.1150000000E+01  4.05538E-08  1.34116E+01
  1.1150000000E+01  1.1160000000E+01  3.14272E-08  4.38754E+00
  1.1160000000E+01  1.1170000000E+01  3.29537E-08  8.19583E+00
  1.1170000000E+01  1.1180000000E+01  3.13740E-08  3.74226E+00
  1.1180000000E+01  1.1190000000E+01  3.50728E-08  1.52006E+01
  1.1190000000E+01  1.1200000000E+01  2.88930E-08  6.42722E+00
  1.1200000000E+01  1.1210000000E+01  3.36866E-08  7.37247E+00
  1.1210000000E+01  1.1220000000E+01  3.22090E-08  1.36642E+01
  1.1220000000E+01  1.1230000000E+01  3.65178E-08  4.75196E+00
  1.1230000000E+01  1.1240000000E+01  3.37781E-08  8.72502E+00
  1.1240000000E+01  1.1250000000E+01  3.31688E-08  1.07179E+01
  1.1250000000E+01  1.1260000000E+01  2.97741E-08  1.95364E+00
  1.1260000000E+01  1.1270000000E+01  3.08568E-08  1.26273E+01
  1.1270000000E+01  1.1280000000E+01  3.52259E-08  1.73777E+01
  1.1280000000E+01  1.1290000000E+01  2.86631E-08  1.09274E+01
  1.1290000000E+01  1.1300000000E+01  3.20502E-08  1.69078E+01
  1.1300000000E+01  1.1310000000E+01  2.92274E-08  1.27158E+01
  1.1310000000E+01  1.1320000000E+01  3.12866E-08  8.22285E+00
  1.1320000000E+01  1.1330000000E+01  2.74000E-08  1.47654E+01
  1.1330000000E+01  1.1340000000E+01  3.24757E-08  6.99403E+00
  1.1340000000E+01  1.1350000000E+01  2.75375E-08  6.07449E+00
  1.1350000000E+01  1.1360000000E+01  3.31396E-08  4.45713E+00
  1.1360000000E+01  1.1370000000E+01  2.93720E-08  1.26980E+01
  1.1370000000E+01  1.1380000000E+01  3.26049E-08  6.44682E+00
  1.1380000000E+01  1.1390000000E+01  2.81612E-08  4.51784E+00
  1.1390000000E+01  1.1400000000E+01  2.84502E-08  5.82888E+00
  1.1400000000E+01  1.1410000000E+01  3.48464E-08  8.26663E+00
  1.1410000000E+01  1.1420000000E+01  3.64180E-08  1.63891E+01
  1.1420000000E+01  1.1430000000E+01  3.43355E-08  1.48692E+01
  1.1430000000E+01  1.1440000000E+01  2.72406E-08  8.55201E+00
  1.1440000000E+01  1.1450000000E+01  2.59425E-08  1.25646E+01
  1.1450000000E+01  1.1460000000E+01  2.71549E-08  8.12799E+00
  1.1460000000E+01  1.1470000000E+01  2.83890E-08  1.03973E+01
  1.1470000000E+01  1.1480000000E+01  3.24787E-08  2.71048E+00
  1.1480000000E+01  1.1490000000E+01  3.18052E-08  9.06348E+00
  1.1490000000E+01  1.1500000000E+01  2.73499E-08  1.25110E+01
  1.1500000000E+01  1.1510000000E+01  3.19439E-08  8.98594E+00
  1.1510000000E+01  1.1520000000E+01  3.31743E-08  1.66067E+01
  1.1520000000E+01  1.1530000000E+01  3.15657E-08  7.28154E+00
  1.1530000000E+01  1.1540000000E+01  3.11368E-08  1.35175E+01
  1.1540000000E+01  1.1550000000E+01  2.66523E-08  7.86859E+00
  1.1550000000E+01  1.1560000000E+01  3.04744E-08  1.58247E+00
  1.1560000000E+01  1.1570000000E+01  3.12257E-08  9.01432E+00
  1.1570000000E+01  1.1580000000E+01  2.83425E-08  4.32833E+00
  1.1580000000E+01  1.1590000000E+01  2.97516E-08  9.55444E+00
  1.1590000000E+01  1.1600000000E+01  3.14068E-08  8.32205E+00
  1.1600000000E+01  1.1610000000E+01  3.63016E-08  1.03827E+01
  1.1610000000E+01  1.1620000000E+01  3.39183E-08  9.68692E+00
  1.1620000000E+01  1.1630000000E+01  3.42853E-08  1.60242E+01
  1.1630000000E+01  1.1640000000E+01  3.32079E-08  4.10132E+00
  1.1640000000E+01  1.1650000000E+01  3.13165E-08  2.19628E+01
  1.1650000000E+01  1.1660000000E+01  2.47687E-08  1.17230E+01
  1.1660000000E+01  1.1670000000E+01  3.51178E-08  1.80325E+01
  1.1670000000E+01  1.1680000000E+01  2.71412E-08  5.77449E+00
  1.1680000000E+01  1.1690000000E+01  3.62390E-08  1.72540E+01
  1.1690000000E+01  1.1700000000E+01  3.27676E-08  6.09608E+00
  1.1700000000E+01  1.1710000000E+01  3.12399E-08  1.59016E+01
  1.1710000000E+01  1.1720000000E+01  2.73175E-08  7.59000E+00
  1.1720000000E+01  1.1730000000E+01  3.39358E-08  8.89568E+00
  1.1730000000E+01  1.1740000000E+01  2.85405E-08  8.15412E+00
  1.1740000000E+01  1.1750000000E+01  2.56697E-08  7.92651E+00
  1.1750000000E+01  1.1760000000E+01  2.68641E-08  1.48768E+01
  1.1760000000E+01  1.1770000000E+01  2.33088E-08  2.75250E+00
  1.1770000000E+01  1.1780000000E+01  2.82670E-08  5.93823E+00
  1.1780000000E+01  1.1790000000E+01  3.19915E-08  1.46412E+01
  1.1790000000E+01  1.1800000000E+01  3.00379E-08  1.04592E+01
  1.1800000000E+01  1.1810000000E+01  3.42994E-08  1.44970E+01
  1.1810000000E+01  1.1820000000E+01  3.22087E-08  8.92284E+00
  1.1820000000E+01  1.1830000000E+01  2.87799E-08  9.04996E+00
  1.1830000000E+01  1.1840000000E+01  3.00420E-08  1.11162E+01
  1.1840000000E+01  1.1850000000E+01  2.45029E-08  1.44685E+01
  1.1850000000E+01  1.1860000000E+01  2.82636E-08  1.46191E+01
  1.1860000000E+01  1.1870000000E+01  2.99520E-08  1.16083E+01
  1.1870000000E+01  1.1880000000E+01  3.79232E-08  1.88092E+01
  1.1880000000E+01  1.1890000000E+01  3.21485E-08  7.18073E+00
  1.1890000000E+01  1.1900000000E+01  3.36906E-08  8.46558E+00
  1.1900000000E+01  1.1910000000E+01  2.70267E-08  6.72804E+00
  1.1910000000E+01  1.1920000000E+01  3.07800E-08  1.21922E+01
  1.1920000000E+01  1.1930000000E+01  2.86319E-08  1.22440E+01
  1.1930000000E+01  1.1940000000E+01  3.05931E-08  1.11805E+01
  1.1940000000E+01  1.1950000000E+01  2.69788E-08  5.97047E+00
  1.1950000000E+01  1.1960000000E+01  3.26826E-08  1.55238E+01
  1.1960000000E+01  1.1970000000E+01  2.87176E-08  1.01775E+01
  1.1970000000E+01  1.1980000000E+01  2.57786E-08  6.60947E+00
  1.1980000000E+01  1.1990000000E+01  2.94119E-08  9.11387E+00
  1.1990000000E+01  1.2000000000E+01  2.88833E-08  8.23690E+00
  1.2000000000E+01  1.2000000000E+01  2.88833E-08  8.23690E+00
