# Detector n: 1D Projection
  0.0000000000E+00  6.0000000000E-02  1.74065E-04  4.30182E-01
  6.0000000000E-02  1.2000000000E-01  1.75113E-04  6.40375E-01
  1.2000000000E-01  1.8000000000E-01  1.75688E-04  4.94924E-01
  1.8000000000E-01  2.4000000000E-01  1.76837E-04  3.23057E-01
  2.4000000000E-01  3.0000000000E-01  1.76832E-04  2.55156E-01
  3.0000000000E-01  3.6000000000E-01  1.77856E-04  3.59298E-01
  3.6000000000E-01  4.2000000000E-01  1.78047E-04  1.53265E-01
  4.2000000000E-01  4.8000000000E-01  1.80613E-04  4.09031E-01
  4.8000000000E-01  5.4000000000E-01  1.81022E-04  3.51041E-01
  5.4000000000E-01  6.0000000000E-01  1.81155E-04  3.67362E-01
  6.0000000000E-01  6.6000000000E-01  1.81496E-04  2.74042E-01
  6.6000000000E-01  7.2000000000E-01  1.82775E-04  5.63693E-01
  7.2000000000E-01  7.8000000000E-01  1.82812E-04  6.06951E-01
  7.8000000000E-01  8.4000000000E-01  1.83274E-04  6.13425E-01
  8.4000000000E-01  9.0000000000E-01  1.84935E-04  3.16962E-01
  9.0000000000E-01  9.6000000000E-01  1.84965E-04  3.96381E-01
  9.6000000000E-01  1.0200000000E+00  1.86395E-04  7.18937E-01
  1.0200000000E+00  1.0800000000E+00  1.85374E-04  3.23408E-01
  1.0800000000E+00  1.1400000000E+00  1.87130E-04  3.76745E-01
  1.1400000000E+00  1.2000000000E+00  1.87520E-04  4.61000E-01
  1.2000000000E+00  1.2600000000E+00  1.87598E-04  3.07663E-01
  1.2600000000E+00  1.3200000000E+00  1.88097E-04  3.24005E-01
  1.3200000000E+00  1.3800000000E+00  1.87841E-04  3.46827E-01
  1.3800000000E+00  1.4400000000E+00  1.90471E-04  8.87470E-01
  1.4400000000E+00  1.5000000000E+00  1.91854E-04  5.45969E-01
  1.5000000000E+00  1.5600000000E+00  1.91756E-04  4.55226E-01
  1.5600000000E+00  1.6200000000E+00  1.91714E-04  4.85424E-01
  1.6200000000E+00  1.6800000000E+00  1.94052E-04  3.66406E-01
  1.6800000000E+00  1.7400000000E+00  1.93550E-04  5.89474E-01
  1.7400000000E+00  1.8000000000E+00  1.93329E-04  3.01402E-01
  1.8000000000E+00  1.8600000000E+00  1.95287E-04  2.64836E-01
  1.8600000000E+00  1.9200000000E+00  1.96093E-04  5.09673E-01
  1.9200000000E+00  1.9800000000E+00  1.95110E-04  2.93479E-01
  1.9800000000E+00  2.0400000000E+00  1.97792E-04  5.22254E-01
  2.0400000000E+00  2.1000000000E+00  1.97522E-04  3.96668E-01
  2.1000000000E+00  2.1600000000E+00  1.98385E-04  3.47452E-01
  2.1600000000E+00  2.2200000000E+00  1.99826E-04  3.60488E-01
  2.2200000000E+00  2.2800000000E+00  2.01708E-04  5.31272E-01
  2.2800000000E+00  2.3400000000E+00  2.01915E-04  3.50748E-01
  2.3400000000E+00  2.4000000000E+00  2.02198E-04  3.31856E-01
  2.4000000000E+00  2.4600000000E+00  2.02956E-04  2.92934E-01
  2.4600000000E+00  2.5200000000E+00  2.02587E-04  2.45143E-01
  2.5200000000E+00  2.5800000000E+00  2.04206E-04  4.50862E-01
  2.5800000000E+00  2.6400000000E+00  2.06113E-04  1.71731E-01
  2.6400000000E+00  2.7000000000E+00  2.06124E-04  5.16710E-01
  2.7000000000E+00  2.7600000000E+00  2.06334E-04  3.64578E-01
  2.7600000000E+00  2.8200000000E+00  2.08440E-04  3.93430E-01
  2.8200000000E+00  2.8800000000E+00  2.08988E-04  4.03871E-01
  2.8800000000E+00  2.9400000000E+00  2.10707E-04  3.32741E-01
  2.9400000000E+00  3.0000000000E+00  2.12638E-04  2.75914E-01
  3.0000000000E+00  3.0600000000E+00  2.12452E-04  2.46720E-01
  3.0600000000E+00  3.1200000000E+00  2.14797E-04  4.67663E-01
  3.1200000000E+00  3.1800000000E+00  2.14630E-04  4.85314E-01
  3.1800000000E+00  3.2400000000E+00  2.16185E-04  3.61847E-01
  3.2400000000E+00  3.3000000000E+00  2.18073E-04  5.01285E-01
  3.3000000000E+00  3.3600000000E+00  2.18665E-04  3.41245E-01
  3.3600000000E+00  3.4200000000E+00  2.17988E-04  2.45126E-01
  3.4200000000E+00  3.4800000000E+00  2.19046E-04  2.27338E-01
  3.4800000000E+00  3.5400000000E+00  2.19868E-04  6.27938E-01
  3.5400000000E+00  3.6000000000E+00  2.21898E-04  3.99835E-01
  3.6000000000E+00  3.6600000000E+00  2.23681E-04  6.11025E-01
  3.6600000000E+00  3.7200000000E+00  2.24517E-04  6.03316E-01
  3.7200000000E+00  3.7800000000E+00  2.24756E-04  3.43947E-01
  3.7800000000E+00  3.8400000000E+00  2.26825E-04  5.06502E-01
  3.8400000000E+00  3.9000000000E+00  2.29078E-04  5.22781E-01
  3.9000000000E+00  3.9600000000E+00  2.29881E-04  4.21352E-01
  3.9600000000E+00  4.0200000000E+00  2.32274E-04  5.29965E-01
  4.0200000000E+00  4.0800000000E+00  2.33074E-04  5.12455E-01
  4.0800000000E+00  4.1400000000E+00  2.33893E-04  7.59295E-01
  4.1400000000E+00  4.2000000000E+00  2.34367E-04  3.00613E-01
  4.2000000000E+00  4.2600000000E+00  2.37174E-04  3.31773E-01
  4.2600000000E+00  4.3200000000E+00  2.39330E-04  3.53969E-01
  4.3200000000E+00  4.3800000000E+00  2.42321E-04  4.38317E-01
  4.3800000000E+00  4.4400000000E+00  2.42180E-04  3.82874E-01
  4.4400000000E+00  4.5000000000E+00  2.44862E-04  5.03919E-01
  4.5000000000E+00  4.5600000000E+00  2.48580E-04  3.44840E-01
  4.5600000000E+00  4.6200000000E+00  2.51525E-04  4.91849E-01
  4.6200000000E+00  4.6800000000E+00  2.51759E-04  2.89805E-01
  4.6800000000E+00  4.7400000000E+00  2.56148E-04  3.14084E-01
  4.7400000000E+00  4.8000000000E+00  2.58459E-04  3.77143E-01
  4.8000000000E+00  4.8600000000E+00  2.59064E-04  2.43647E-01
  4.8600000000E+00  4.9200000000E+00  2.63655E-04  4.58926E-01
  4.9200000000E+00  4.9800000000E+00  2.66368E-04  3.85244E-01
  4.9800000000E+00  5.0400000000E+00  2.70674E-04  3.65191E-01
  5.0400000000E+00  5.1000000000E+00  2.74533E-04  2.62636E-01
  5.1000000000E+00  5.1600000000E+00  2.78842E-04  2.08175E-01
  5.1600000000E+00  5.2200000000E+00  2.84490E-04  1.87163E-01
  5.2200000000E+00  5.2800000000E+00  2.91246E-04  2.50561E-01
  5.2800000000E+00  5.3400000000E+00  3.00314E-04  2.54340E-01
  5.3400000000E+00  5.4000000000E+00  3.11225E-04  3.81981E-01
  5.4000000000E+00  5.4600000000E+00  3.18191E-04  3.45506E-01
  5.4600000000E+00  5.5200000000E+00  3.07630E-04  2.54612E-01
  5.5200000000E+00  5.5800000000E+00  2.91299E-04  4.57259E-01
  5.5800000000E+00  5.6400000000E+00  2.86483E-04  2.72895E-01
  5.6400000000E+00  5.7000000000E+00  2.91934E-04  4.24608E-01
  5.7000000000E+00  5.7600000000E+00  3.02259E-04  4.56002E-01
  5.7600000000E+00  5.8200000000E+00  3.11087E-04  5.36949E-01
  5.8200000000E+00  5.8800000000E+00  3.13555E-04  5.06141E-01
  5.8800000000E+00  5.9400000000E+00  2.98332E-04  2.74825E-01
  5.9400000000E+00  6.0000000000E+00  2.87741E-04  2.58898E-01
  6.0000000000E+00  6.0600000000E+00  2.89440E-04  3.48740E-01
  6.0600000000E+00  6.1200000000E+00  2.96181E-04  2.31752E-01
  6.1200000000E+00  6.1800000000E+00  3.08839E-04  3.20293E-01
  6.1800000000E+00  6.2400000000E+00  3.18818E-04  1.58536E-01
  6.2400000000E+00  6.3000000000E+00  3.13499E-04  6.19692E-01
  6.3000000000E+00  6.3600000000E+00  2.97959E-04  6.26008E-01
  6.3600000000E+00  6.4200000000E+00  2.86016E-04  4.30150E-01
  6.4200000000E+00  6.4800000000E+00  2.87236E-04  3.96131E-01
  6.4800000000E+00  6.5400000000E+00  2.99011E-04  4.50388E-01
  6.5400000000E+00  6.6000000000E+00  3.10714E-04  4.74859E-01
  6.6000000000E+00  6.6600000000E+00  3.21576E-04  5.33689E-01
  6.6600000000E+00  6.7200000000E+00  3.15640E-04  3.92302E-01
  6.7200000000E+00  6.7800000000E+00  3.00364E-04  3.28307E-01
  6.7800000000E+00  6.8400000000E+00  2.87886E-04  4.90227E-01
  6.8400000000E+00  6.9000000000E+00  2.86664E-04  5.90533E-01
  6.9000000000E+00  6.9600000000E+00  2.97519E-04  6.36152E-01
  6.9600000000E+00  7.0200000000E+00  3.11692E-04  5.30632E-01
  7.0200000000E+00  7.0800000000E+00  3.22777E-04  2.79823E-01
  7.0800000000E+00  7.1400000000E+00  3.22842E-04  6.58996E-01
  7.1400000000E+00  7.2000000000E+00  3.04280E-04  6.21293E-01
  7.2000000000E+00  7.2600000000E+00  2.84910E-04  4.65486E-01
  7.2600000000E+00  7.3200000000E+00  2.81676E-04  5.77654E-01
  7.3200000000E+00  7.3800000000E+00  2.90836E-04  4.17527E-01
  7.3800000000E+00  7.4400000000E+00  3.07440E-04  5.09066E-01
  7.4400000000E+00  7.5000000000E+00  3.22992E-04  5.89394E-01
  7.5000000000E+00  7.5600000000E+00  3.27845E-04  6.11242E-01
  7.5600000000E+00  7.6200000000E+00  3.13249E-04  5.99180E-01
  7.6200000000E+00  7.6800000000E+00  2.89357E-04  5.56363E-01
  7.6800000000E+00  7.7400000000E+00  2.74002E-04  3.58908E-01
  7.7400000000E+00  7.8000000000E+00  2.77989E-04  4.02708E-01
  7.8000000000E+00  7.8600000000E+00  2.95991E-04  3.75543E-01
  7.8600000000E+00  7.9200000000E+00  3.14619E-04  5.80656E-01
  7.9200000000E+00  7.9800000000E+00  3.29374E-04  8.26308E-01
  7.9800000000E+00  8.0400000000E+00  3.26190E-04  5.88992E-01
  8.0400000000E+00  8.1000000000E+00  3.01972E-04  7.73046E-01
  8.1000000000E+00  8.1600000000E+00  2.75769E-04  8.07953E-01
  8.1600000000E+00  8.2200000000E+00  2.68882E-04  9.96082E-01
  8.2200000000E+00  8.2800000000E+00  2.86902E-04  1.07300E+00
  8.2800000000E+00  8.3400000000E+00  3.22577E-04  1.19729E+00
  8.3400000000E+00  8.4000000000E+00  3.50544E-04  1.21110E+00
  8.4000000000E+00  8.4600000000E+00  3.48843E-04  1.52083E+00
  8.4600000000E+00  8.5200000000E+00  2.93081E-04  1.73721E+00
  8.5200000000E+00  8.5800000000E+00  1.91712E-04  1.70818E+00
  8.5800000000E+00  8.6400000000E+00  9.30010E-05  1.93503E+00
  8.6400000000E+00  8.7000000000E+00  2.86598E-05  3.54458E+00
  8.7000000000E+00  8.7600000000E+00  6.48761E-06  7.98144E+00
  8.7600000000E+00  8.8200000000E+00  1.04272E-06  1.89881E+01
  8.8200000000E+00  8.8800000000E+00  8.91292E-08  4.18327E+01
  8.8800000000E+00  8.9400000000E+00  7.11875E-08  3.70285E+01
  8.9400000000E+00  9.0000000000E+00  3.03347E-08  3.30320E+01
  9.0000000000E+00  9.0600000000E+00  8.43315E-08  2.24482E+01
  9.0600000000E+00  9.1200000000E+00  7.52897E-08  3.03100E+01
  9.1200000000E+00  9.1800000000E+00  1.41095E-07  4.95653E+01
  9.1800000000E+00  9.2400000000E+00  9.01827E-08  3.76632E+01
  9.2400000000E+00  9.3000000000E+00  5.41694E-08  4.62470E+01
  9.3000000000E+00  9.3600000000E+00  2.99740E-08  3.33156E+01
  9.3600000000E+00  9.4200000000E+00  1.81549E-08  2.63909E+01
  9.4200000000E+00  9.4800000000E+00  2.78456E-08  5.99812E+01
  9.4800000000E+00  9.5400000000E+00  3.83744E-08  3.55322E+01
  9.5400000000E+00  9.6000000000E+00  2.87292E-08  2.75537E+01
  9.6000000000E+00  9.6600000000E+00  1.36530E-07  4.66430E+01
  9.6600000000E+00  9.7200000000E+00  7.93358E-08  4.04595E+01
  9.7200000000E+00  9.7800000000E+00  1.59544E-07  9.27681E+01
  9.7800000000E+00  9.8400000000E+00  2.74652E-08  3.25129E+01
  9.8400000000E+00  9.9000000000E+00  1.11124E-07  4.07108E+01
  9.9000000000E+00  9.9600000000E+00  3.63420E-08  3.63490E+01
  9.9600000000E+00  1.0020000000E+01  7.39411E-08  2.30059E+01
  1.0020000000E+01  1.0080000000E+01  6.82579E-08  4.17868E+01
  1.0080000000E+01  1.0140000000E+01  6.74508E-08  5.21896E+01
  1.0140000000E+01  1.0200000000E+01  3.56623E-08  3.26990E+01
  1.0200000000E+01  1.0260000000E+01  3.37481E-08  2.87947E+01
  1.0260000000E+01  1.0320000000E+01  4.37983E-08  5.50750E+01
  1.0320000000E+01  1.0380000000E+01  7.26753E-08  6.80558E+01
  1.0380000000E+01  1.0440000000E+01  1.96248E-07  5.58568E+01
  1.0440000000E+01  1.0500000000E+01  8.25781E-08  4.60711E+01
  1.0500000000E+01  1.0560000000E+01  5.44312E-08  9.02738E+01
  1.0560000000E+01  1.0620000000E+01  6.08865E-08  4.27782E+01
  1.0620000000E+01  1.0680000000E+01  1.09494E-07  5.02178E+01
  1.0680000000E+01  1.0740000000E+01  6.84115E-08  7.72188E+01
  1.0740000000E+01  1.0800000000E+01  1.88649E-08  3.37372E+01
  1.0800000000E+01  1.0860000000E+01  1.35943E-08  4.14529E+01
  1.0860000000E+01  1.0920000000E+01  4.40291E-08  4.72279E+01
  1.0920000000E+01  1.0980000000E+01  3.82526E-08  3.54445E+01
  1.0980000000E+01  1.1040000000E+01  3.22022E-08  3.66038E+01
  1.1040000000E+01  1.1100000000E+01  3.97054E-08  2.84783E+01
  1.1100000000E+01  1.1160000000E+01  2.33155E-08  3.63783E+01
  1.1160000000E+01  1.1220000000E+01  2.23482E-08  3.95893E+01
  1.1220000000E+01  1.1280000000E+01  4.14377E-08  3.74426E+01
  1.1280000000E+01  1.1340000000E+01  8.63413E-08  5.61400E+01
  1.1340000000E+01  1.1400000000E+01  4.27822E-08  4.53777E+01
  1.1400000000E+01  1.1460000000E+01  3.29558E-08  5.01805E+01
  1.1460000000E+01  1.1520000000E+01  1.63630E-08  5.30523E+01
  1.1520000000E+01  1.1580000000E+01  1.74832E-08  3.85710E+01
  1.1580000000E+01  1.1640000000E+01  3.24851E-08  6.39375E+01
  1.1640000000E+01  1.1700000000E+01  2.38869E-08  5.13373E+01
  1.1700000000E+01  1.1760000000E+01  8.38026E-08  7.52110E+01
  1.1760000000E+01  1.1820000000E+01  4.61475E-08  3.41759E+01
  1.1820000000E+01  1.1880000000E+01  5.50650E-08  3.08017E+01
  1.1880000000E+01  1.1940000000E+01  3.77328E-08  5.72851E+01
  1.1940000000E+01  1.2000000000E+01  6.74036E-08  2.85909E+01
  1.2000000000E+01  1.2000000000E+01  6.74036E-08  2.85909E+01
