#1PLOTGEOM**USRBIN treatment simulation 24                                                  
# Origin and axis parameters
#  X0PICT=   0.10000E-05  Y0PICT=  -0.75000E+00  Z0PICT=  -0.10000E-10
#  X1PICT=   0.10000E-05  Y1PICT=   0.12500E+01  Z1PICT=   0.12000E+02
#  TYX=   0.00000E+00 TYY=   0.00000E+00 TYZ=   0.10000E+01
#  TXX=   0.00000E+00 TXY=   0.10000E+01 TXZ=   0.00000E+00
#  XAXLEN=   0.20000E+01 YAXLEN=   0.12000E+02
-1.0000012 -6.000007 1e-06 -0.75000025 -9.9999e-07
0.99999875 -6.000007 1e-06 1.2499998 -9.9999e-07


-1.0000012 -6.000007 1e-06 -0.75000025 -1e-06 3 27 0 0 0 0
0 -6.000007 1e-06 0.250001 -1e-06 3 27 0 0 0 0

-1.0000012 0 1e-06 -0.75000025 6.000006 3 27 0 0 0 0
0 0 1e-06 0.250001 6.000006 3 27 0 0 0 0



-0.500001 -3 1e-06 -0.25 3 TARGET WATER
