# Detector n: 1D Projection
  0.0000000000E+00  1.0000000000E-02  7.34874E-05  6.97702E-01
  1.0000000000E-02  2.0000000000E-02  7.31539E-05  1.60236E-01
  2.0000000000E-02  3.0000000000E-02  7.30136E-05  8.17188E-02
  3.0000000000E-02  4.0000000000E-02  7.31231E-05  3.29775E-02
  4.0000000000E-02  5.0000000000E-02  7.32636E-05  1.87173E-01
  5.0000000000E-02  6.0000000000E-02  7.33486E-05  1.82499E-01
  6.0000000000E-02  7.0000000000E-02  7.33285E-05  1.27057E-01
  7.0000000000E-02  8.0000000000E-02  7.34238E-05  1.47435E-01
  8.0000000000E-02  9.0000000000E-02  7.34836E-05  1.50215E-01
  9.0000000000E-02  1.0000000000E-01  7.32918E-05  5.86012E-02
  1.0000000000E-01  1.1000000000E-01  7.33081E-05  1.46797E-01
  1.1000000000E-01  1.2000000000E-01  7.33758E-05  1.34837E-01
  1.2000000000E-01  1.3000000000E-01  7.33887E-05  1.71142E-01
  1.3000000000E-01  1.4000000000E-01  7.34320E-05  2.16442E-01
  1.4000000000E-01  1.5000000000E-01  7.34232E-05  1.78586E-01
  1.5000000000E-01  1.6000000000E-01  7.33519E-05  1.15948E-01
  1.6000000000E-01  1.7000000000E-01  7.35364E-05  2.00220E-01
  1.7000000000E-01  1.8000000000E-01  7.35602E-05  1.46803E-01
  1.8000000000E-01  1.9000000000E-01  7.36877E-05  1.23783E-01
  1.9000000000E-01  2.0000000000E-01  7.38699E-05  1.48922E-01
  2.0000000000E-01  2.1000000000E-01  7.39938E-05  1.62010E-01
  2.1000000000E-01  2.2000000000E-01  7.39956E-05  1.40214E-01
  2.2000000000E-01  2.3000000000E-01  7.39693E-05  4.99260E-02
  2.3000000000E-01  2.4000000000E-01  7.38701E-05  4.56338E-02
  2.4000000000E-01  2.5000000000E-01  7.38405E-05  1.12891E-01
  2.5000000000E-01  2.6000000000E-01  7.37364E-05  1.46995E-01
  2.6000000000E-01  2.7000000000E-01  7.38953E-05  1.34752E-01
  2.7000000000E-01  2.8000000000E-01  7.39500E-05  1.72237E-01
  2.8000000000E-01  2.9000000000E-01  7.38532E-05  1.58332E-01
  2.9000000000E-01  3.0000000000E-01  7.39644E-05  1.32166E-01
  3.0000000000E-01  3.1000000000E-01  7.39265E-05  2.76815E-01
  3.1000000000E-01  3.2000000000E-01  7.39996E-05  1.25369E-01
  3.2000000000E-01  3.3000000000E-01  7.41408E-05  6.71785E-02
  3.3000000000E-01  3.4000000000E-01  7.41214E-05  2.29118E-01
  3.4000000000E-01  3.5000000000E-01  7.40737E-05  2.83993E-01
  3.5000000000E-01  3.6000000000E-01  7.40346E-05  1.14327E-01
  3.6000000000E-01  3.7000000000E-01  7.40447E-05  1.36838E-01
  3.7000000000E-01  3.8000000000E-01  7.41453E-05  1.20793E-01
  3.8000000000E-01  3.9000000000E-01  7.42104E-05  1.60963E-01
  3.9000000000E-01  4.0000000000E-01  7.44144E-05  1.08741E-01
  4.0000000000E-01  4.1000000000E-01  7.43959E-05  1.70399E-01
  4.1000000000E-01  4.2000000000E-01  7.44980E-05  2.04564E-01
  4.2000000000E-01  4.3000000000E-01  7.46467E-05  1.26662E-01
  4.3000000000E-01  4.4000000000E-01  7.49831E-05  1.28502E-01
  4.4000000000E-01  4.5000000000E-01  7.50188E-05  1.28206E-01
  4.5000000000E-01  4.6000000000E-01  7.50768E-05  1.90360E-01
  4.6000000000E-01  4.7000000000E-01  7.50431E-05  2.66578E-01
  4.7000000000E-01  4.8000000000E-01  7.49655E-05  1.69880E-01
  4.8000000000E-01  4.9000000000E-01  7.51398E-05  4.29197E-02
  4.9000000000E-01  5.0000000000E-01  7.49722E-05  1.57723E-01
  5.0000000000E-01  5.1000000000E-01  7.50089E-05  1.59658E-01
  5.1000000000E-01  5.2000000000E-01  7.49676E-05  8.40044E-02
  5.2000000000E-01  5.3000000000E-01  7.48123E-05  1.08507E-01
  5.3000000000E-01  5.4000000000E-01  7.48240E-05  1.33255E-01
  5.4000000000E-01  5.5000000000E-01  7.48214E-05  4.39209E-02
  5.5000000000E-01  5.6000000000E-01  7.49450E-05  8.19557E-02
  5.6000000000E-01  5.7000000000E-01  7.48410E-05  2.14277E-01
  5.7000000000E-01  5.8000000000E-01  7.49066E-05  9.44179E-02
  5.8000000000E-01  5.9000000000E-01  7.47261E-05  9.17219E-02
  5.9000000000E-01  6.0000000000E-01  7.49323E-05  1.77737E-01
  6.0000000000E-01  6.1000000000E-01  7.46211E-05  1.35638E-01
  6.1000000000E-01  6.2000000000E-01  7.48580E-05  1.50709E-01
  6.2000000000E-01  6.3000000000E-01  7.48730E-05  1.19987E-01
  6.3000000000E-01  6.4000000000E-01  7.48970E-05  8.90098E-02
  6.4000000000E-01  6.5000000000E-01  7.48762E-05  1.14257E-01
  6.5000000000E-01  6.6000000000E-01  7.49394E-05  1.12984E-01
  6.6000000000E-01  6.7000000000E-01  7.47947E-05  1.99142E-01
  6.7000000000E-01  6.8000000000E-01  7.48281E-05  1.58635E-01
  6.8000000000E-01  6.9000000000E-01  7.48901E-05  1.75925E-01
  6.9000000000E-01  7.0000000000E-01  7.49840E-05  1.39815E-01
  7.0000000000E-01  7.1000000000E-01  7.49592E-05  1.57547E-01
  7.1000000000E-01  7.2000000000E-01  7.49797E-05  1.89950E-01
  7.2000000000E-01  7.3000000000E-01  7.50457E-05  1.99897E-01
  7.3000000000E-01  7.4000000000E-01  7.50071E-05  2.31831E-01
  7.4000000000E-01  7.5000000000E-01  7.49056E-05  1.45170E-01
  7.5000000000E-01  7.6000000000E-01  7.50560E-05  1.88878E-01
  7.6000000000E-01  7.7000000000E-01  7.49933E-05  1.62630E-01
  7.7000000000E-01  7.8000000000E-01  7.51427E-05  7.80094E-02
  7.8000000000E-01  7.9000000000E-01  7.54674E-05  1.66263E-01
  7.9000000000E-01  8.0000000000E-01  7.52176E-05  7.45906E-02
  8.0000000000E-01  8.1000000000E-01  7.50744E-05  1.18961E-01
  8.1000000000E-01  8.2000000000E-01  7.51952E-05  4.80738E-02
  8.2000000000E-01  8.3000000000E-01  7.53719E-05  6.44649E-02
  8.3000000000E-01  8.4000000000E-01  7.54006E-05  1.60997E-01
  8.4000000000E-01  8.5000000000E-01  7.54578E-05  1.20647E-01
  8.5000000000E-01  8.6000000000E-01  7.52215E-05  1.41256E-01
  8.6000000000E-01  8.7000000000E-01  7.55493E-05  1.23573E-01
  8.7000000000E-01  8.8000000000E-01  7.55702E-05  1.18942E-01
  8.8000000000E-01  8.9000000000E-01  7.56506E-05  1.31625E-01
  8.9000000000E-01  9.0000000000E-01  7.56372E-05  1.15403E-01
  9.0000000000E-01  9.1000000000E-01  7.58380E-05  1.54958E-01
  9.1000000000E-01  9.2000000000E-01  7.61520E-05  1.94990E-01
  9.2000000000E-01  9.3000000000E-01  7.62405E-05  1.51897E-01
  9.3000000000E-01  9.4000000000E-01  7.62363E-05  9.66659E-02
  9.4000000000E-01  9.5000000000E-01  7.62656E-05  1.14214E-01
  9.5000000000E-01  9.6000000000E-01  7.62333E-05  9.85048E-02
  9.6000000000E-01  9.7000000000E-01  7.60740E-05  1.38445E-01
  9.7000000000E-01  9.8000000000E-01  7.61838E-05  7.39751E-02
  9.8000000000E-01  9.9000000000E-01  7.64413E-05  1.99243E-01
  9.9000000000E-01  1.0000000000E+00  7.62692E-05  1.74023E-01
  1.0000000000E+00  1.0100000000E+00  7.62647E-05  9.35822E-02
  1.0100000000E+00  1.0200000000E+00  7.61593E-05  1.67399E-01
  1.0200000000E+00  1.0300000000E+00  7.63246E-05  2.17737E-01
  1.0300000000E+00  1.0400000000E+00  7.65106E-05  2.69390E-01
  1.0400000000E+00  1.0500000000E+00  7.63695E-05  9.30037E-02
  1.0500000000E+00  1.0600000000E+00  7.64606E-05  1.99683E-01
  1.0600000000E+00  1.0700000000E+00  7.63581E-05  1.35918E-01
  1.0700000000E+00  1.0800000000E+00  7.61876E-05  1.38544E-01
  1.0800000000E+00  1.0900000000E+00  7.62295E-05  1.14247E-01
  1.0900000000E+00  1.1000000000E+00  7.63173E-05  1.63841E-01
  1.1000000000E+00  1.1100000000E+00  7.63406E-05  7.17551E-02
  1.1100000000E+00  1.1200000000E+00  7.62982E-05  1.12583E-01
  1.1200000000E+00  1.1300000000E+00  7.63780E-05  1.41431E-01
  1.1300000000E+00  1.1400000000E+00  7.62992E-05  8.76794E-02
  1.1400000000E+00  1.1500000000E+00  7.62718E-05  1.61603E-01
  1.1500000000E+00  1.1600000000E+00  7.62634E-05  1.81132E-01
  1.1600000000E+00  1.1700000000E+00  7.63818E-05  1.68363E-01
  1.1700000000E+00  1.1800000000E+00  7.63361E-05  1.61675E-01
  1.1800000000E+00  1.1900000000E+00  7.61652E-05  1.15452E-01
  1.1900000000E+00  1.2000000000E+00  7.63328E-05  2.00376E-01
  1.2000000000E+00  1.2100000000E+00  7.63496E-05  1.42036E-01
  1.2100000000E+00  1.2200000000E+00  7.64551E-05  1.37188E-01
  1.2200000000E+00  1.2300000000E+00  7.66206E-05  1.75690E-01
  1.2300000000E+00  1.2400000000E+00  7.66864E-05  1.92298E-01
  1.2400000000E+00  1.2500000000E+00  7.66479E-05  2.62888E-01
  1.2500000000E+00  1.2600000000E+00  7.65503E-05  2.47602E-01
  1.2600000000E+00  1.2700000000E+00  7.67349E-05  1.81352E-01
  1.2700000000E+00  1.2800000000E+00  7.67019E-05  3.51151E-01
  1.2800000000E+00  1.2900000000E+00  7.66911E-05  1.78556E-01
  1.2900000000E+00  1.3000000000E+00  7.69336E-05  2.75094E-01
  1.3000000000E+00  1.3100000000E+00  7.70519E-05  1.54351E-01
  1.3100000000E+00  1.3200000000E+00  7.69494E-05  1.15426E-01
  1.3200000000E+00  1.3300000000E+00  7.69663E-05  1.22059E-01
  1.3300000000E+00  1.3400000000E+00  7.69970E-05  2.18165E-01
  1.3400000000E+00  1.3500000000E+00  7.69557E-05  1.01015E-01
  1.3500000000E+00  1.3600000000E+00  7.72122E-05  1.14076E-01
  1.3600000000E+00  1.3700000000E+00  7.75577E-05  1.30203E-01
  1.3700000000E+00  1.3800000000E+00  7.74627E-05  1.69432E-01
  1.3800000000E+00  1.3900000000E+00  7.76549E-05  1.20285E-01
  1.3900000000E+00  1.4000000000E+00  7.76489E-05  1.10599E-01
  1.4000000000E+00  1.4100000000E+00  7.75993E-05  1.05254E-01
  1.4100000000E+00  1.4200000000E+00  7.72927E-05  1.03729E-01
  1.4200000000E+00  1.4300000000E+00  7.74899E-05  1.60195E-01
  1.4300000000E+00  1.4400000000E+00  7.75617E-05  1.27649E-01
  1.4400000000E+00  1.4500000000E+00  7.75282E-05  1.63374E-01
  1.4500000000E+00  1.4600000000E+00  7.77396E-05  1.56496E-01
  1.4600000000E+00  1.4700000000E+00  7.77692E-05  1.95849E-01
  1.4700000000E+00  1.4800000000E+00  7.76251E-05  9.28148E-02
  1.4800000000E+00  1.4900000000E+00  7.77123E-05  1.41950E-01
  1.4900000000E+00  1.5000000000E+00  7.76965E-05  2.32748E-01
  1.5000000000E+00  1.5100000000E+00  7.78583E-05  1.77927E-01
  1.5100000000E+00  1.5200000000E+00  7.77934E-05  1.80153E-01
  1.5200000000E+00  1.5300000000E+00  7.77390E-05  1.94199E-01
  1.5300000000E+00  1.5400000000E+00  7.78021E-05  7.83545E-02
  1.5400000000E+00  1.5500000000E+00  7.77227E-05  2.20678E-01
  1.5500000000E+00  1.5600000000E+00  7.78566E-05  1.20198E-01
  1.5600000000E+00  1.5700000000E+00  7.77193E-05  1.26734E-01
  1.5700000000E+00  1.5800000000E+00  7.79753E-05  2.20218E-01
  1.5800000000E+00  1.5900000000E+00  7.79593E-05  1.23615E-01
  1.5900000000E+00  1.6000000000E+00  7.78784E-05  1.24548E-01
  1.6000000000E+00  1.6100000000E+00  7.78290E-05  1.30205E-01
  1.6100000000E+00  1.6200000000E+00  7.80709E-05  1.61295E-01
  1.6200000000E+00  1.6300000000E+00  7.79696E-05  1.56934E-01
  1.6300000000E+00  1.6400000000E+00  7.80699E-05  2.28613E-01
  1.6400000000E+00  1.6500000000E+00  7.77590E-05  1.73966E-01
  1.6500000000E+00  1.6600000000E+00  7.79704E-05  1.88509E-01
  1.6600000000E+00  1.6700000000E+00  7.80098E-05  1.78743E-01
  1.6700000000E+00  1.6800000000E+00  7.79443E-05  1.86440E-01
  1.6800000000E+00  1.6900000000E+00  7.80314E-05  1.31122E-01
  1.6900000000E+00  1.7000000000E+00  7.81243E-05  1.17716E-01
  1.7000000000E+00  1.7100000000E+00  7.81463E-05  1.17555E-01
  1.7100000000E+00  1.7200000000E+00  7.82259E-05  1.02825E-01
  1.7200000000E+00  1.7300000000E+00  7.83028E-05  1.22834E-01
  1.7300000000E+00  1.7400000000E+00  7.82891E-05  7.63136E-02
  1.7400000000E+00  1.7500000000E+00  7.84005E-05  1.70800E-01
  1.7500000000E+00  1.7600000000E+00  7.85039E-05  1.71821E-01
  1.7600000000E+00  1.7700000000E+00  7.83558E-05  1.01201E-01
  1.7700000000E+00  1.7800000000E+00  7.86080E-05  1.27570E-01
  1.7800000000E+00  1.7900000000E+00  7.89410E-05  9.34881E-02
  1.7900000000E+00  1.8000000000E+00  7.91027E-05  1.50226E-01
  1.8000000000E+00  1.8100000000E+00  7.90038E-05  1.08053E-01
  1.8100000000E+00  1.8200000000E+00  7.91120E-05  1.49473E-01
  1.8200000000E+00  1.8300000000E+00  7.92772E-05  1.12392E-01
  1.8300000000E+00  1.8400000000E+00  7.91600E-05  1.46944E-01
  1.8400000000E+00  1.8500000000E+00  7.91168E-05  1.47867E-01
  1.8500000000E+00  1.8600000000E+00  7.90415E-05  1.36108E-01
  1.8600000000E+00  1.8700000000E+00  7.89518E-05  1.30637E-01
  1.8700000000E+00  1.8800000000E+00  7.90644E-05  1.73369E-01
  1.8800000000E+00  1.8900000000E+00  7.91463E-05  1.23853E-01
  1.8900000000E+00  1.9000000000E+00  7.92533E-05  2.02110E-01
  1.9000000000E+00  1.9100000000E+00  7.92032E-05  6.46429E-02
  1.9100000000E+00  1.9200000000E+00  7.91401E-05  1.25910E-01
  1.9200000000E+00  1.9300000000E+00  7.91203E-05  1.88286E-01
  1.9300000000E+00  1.9400000000E+00  7.91476E-05  2.08446E-01
  1.9400000000E+00  1.9500000000E+00  7.90183E-05  1.81811E-01
  1.9500000000E+00  1.9600000000E+00  7.90117E-05  1.86918E-01
  1.9600000000E+00  1.9700000000E+00  7.92554E-05  1.54578E-01
  1.9700000000E+00  1.9800000000E+00  7.94128E-05  1.40453E-01
  1.9800000000E+00  1.9900000000E+00  7.95199E-05  8.67747E-02
  1.9900000000E+00  2.0000000000E+00  7.93931E-05  1.02539E-01
  2.0000000000E+00  2.0100000000E+00  7.94278E-05  6.47229E-02
  2.0100000000E+00  2.0200000000E+00  7.95135E-05  9.43571E-02
  2.0200000000E+00  2.0300000000E+00  7.93534E-05  1.74465E-01
  2.0300000000E+00  2.0400000000E+00  7.94110E-05  1.32196E-01
  2.0400000000E+00  2.0500000000E+00  7.93471E-05  1.66997E-01
  2.0500000000E+00  2.0600000000E+00  7.94708E-05  1.30389E-01
  2.0600000000E+00  2.0700000000E+00  7.95826E-05  7.08256E-02
  2.0700000000E+00  2.0800000000E+00  7.93737E-05  1.68724E-01
  2.0800000000E+00  2.0900000000E+00  7.95008E-05  9.81704E-02
  2.0900000000E+00  2.1000000000E+00  7.96836E-05  1.68274E-01
  2.1000000000E+00  2.1100000000E+00  7.97547E-05  2.00313E-01
  2.1100000000E+00  2.1200000000E+00  7.99074E-05  2.06060E-01
  2.1200000000E+00  2.1300000000E+00  7.97740E-05  1.89836E-01
  2.1300000000E+00  2.1400000000E+00  7.96627E-05  1.83508E-01
  2.1400000000E+00  2.1500000000E+00  7.97284E-05  1.45936E-01
  2.1500000000E+00  2.1600000000E+00  7.97833E-05  2.21440E-01
  2.1600000000E+00  2.1700000000E+00  7.97652E-05  1.42092E-01
  2.1700000000E+00  2.1800000000E+00  7.98373E-05  1.16983E-01
  2.1800000000E+00  2.1900000000E+00  8.00684E-05  1.37895E-01
  2.1900000000E+00  2.2000000000E+00  8.02218E-05  1.22897E-01
  2.2000000000E+00  2.2100000000E+00  8.04347E-05  1.68406E-01
  2.2100000000E+00  2.2200000000E+00  8.05258E-05  1.34079E-01
  2.2200000000E+00  2.2300000000E+00  8.06392E-05  7.82427E-02
  2.2300000000E+00  2.2400000000E+00  8.06981E-05  1.46320E-01
  2.2400000000E+00  2.2500000000E+00  8.06252E-05  1.65832E-01
  2.2500000000E+00  2.2600000000E+00  8.06035E-05  9.67454E-02
  2.2600000000E+00  2.2700000000E+00  8.05930E-05  6.88922E-02
  2.2700000000E+00  2.2800000000E+00  8.04616E-05  1.63910E-01
  2.2800000000E+00  2.2900000000E+00  8.04389E-05  1.87447E-01
  2.2900000000E+00  2.3000000000E+00  8.05852E-05  1.58689E-01
  2.3000000000E+00  2.3100000000E+00  8.06174E-05  1.09140E-01
  2.3100000000E+00  2.3200000000E+00  8.07206E-05  1.54563E-01
  2.3200000000E+00  2.3300000000E+00  8.05468E-05  2.50266E-01
  2.3300000000E+00  2.3400000000E+00  8.05937E-05  1.38658E-01
  2.3400000000E+00  2.3500000000E+00  8.06657E-05  9.03352E-02
  2.3500000000E+00  2.3600000000E+00  8.07507E-05  1.97153E-01
  2.3600000000E+00  2.3700000000E+00  8.06785E-05  2.00249E-01
  2.3700000000E+00  2.3800000000E+00  8.07641E-05  1.82569E-01
  2.3800000000E+00  2.3900000000E+00  8.06126E-05  8.08942E-02
  2.3900000000E+00  2.4000000000E+00  8.06373E-05  1.02400E-01
  2.4000000000E+00  2.4100000000E+00  8.06508E-05  1.24730E-01
  2.4100000000E+00  2.4200000000E+00  8.06532E-05  8.18038E-02
  2.4200000000E+00  2.4300000000E+00  8.08949E-05  1.51334E-01
  2.4300000000E+00  2.4400000000E+00  8.08027E-05  1.15921E-01
  2.4400000000E+00  2.4500000000E+00  8.09227E-05  1.43089E-01
  2.4500000000E+00  2.4600000000E+00  8.08864E-05  2.29379E-01
  2.4600000000E+00  2.4700000000E+00  8.09156E-05  2.34436E-01
  2.4700000000E+00  2.4800000000E+00  8.08977E-05  1.69969E-01
  2.4800000000E+00  2.4900000000E+00  8.09927E-05  1.86823E-01
  2.4900000000E+00  2.5000000000E+00  8.10405E-05  1.88178E-01
  2.5000000000E+00  2.5100000000E+00  8.09730E-05  1.78590E-01
  2.5100000000E+00  2.5200000000E+00  8.12861E-05  1.41878E-01
  2.5200000000E+00  2.5300000000E+00  8.13169E-05  8.31808E-02
  2.5300000000E+00  2.5400000000E+00  8.11710E-05  1.14425E-01
  2.5400000000E+00  2.5500000000E+00  8.10413E-05  1.30895E-01
  2.5500000000E+00  2.5600000000E+00  8.12529E-05  1.97334E-01
  2.5600000000E+00  2.5700000000E+00  8.14591E-05  6.90049E-02
  2.5700000000E+00  2.5800000000E+00  8.15879E-05  9.95313E-02
  2.5800000000E+00  2.5900000000E+00  8.18863E-05  1.89382E-01
  2.5900000000E+00  2.6000000000E+00  8.20522E-05  2.19704E-01
  2.6000000000E+00  2.6100000000E+00  8.18219E-05  1.29746E-01
  2.6100000000E+00  2.6200000000E+00  8.19259E-05  1.46543E-01
  2.6200000000E+00  2.6300000000E+00  8.18744E-05  4.00026E-02
  2.6300000000E+00  2.6400000000E+00  8.20308E-05  1.12150E-01
  2.6400000000E+00  2.6500000000E+00  8.19724E-05  5.77512E-02
  2.6500000000E+00  2.6600000000E+00  8.21197E-05  1.67429E-01
  2.6600000000E+00  2.6700000000E+00  8.21825E-05  1.57105E-01
  2.6700000000E+00  2.6800000000E+00  8.22609E-05  1.56202E-01
  2.6800000000E+00  2.6900000000E+00  8.22019E-05  1.65908E-01
  2.6900000000E+00  2.7000000000E+00  8.22166E-05  1.45062E-01
  2.7000000000E+00  2.7100000000E+00  8.22298E-05  1.58990E-01
  2.7100000000E+00  2.7200000000E+00  8.21003E-05  1.98434E-01
  2.7200000000E+00  2.7300000000E+00  8.19820E-05  2.20581E-01
  2.7300000000E+00  2.7400000000E+00  8.20591E-05  1.62018E-01
  2.7400000000E+00  2.7500000000E+00  8.20661E-05  1.17623E-01
  2.7500000000E+00  2.7600000000E+00  8.23704E-05  1.13830E-01
  2.7600000000E+00  2.7700000000E+00  8.22551E-05  1.72146E-01
  2.7700000000E+00  2.7800000000E+00  8.23012E-05  2.44339E-01
  2.7800000000E+00  2.7900000000E+00  8.22942E-05  9.93350E-02
  2.7900000000E+00  2.8000000000E+00  8.24066E-05  2.46261E-01
  2.8000000000E+00  2.8100000000E+00  8.24606E-05  9.89426E-02
  2.8100000000E+00  2.8200000000E+00  8.26256E-05  1.64749E-01
  2.8200000000E+00  2.8300000000E+00  8.25569E-05  1.35519E-01
  2.8300000000E+00  2.8400000000E+00  8.27110E-05  1.34134E-01
  2.8400000000E+00  2.8500000000E+00  8.26865E-05  9.08580E-02
  2.8500000000E+00  2.8600000000E+00  8.25620E-05  1.93532E-01
  2.8600000000E+00  2.8700000000E+00  8.26663E-05  9.37222E-02
  2.8700000000E+00  2.8800000000E+00  8.27894E-05  1.15850E-01
  2.8800000000E+00  2.8900000000E+00  8.27727E-05  8.44411E-02
  2.8900000000E+00  2.9000000000E+00  8.26313E-05  1.61890E-01
  2.9000000000E+00  2.9100000000E+00  8.27328E-05  2.63767E-01
  2.9100000000E+00  2.9200000000E+00  8.29087E-05  1.39648E-01
  2.9200000000E+00  2.9300000000E+00  8.28870E-05  1.60570E-01
  2.9300000000E+00  2.9400000000E+00  8.32534E-05  2.08291E-01
  2.9400000000E+00  2.9500000000E+00  8.33006E-05  1.67906E-01
  2.9500000000E+00  2.9600000000E+00  8.32853E-05  1.62754E-01
  2.9600000000E+00  2.9700000000E+00  8.36039E-05  1.20773E-01
  2.9700000000E+00  2.9800000000E+00  8.35082E-05  1.09480E-01
  2.9800000000E+00  2.9900000000E+00  8.35001E-05  1.24835E-01
  2.9900000000E+00  3.0000000000E+00  8.36038E-05  1.62518E-01
  3.0000000000E+00  3.0100000000E+00  8.37217E-05  2.01921E-01
  3.0100000000E+00  3.0200000000E+00  8.37396E-05  2.56279E-01
  3.0200000000E+00  3.0300000000E+00  8.36378E-05  1.23983E-01
  3.0300000000E+00  3.0400000000E+00  8.36638E-05  8.86613E-02
  3.0400000000E+00  3.0500000000E+00  8.38249E-05  6.23595E-02
  3.0500000000E+00  3.0600000000E+00  8.38169E-05  1.06748E-01
  3.0600000000E+00  3.0700000000E+00  8.37356E-05  1.15670E-01
  3.0700000000E+00  3.0800000000E+00  8.37802E-05  1.97792E-01
  3.0800000000E+00  3.0900000000E+00  8.37797E-05  1.55088E-01
  3.0900000000E+00  3.1000000000E+00  8.38874E-05  1.66718E-01
  3.1000000000E+00  3.1100000000E+00  8.38546E-05  1.39745E-01
  3.1100000000E+00  3.1200000000E+00  8.38534E-05  1.26333E-01
  3.1200000000E+00  3.1300000000E+00  8.39816E-05  1.28868E-01
  3.1300000000E+00  3.1400000000E+00  8.40786E-05  8.19188E-02
  3.1400000000E+00  3.1500000000E+00  8.38727E-05  1.17359E-01
  3.1500000000E+00  3.1600000000E+00  8.41361E-05  1.09310E-01
  3.1600000000E+00  3.1700000000E+00  8.43025E-05  1.48866E-01
  3.1700000000E+00  3.1800000000E+00  8.41087E-05  1.22447E-01
  3.1800000000E+00  3.1900000000E+00  8.41369E-05  1.48308E-01
  3.1900000000E+00  3.2000000000E+00  8.40719E-05  1.13576E-01
  3.2000000000E+00  3.2100000000E+00  8.42073E-05  1.39791E-01
  3.2100000000E+00  3.2200000000E+00  8.43396E-05  1.54897E-01
  3.2200000000E+00  3.2300000000E+00  8.43130E-05  1.72611E-01
  3.2300000000E+00  3.2400000000E+00  8.44369E-05  1.48353E-01
  3.2400000000E+00  3.2500000000E+00  8.42027E-05  1.89262E-01
  3.2500000000E+00  3.2600000000E+00  8.44830E-05  7.26919E-02
  3.2600000000E+00  3.2700000000E+00  8.45386E-05  1.49594E-01
  3.2700000000E+00  3.2800000000E+00  8.47564E-05  2.41415E-01
  3.2800000000E+00  3.2900000000E+00  8.49645E-05  1.37397E-01
  3.2900000000E+00  3.3000000000E+00  8.50182E-05  1.07711E-01
  3.3000000000E+00  3.3100000000E+00  8.50885E-05  1.52933E-01
  3.3100000000E+00  3.3200000000E+00  8.49660E-05  1.87317E-01
  3.3200000000E+00  3.3300000000E+00  8.49066E-05  1.22417E-01
  3.3300000000E+00  3.3400000000E+00  8.51347E-05  1.28721E-01
  3.3400000000E+00  3.3500000000E+00  8.52126E-05  1.97447E-01
  3.3500000000E+00  3.3600000000E+00  8.53932E-05  1.72970E-01
  3.3600000000E+00  3.3700000000E+00  8.52181E-05  1.64500E-01
  3.3700000000E+00  3.3800000000E+00  8.52215E-05  2.16787E-01
  3.3800000000E+00  3.3900000000E+00  8.52537E-05  1.46113E-01
  3.3900000000E+00  3.4000000000E+00  8.53169E-05  1.33245E-01
  3.4000000000E+00  3.4100000000E+00  8.54193E-05  2.01082E-01
  3.4100000000E+00  3.4200000000E+00  8.53687E-05  1.95661E-01
  3.4200000000E+00  3.4300000000E+00  8.56419E-05  1.30420E-01
  3.4300000000E+00  3.4400000000E+00  8.56634E-05  5.45430E-02
  3.4400000000E+00  3.4500000000E+00  8.56354E-05  1.19822E-01
  3.4500000000E+00  3.4600000000E+00  8.55844E-05  1.55536E-01
  3.4600000000E+00  3.4700000000E+00  8.57816E-05  8.73819E-02
  3.4700000000E+00  3.4800000000E+00  8.57088E-05  1.01586E-01
  3.4800000000E+00  3.4900000000E+00  8.56762E-05  1.32263E-01
  3.4900000000E+00  3.5000000000E+00  8.57671E-05  1.76261E-01
  3.5000000000E+00  3.5100000000E+00  8.57190E-05  1.33980E-01
  3.5100000000E+00  3.5200000000E+00  8.57066E-05  1.01649E-01
  3.5200000000E+00  3.5300000000E+00  8.59811E-05  8.29595E-02
  3.5300000000E+00  3.5400000000E+00  8.58549E-05  9.28304E-02
  3.5400000000E+00  3.5500000000E+00  8.58957E-05  1.24745E-01
  3.5500000000E+00  3.5600000000E+00  8.60704E-05  1.44734E-01
  3.5600000000E+00  3.5700000000E+00  8.60502E-05  1.06839E-01
  3.5700000000E+00  3.5800000000E+00  8.62317E-05  1.69838E-01
  3.5800000000E+00  3.5900000000E+00  8.62755E-05  1.26790E-01
  3.5900000000E+00  3.6000000000E+00  8.66572E-05  1.77657E-01
  3.6000000000E+00  3.6100000000E+00  8.67312E-05  1.70893E-01
  3.6100000000E+00  3.6200000000E+00  8.68541E-05  1.64046E-01
  3.6200000000E+00  3.6300000000E+00  8.69421E-05  1.74053E-01
  3.6300000000E+00  3.6400000000E+00  8.68608E-05  1.18224E-01
  3.6400000000E+00  3.6500000000E+00  8.70049E-05  1.90644E-01
  3.6500000000E+00  3.6600000000E+00  8.69826E-05  8.65515E-02
  3.6600000000E+00  3.6700000000E+00  8.68182E-05  1.73582E-01
  3.6700000000E+00  3.6800000000E+00  8.68861E-05  1.33020E-01
  3.6800000000E+00  3.6900000000E+00  8.70166E-05  2.16096E-01
  3.6900000000E+00  3.7000000000E+00  8.69868E-05  7.88880E-02
  3.7000000000E+00  3.7100000000E+00  8.70880E-05  9.94393E-02
  3.7100000000E+00  3.7200000000E+00  8.70990E-05  1.58289E-01
  3.7200000000E+00  3.7300000000E+00  8.71494E-05  8.46145E-02
  3.7300000000E+00  3.7400000000E+00  8.71210E-05  1.32845E-01
  3.7400000000E+00  3.7500000000E+00  8.71981E-05  1.37155E-01
  3.7500000000E+00  3.7600000000E+00  8.73451E-05  1.45351E-01
  3.7600000000E+00  3.7700000000E+00  8.73862E-05  1.27477E-01
  3.7700000000E+00  3.7800000000E+00  8.74589E-05  1.65725E-01
  3.7800000000E+00  3.7900000000E+00  8.74314E-05  9.37158E-02
  3.7900000000E+00  3.8000000000E+00  8.75134E-05  1.19120E-01
  3.8000000000E+00  3.8100000000E+00  8.76382E-05  1.05322E-01
  3.8100000000E+00  3.8200000000E+00  8.77472E-05  1.94444E-01
  3.8200000000E+00  3.8300000000E+00  8.78987E-05  1.99908E-01
  3.8300000000E+00  3.8400000000E+00  8.78752E-05  1.42354E-01
  3.8400000000E+00  3.8500000000E+00  8.79447E-05  1.41882E-01
  3.8500000000E+00  3.8600000000E+00  8.79024E-05  5.56028E-02
  3.8600000000E+00  3.8700000000E+00  8.78973E-05  8.73841E-02
  3.8700000000E+00  3.8800000000E+00  8.80781E-05  1.20064E-01
  3.8800000000E+00  3.8900000000E+00  8.81115E-05  1.04921E-01
  3.8900000000E+00  3.9000000000E+00  8.82913E-05  1.43769E-01
  3.9000000000E+00  3.9100000000E+00  8.83066E-05  1.78235E-01
  3.9100000000E+00  3.9200000000E+00  8.87165E-05  7.80373E-02
  3.9200000000E+00  3.9300000000E+00  8.88488E-05  1.01891E-01
  3.9300000000E+00  3.9400000000E+00  8.86907E-05  2.21811E-01
  3.9400000000E+00  3.9500000000E+00  8.89089E-05  8.39646E-02
  3.9500000000E+00  3.9600000000E+00  8.89767E-05  1.34833E-01
  3.9600000000E+00  3.9700000000E+00  8.89289E-05  1.27960E-01
  3.9700000000E+00  3.9800000000E+00  8.88818E-05  1.10564E-01
  3.9800000000E+00  3.9900000000E+00  8.90558E-05  9.99589E-02
  3.9900000000E+00  4.0000000000E+00  8.90315E-05  2.03950E-01
  4.0000000000E+00  4.0100000000E+00  8.93481E-05  1.31247E-01
  4.0100000000E+00  4.0200000000E+00  8.93852E-05  1.28068E-01
  4.0200000000E+00  4.0300000000E+00  8.93636E-05  1.47403E-01
  4.0300000000E+00  4.0400000000E+00  8.93298E-05  1.83236E-01
  4.0400000000E+00  4.0500000000E+00  8.95443E-05  1.41958E-01
  4.0500000000E+00  4.0600000000E+00  8.96393E-05  9.76075E-02
  4.0600000000E+00  4.0700000000E+00  8.97351E-05  6.01437E-02
  4.0700000000E+00  4.0800000000E+00  8.97398E-05  1.47155E-01
  4.0800000000E+00  4.0900000000E+00  8.97795E-05  6.44726E-02
  4.0900000000E+00  4.1000000000E+00  8.97942E-05  1.65748E-01
  4.1000000000E+00  4.1100000000E+00  8.96961E-05  1.38000E-01
  4.1100000000E+00  4.1200000000E+00  8.97224E-05  1.16122E-01
  4.1200000000E+00  4.1300000000E+00  8.99696E-05  1.15387E-01
  4.1300000000E+00  4.1400000000E+00  8.99355E-05  9.32295E-02
  4.1400000000E+00  4.1500000000E+00  8.96962E-05  1.01883E-01
  4.1500000000E+00  4.1600000000E+00  9.00150E-05  1.06103E-01
  4.1600000000E+00  4.1700000000E+00  9.00759E-05  2.01273E-01
  4.1700000000E+00  4.1800000000E+00  9.03232E-05  9.32560E-02
  4.1800000000E+00  4.1900000000E+00  9.02999E-05  5.94101E-02
  4.1900000000E+00  4.2000000000E+00  9.04936E-05  9.05936E-02
  4.2000000000E+00  4.2100000000E+00  9.05281E-05  7.10884E-02
  4.2100000000E+00  4.2200000000E+00  9.08419E-05  1.14102E-01
  4.2200000000E+00  4.2300000000E+00  9.07307E-05  1.56551E-01
  4.2300000000E+00  4.2400000000E+00  9.10264E-05  9.87297E-02
  4.2400000000E+00  4.2500000000E+00  9.10612E-05  1.16283E-01
  4.2500000000E+00  4.2600000000E+00  9.13575E-05  1.53490E-01
  4.2600000000E+00  4.2700000000E+00  9.15730E-05  1.57446E-01
  4.2700000000E+00  4.2800000000E+00  9.16479E-05  1.25512E-01
  4.2800000000E+00  4.2900000000E+00  9.16995E-05  1.39007E-01
  4.2900000000E+00  4.3000000000E+00  9.16441E-05  1.97080E-01
  4.3000000000E+00  4.3100000000E+00  9.17925E-05  9.99390E-02
  4.3100000000E+00  4.3200000000E+00  9.17862E-05  1.38799E-01
  4.3200000000E+00  4.3300000000E+00  9.17423E-05  8.89682E-02
  4.3300000000E+00  4.3400000000E+00  9.18611E-05  1.89017E-01
  4.3400000000E+00  4.3500000000E+00  9.20725E-05  1.68754E-01
  4.3500000000E+00  4.3600000000E+00  9.18589E-05  1.45110E-01
  4.3600000000E+00  4.3700000000E+00  9.19014E-05  1.66162E-01
  4.3700000000E+00  4.3800000000E+00  9.20127E-05  1.50134E-01
  4.3800000000E+00  4.3900000000E+00  9.21089E-05  1.03401E-01
  4.3900000000E+00  4.4000000000E+00  9.23653E-05  8.60760E-02
  4.4000000000E+00  4.4100000000E+00  9.23693E-05  1.40742E-01
  4.4100000000E+00  4.4200000000E+00  9.23379E-05  1.57886E-01
  4.4200000000E+00  4.4300000000E+00  9.24717E-05  1.29864E-01
  4.4300000000E+00  4.4400000000E+00  9.25944E-05  8.46612E-02
  4.4400000000E+00  4.4500000000E+00  9.26343E-05  8.92918E-02
  4.4500000000E+00  4.4600000000E+00  9.29512E-05  5.86586E-02
  4.4600000000E+00  4.4700000000E+00  9.32346E-05  9.98011E-02
  4.4700000000E+00  4.4800000000E+00  9.34856E-05  1.36118E-01
  4.4800000000E+00  4.4900000000E+00  9.35449E-05  1.22997E-01
  4.4900000000E+00  4.5000000000E+00  9.36620E-05  1.11955E-01
  4.5000000000E+00  4.5100000000E+00  9.39595E-05  1.05160E-01
  4.5100000000E+00  4.5200000000E+00  9.40646E-05  8.66477E-02
  4.5200000000E+00  4.5300000000E+00  9.41396E-05  1.07254E-01
  4.5300000000E+00  4.5400000000E+00  9.40718E-05  9.54228E-02
  4.5400000000E+00  4.5500000000E+00  9.42280E-05  1.43592E-01
  4.5500000000E+00  4.5600000000E+00  9.44149E-05  2.02029E-01
  4.5600000000E+00  4.5700000000E+00  9.44914E-05  1.57451E-01
  4.5700000000E+00  4.5800000000E+00  9.43827E-05  1.14747E-01
  4.5800000000E+00  4.5900000000E+00  9.45380E-05  2.02327E-01
  4.5900000000E+00  4.6000000000E+00  9.45895E-05  1.49753E-01
  4.6000000000E+00  4.6100000000E+00  9.46332E-05  1.35810E-01
  4.6100000000E+00  4.6200000000E+00  9.47542E-05  9.81594E-02
  4.6200000000E+00  4.6300000000E+00  9.48895E-05  1.16834E-01
  4.6300000000E+00  4.6400000000E+00  9.49141E-05  1.18535E-01
  4.6400000000E+00  4.6500000000E+00  9.49651E-05  1.07353E-01
  4.6500000000E+00  4.6600000000E+00  9.52259E-05  1.11415E-01
  4.6600000000E+00  4.6700000000E+00  9.52133E-05  1.07406E-01
  4.6700000000E+00  4.6800000000E+00  9.54771E-05  7.63408E-02
  4.6800000000E+00  4.6900000000E+00  9.56419E-05  6.04756E-02
  4.6900000000E+00  4.7000000000E+00  9.57824E-05  1.55827E-01
  4.7000000000E+00  4.7100000000E+00  9.58276E-05  1.43290E-01
  4.7100000000E+00  4.7200000000E+00  9.59559E-05  1.76441E-01
  4.7200000000E+00  4.7300000000E+00  9.62796E-05  1.05552E-01
  4.7300000000E+00  4.7400000000E+00  9.63898E-05  1.77140E-01
  4.7400000000E+00  4.7500000000E+00  9.69164E-05  1.61862E-01
  4.7500000000E+00  4.7600000000E+00  9.69219E-05  1.51024E-01
  4.7600000000E+00  4.7700000000E+00  9.69707E-05  1.57089E-01
  4.7700000000E+00  4.7800000000E+00  9.71920E-05  1.64580E-01
  4.7800000000E+00  4.7900000000E+00  9.73083E-05  1.85169E-01
  4.7900000000E+00  4.8000000000E+00  9.76109E-05  1.52322E-01
  4.8000000000E+00  4.8100000000E+00  9.74718E-05  1.21443E-01
  4.8100000000E+00  4.8200000000E+00  9.78189E-05  1.71548E-01
  4.8200000000E+00  4.8300000000E+00  9.77896E-05  2.14125E-01
  4.8300000000E+00  4.8400000000E+00  9.78856E-05  1.51089E-01
  4.8400000000E+00  4.8500000000E+00  9.80877E-05  1.93828E-01
  4.8500000000E+00  4.8600000000E+00  9.81243E-05  9.16873E-02
  4.8600000000E+00  4.8700000000E+00  9.82628E-05  1.31426E-01
  4.8700000000E+00  4.8800000000E+00  9.81848E-05  2.23586E-01
  4.8800000000E+00  4.8900000000E+00  9.83792E-05  2.47610E-01
  4.8900000000E+00  4.9000000000E+00  9.85494E-05  1.36062E-01
  4.9000000000E+00  4.9100000000E+00  9.88698E-05  1.28629E-01
  4.9100000000E+00  4.9200000000E+00  9.89950E-05  1.72175E-01
  4.9200000000E+00  4.9300000000E+00  9.91848E-05  2.12302E-01
  4.9300000000E+00  4.9400000000E+00  9.93213E-05  1.20352E-01
  4.9400000000E+00  4.9500000000E+00  9.96223E-05  9.23642E-02
  4.9500000000E+00  4.9600000000E+00  9.99477E-05  1.57491E-01
  4.9600000000E+00  4.9700000000E+00  1.00015E-04  1.50524E-01
  4.9700000000E+00  4.9800000000E+00  1.00224E-04  1.52191E-01
  4.9800000000E+00  4.9900000000E+00  1.00546E-04  1.03115E-01
  4.9900000000E+00  5.0000000000E+00  1.00730E-04  1.68494E-01
  5.0000000000E+00  5.0100000000E+00  1.00901E-04  1.25354E-01
  5.0100000000E+00  5.0200000000E+00  1.01247E-04  1.73839E-01
  5.0200000000E+00  5.0300000000E+00  1.01389E-04  1.12800E-01
  5.0300000000E+00  5.0400000000E+00  1.01596E-04  1.15174E-01
  5.0400000000E+00  5.0500000000E+00  1.01757E-04  1.35209E-01
  5.0500000000E+00  5.0600000000E+00  1.01923E-04  5.78352E-02
  5.0600000000E+00  5.0700000000E+00  1.02186E-04  1.30270E-01
  5.0700000000E+00  5.0800000000E+00  1.02491E-04  1.35865E-01
  5.0800000000E+00  5.0900000000E+00  1.02583E-04  1.02833E-01
  5.0900000000E+00  5.1000000000E+00  1.02763E-04  8.94042E-02
  5.1000000000E+00  5.1100000000E+00  1.02956E-04  7.90782E-02
  5.1100000000E+00  5.1200000000E+00  1.03330E-04  9.43387E-02
  5.1200000000E+00  5.1300000000E+00  1.03494E-04  8.21500E-02
  5.1300000000E+00  5.1400000000E+00  1.03848E-04  9.60767E-02
  5.1400000000E+00  5.1500000000E+00  1.04327E-04  1.24991E-01
  5.1500000000E+00  5.1600000000E+00  1.04340E-04  7.78306E-02
  5.1600000000E+00  5.1700000000E+00  1.04428E-04  6.70550E-02
  5.1700000000E+00  5.1800000000E+00  1.04835E-04  9.83432E-02
  5.1800000000E+00  5.1900000000E+00  1.05171E-04  1.78577E-01
  5.1900000000E+00  5.2000000000E+00  1.05538E-04  1.36281E-01
  5.2000000000E+00  5.2100000000E+00  1.05927E-04  1.48742E-01
  5.2100000000E+00  5.2200000000E+00  1.06119E-04  6.52893E-02
  5.2200000000E+00  5.2300000000E+00  1.06615E-04  1.12456E-01
  5.2300000000E+00  5.2400000000E+00  1.06969E-04  1.17603E-01
  5.2400000000E+00  5.2500000000E+00  1.07385E-04  1.20126E-01
  5.2500000000E+00  5.2600000000E+00  1.07747E-04  9.67719E-02
  5.2600000000E+00  5.2700000000E+00  1.08108E-04  8.38510E-02
  5.2700000000E+00  5.2800000000E+00  1.08585E-04  6.50285E-02
  5.2800000000E+00  5.2900000000E+00  1.09058E-04  7.92542E-02
  5.2900000000E+00  5.3000000000E+00  1.09353E-04  7.65942E-02
  5.3000000000E+00  5.3100000000E+00  1.10002E-04  8.50762E-02
  5.3100000000E+00  5.3200000000E+00  1.10397E-04  8.67731E-02
  5.3200000000E+00  5.3300000000E+00  1.10942E-04  1.19393E-01
  5.3300000000E+00  5.3400000000E+00  1.11546E-04  5.77091E-02
  5.3400000000E+00  5.3500000000E+00  1.12347E-04  1.32700E-01
  5.3500000000E+00  5.3600000000E+00  1.12913E-04  2.02322E-01
  5.3600000000E+00  5.3700000000E+00  1.13463E-04  1.07990E-01
  5.3700000000E+00  5.3800000000E+00  1.14112E-04  9.14828E-02
  5.3800000000E+00  5.3900000000E+00  1.14641E-04  1.21017E-01
  5.3900000000E+00  5.4000000000E+00  1.15292E-04  8.80566E-02
  5.4000000000E+00  5.4100000000E+00  1.15631E-04  1.15821E-01
  5.4100000000E+00  5.4200000000E+00  1.16031E-04  1.17254E-01
  5.4200000000E+00  5.4300000000E+00  1.16259E-04  8.11842E-02
  5.4300000000E+00  5.4400000000E+00  1.16356E-04  4.15555E-02
  5.4400000000E+00  5.4500000000E+00  1.16132E-04  1.09921E-01
  5.4500000000E+00  5.4600000000E+00  1.15873E-04  1.74141E-01
  5.4600000000E+00  5.4700000000E+00  1.15214E-04  9.05263E-02
  5.4700000000E+00  5.4800000000E+00  1.14397E-04  6.32584E-02
  5.4800000000E+00  5.4900000000E+00  1.13486E-04  9.59076E-02
  5.4900000000E+00  5.5000000000E+00  1.12614E-04  1.24642E-01
  5.5000000000E+00  5.5100000000E+00  1.11338E-04  9.30849E-02
  5.5100000000E+00  5.5200000000E+00  1.10216E-04  1.03363E-01
  5.5200000000E+00  5.5300000000E+00  1.09239E-04  1.67492E-01
  5.5300000000E+00  5.5400000000E+00  1.08028E-04  3.13143E-02
  5.5400000000E+00  5.5500000000E+00  1.07138E-04  1.33356E-01
  5.5500000000E+00  5.5600000000E+00  1.06234E-04  8.88537E-02
  5.5600000000E+00  5.5700000000E+00  1.05783E-04  7.86688E-02
  5.5700000000E+00  5.5800000000E+00  1.05221E-04  1.17048E-01
  5.5800000000E+00  5.5900000000E+00  1.04943E-04  1.43706E-01
  5.5900000000E+00  5.6000000000E+00  1.04716E-04  8.88743E-02
  5.6000000000E+00  5.6100000000E+00  1.04747E-04  1.66363E-01
  5.6100000000E+00  5.6200000000E+00  1.04830E-04  9.85558E-02
  5.6200000000E+00  5.6300000000E+00  1.05033E-04  9.91135E-02
  5.6300000000E+00  5.6400000000E+00  1.05229E-04  1.19889E-01
  5.6400000000E+00  5.6500000000E+00  1.05586E-04  1.34938E-01
  5.6500000000E+00  5.6600000000E+00  1.05981E-04  1.32202E-01
  5.6600000000E+00  5.6700000000E+00  1.06420E-04  7.87541E-02
  5.6700000000E+00  5.6800000000E+00  1.06771E-04  1.32338E-01
  5.6800000000E+00  5.6900000000E+00  1.07262E-04  1.01093E-01
  5.6900000000E+00  5.7000000000E+00  1.07834E-04  8.02965E-02
  5.7000000000E+00  5.7100000000E+00  1.08438E-04  9.04089E-02
  5.7100000000E+00  5.7200000000E+00  1.08881E-04  1.69510E-01
  5.7200000000E+00  5.7300000000E+00  1.09441E-04  1.10766E-01
  5.7300000000E+00  5.7400000000E+00  1.10234E-04  1.40994E-01
  5.7400000000E+00  5.7500000000E+00  1.10690E-04  9.32607E-02
  5.7500000000E+00  5.7600000000E+00  1.11286E-04  1.28211E-01
  5.7600000000E+00  5.7700000000E+00  1.11878E-04  1.39730E-01
  5.7700000000E+00  5.7800000000E+00  1.12383E-04  1.49557E-01
  5.7800000000E+00  5.7900000000E+00  1.12998E-04  1.26445E-01
  5.7900000000E+00  5.8000000000E+00  1.13274E-04  1.26171E-01
  5.8000000000E+00  5.8100000000E+00  1.13876E-04  6.32958E-02
  5.8100000000E+00  5.8200000000E+00  1.14079E-04  1.95638E-01
  5.8200000000E+00  5.8300000000E+00  1.14083E-04  1.31670E-01
  5.8300000000E+00  5.8400000000E+00  1.13899E-04  9.99855E-02
  5.8400000000E+00  5.8500000000E+00  1.13728E-04  1.03875E-01
  5.8500000000E+00  5.8600000000E+00  1.13253E-04  1.70484E-01
  5.8600000000E+00  5.8700000000E+00  1.12815E-04  1.39612E-01
  5.8700000000E+00  5.8800000000E+00  1.12044E-04  1.49555E-01
  5.8800000000E+00  5.8900000000E+00  1.11414E-04  5.57587E-02
  5.8900000000E+00  5.9000000000E+00  1.10539E-04  6.11020E-02
  5.9000000000E+00  5.9100000000E+00  1.09445E-04  1.45975E-01
  5.9100000000E+00  5.9200000000E+00  1.08446E-04  1.04670E-01
  5.9200000000E+00  5.9300000000E+00  1.07553E-04  1.41372E-01
  5.9300000000E+00  5.9400000000E+00  1.06720E-04  1.35517E-01
  5.9400000000E+00  5.9500000000E+00  1.05950E-04  9.22793E-02
  5.9500000000E+00  5.9600000000E+00  1.05264E-04  7.13814E-02
  5.9600000000E+00  5.9700000000E+00  1.04710E-04  1.31677E-01
  5.9700000000E+00  5.9800000000E+00  1.04412E-04  1.17466E-01
  5.9800000000E+00  5.9900000000E+00  1.03968E-04  1.44584E-01
  5.9900000000E+00  6.0000000000E+00  1.04115E-04  1.22401E-01
  6.0000000000E+00  6.0100000000E+00  1.04108E-04  1.23660E-01
  6.0100000000E+00  6.0200000000E+00  1.04272E-04  1.22335E-01
  6.0200000000E+00  6.0300000000E+00  1.04375E-04  9.68133E-02
  6.0300000000E+00  6.0400000000E+00  1.04732E-04  1.30107E-01
  6.0400000000E+00  6.0500000000E+00  1.04941E-04  1.32116E-01
  6.0500000000E+00  6.0600000000E+00  1.05232E-04  1.20255E-01
  6.0600000000E+00  6.0700000000E+00  1.05774E-04  1.41188E-01
  6.0700000000E+00  6.0800000000E+00  1.06210E-04  7.44096E-02
  6.0800000000E+00  6.0900000000E+00  1.06607E-04  1.33280E-01
  6.0900000000E+00  6.1000000000E+00  1.07132E-04  1.36738E-01
  6.1000000000E+00  6.1100000000E+00  1.07868E-04  1.67818E-01
  6.1100000000E+00  6.1200000000E+00  1.08485E-04  1.00098E-01
  6.1200000000E+00  6.1300000000E+00  1.09103E-04  1.90277E-01
  6.1300000000E+00  6.1400000000E+00  1.09799E-04  1.77001E-01
  6.1400000000E+00  6.1500000000E+00  1.10370E-04  1.69635E-01
  6.1500000000E+00  6.1600000000E+00  1.11129E-04  1.18446E-01
  6.1600000000E+00  6.1700000000E+00  1.11734E-04  6.87914E-02
  6.1700000000E+00  6.1800000000E+00  1.12495E-04  1.47904E-01
  6.1800000000E+00  6.1900000000E+00  1.13034E-04  9.42582E-02
  6.1900000000E+00  6.2000000000E+00  1.13602E-04  9.43260E-02
  6.2000000000E+00  6.2100000000E+00  1.14028E-04  8.66258E-02
  6.2100000000E+00  6.2200000000E+00  1.14272E-04  1.61424E-01
  6.2200000000E+00  6.2300000000E+00  1.14455E-04  1.03927E-01
  6.2300000000E+00  6.2400000000E+00  1.14513E-04  1.65984E-01
  6.2400000000E+00  6.2500000000E+00  1.14178E-04  1.10870E-01
  6.2500000000E+00  6.2600000000E+00  1.13978E-04  1.13508E-01
  6.2600000000E+00  6.2700000000E+00  1.13464E-04  1.17987E-01
  6.2700000000E+00  6.2800000000E+00  1.12850E-04  9.04878E-02
  6.2800000000E+00  6.2900000000E+00  1.11948E-04  6.89399E-02
  6.2900000000E+00  6.3000000000E+00  1.11052E-04  1.19362E-01
  6.3000000000E+00  6.3100000000E+00  1.09903E-04  1.67380E-01
  6.3100000000E+00  6.3200000000E+00  1.08964E-04  1.76772E-01
  6.3200000000E+00  6.3300000000E+00  1.07850E-04  7.96029E-02
  6.3300000000E+00  6.3400000000E+00  1.06912E-04  7.66298E-02
  6.3400000000E+00  6.3500000000E+00  1.05813E-04  9.32789E-02
  6.3500000000E+00  6.3600000000E+00  1.04946E-04  9.62953E-02
  6.3600000000E+00  6.3700000000E+00  1.04450E-04  9.79259E-02
  6.3700000000E+00  6.3800000000E+00  1.03937E-04  2.09143E-01
  6.3800000000E+00  6.3900000000E+00  1.03326E-04  1.13645E-01
  6.3900000000E+00  6.4000000000E+00  1.03042E-04  1.57661E-01
  6.4000000000E+00  6.4100000000E+00  1.02684E-04  1.02840E-01
  6.4100000000E+00  6.4200000000E+00  1.02653E-04  4.73912E-02
  6.4200000000E+00  6.4300000000E+00  1.02508E-04  1.45647E-01
  6.4300000000E+00  6.4400000000E+00  1.02782E-04  1.09320E-01
  6.4400000000E+00  6.4500000000E+00  1.03097E-04  1.00016E-01
  6.4500000000E+00  6.4600000000E+00  1.03496E-04  1.18438E-01
  6.4600000000E+00  6.4700000000E+00  1.03931E-04  1.20912E-01
  6.4700000000E+00  6.4800000000E+00  1.04436E-04  1.39130E-01
  6.4800000000E+00  6.4900000000E+00  1.04849E-04  9.61208E-02
  6.4900000000E+00  6.5000000000E+00  1.05413E-04  1.41108E-01
  6.5000000000E+00  6.5100000000E+00  1.06001E-04  1.80134E-01
  6.5100000000E+00  6.5200000000E+00  1.06740E-04  2.08422E-01
  6.5200000000E+00  6.5300000000E+00  1.07289E-04  1.12664E-01
  6.5300000000E+00  6.5400000000E+00  1.07977E-04  7.43700E-02
  6.5400000000E+00  6.5500000000E+00  1.08404E-04  9.67015E-02
  6.5500000000E+00  6.5600000000E+00  1.09199E-04  1.38172E-01
  6.5600000000E+00  6.5700000000E+00  1.09895E-04  8.58276E-02
  6.5700000000E+00  6.5800000000E+00  1.10618E-04  4.98548E-02
  6.5800000000E+00  6.5900000000E+00  1.11442E-04  1.93151E-01
  6.5900000000E+00  6.6000000000E+00  1.12081E-04  1.40712E-01
  6.6000000000E+00  6.6100000000E+00  1.12492E-04  1.10564E-01
  6.6100000000E+00  6.6200000000E+00  1.13153E-04  1.67610E-01
  6.6200000000E+00  6.6300000000E+00  1.13678E-04  1.71967E-01
  6.6300000000E+00  6.6400000000E+00  1.13855E-04  1.02531E-01
  6.6400000000E+00  6.6500000000E+00  1.13893E-04  1.04106E-01
  6.6500000000E+00  6.6600000000E+00  1.13803E-04  2.43697E-01
  6.6600000000E+00  6.6700000000E+00  1.13551E-04  1.53897E-01
  6.6700000000E+00  6.6800000000E+00  1.13413E-04  2.07713E-01
  6.6800000000E+00  6.6900000000E+00  1.12795E-04  1.50049E-01
  6.6900000000E+00  6.7000000000E+00  1.12118E-04  1.52568E-01
  6.7000000000E+00  6.7100000000E+00  1.11577E-04  1.01605E-01
  6.7100000000E+00  6.7200000000E+00  1.10428E-04  8.60900E-02
  6.7200000000E+00  6.7300000000E+00  1.09414E-04  1.33836E-01
  6.7300000000E+00  6.7400000000E+00  1.08270E-04  2.09978E-01
  6.7400000000E+00  6.7500000000E+00  1.07288E-04  2.05677E-01
  6.7500000000E+00  6.7600000000E+00  1.06088E-04  1.56486E-01
  6.7600000000E+00  6.7700000000E+00  1.05039E-04  1.49048E-01
  6.7700000000E+00  6.7800000000E+00  1.04318E-04  6.38117E-02
  6.7800000000E+00  6.7900000000E+00  1.03503E-04  1.29252E-01
  6.7900000000E+00  6.8000000000E+00  1.02687E-04  1.61518E-01
  6.8000000000E+00  6.8100000000E+00  1.02180E-04  8.09757E-02
  6.8100000000E+00  6.8200000000E+00  1.01862E-04  1.54142E-01
  6.8200000000E+00  6.8300000000E+00  1.01468E-04  1.13820E-01
  6.8300000000E+00  6.8400000000E+00  1.01387E-04  6.82942E-02
  6.8400000000E+00  6.8500000000E+00  1.01393E-04  6.08431E-02
  6.8500000000E+00  6.8600000000E+00  1.01413E-04  9.04095E-02
  6.8600000000E+00  6.8700000000E+00  1.01699E-04  7.84831E-02
  6.8700000000E+00  6.8800000000E+00  1.01997E-04  1.11724E-01
  6.8800000000E+00  6.8900000000E+00  1.02405E-04  9.66015E-02
  6.8900000000E+00  6.9000000000E+00  1.02925E-04  1.00426E-01
  6.9000000000E+00  6.9100000000E+00  1.03449E-04  8.78415E-02
  6.9100000000E+00  6.9200000000E+00  1.04052E-04  5.73534E-02
  6.9200000000E+00  6.9300000000E+00  1.04577E-04  4.06033E-02
  6.9300000000E+00  6.9400000000E+00  1.05378E-04  6.59966E-02
  6.9400000000E+00  6.9500000000E+00  1.06028E-04  8.60972E-02
  6.9500000000E+00  6.9600000000E+00  1.06712E-04  7.31286E-02
  6.9600000000E+00  6.9700000000E+00  1.07469E-04  1.05551E-01
  6.9700000000E+00  6.9800000000E+00  1.08295E-04  9.96519E-02
  6.9800000000E+00  6.9900000000E+00  1.09157E-04  8.20349E-02
  6.9900000000E+00  7.0000000000E+00  1.10251E-04  1.04024E-01
  7.0000000000E+00  7.0100000000E+00  1.10964E-04  1.09022E-01
  7.0100000000E+00  7.0200000000E+00  1.11573E-04  9.83127E-02
  7.0200000000E+00  7.0300000000E+00  1.12325E-04  1.29426E-01
  7.0300000000E+00  7.0400000000E+00  1.12951E-04  1.48829E-01
  7.0400000000E+00  7.0500000000E+00  1.13657E-04  7.91069E-02
  7.0500000000E+00  7.0600000000E+00  1.13893E-04  1.39281E-01
  7.0600000000E+00  7.0700000000E+00  1.14114E-04  1.07251E-01
  7.0700000000E+00  7.0800000000E+00  1.14188E-04  1.19199E-01
  7.0800000000E+00  7.0900000000E+00  1.14253E-04  1.59890E-01
  7.0900000000E+00  7.1000000000E+00  1.14261E-04  1.43748E-01
  7.1000000000E+00  7.1100000000E+00  1.13785E-04  1.38831E-01
  7.1100000000E+00  7.1200000000E+00  1.13088E-04  1.86650E-01
  7.1200000000E+00  7.1300000000E+00  1.12267E-04  8.32225E-02
  7.1300000000E+00  7.1400000000E+00  1.11402E-04  1.61162E-01
  7.1400000000E+00  7.1500000000E+00  1.10360E-04  6.82701E-02
  7.1500000000E+00  7.1600000000E+00  1.09051E-04  6.58254E-02
  7.1600000000E+00  7.1700000000E+00  1.07988E-04  1.36615E-01
  7.1700000000E+00  7.1800000000E+00  1.06798E-04  1.74473E-01
  7.1800000000E+00  7.1900000000E+00  1.05491E-04  1.10048E-01
  7.1900000000E+00  7.2000000000E+00  1.04282E-04  1.50535E-01
  7.2000000000E+00  7.2100000000E+00  1.03122E-04  1.31475E-01
  7.2100000000E+00  7.2200000000E+00  1.01942E-04  1.23423E-01
  7.2200000000E+00  7.2300000000E+00  1.01068E-04  1.33447E-01
  7.2300000000E+00  7.2400000000E+00  1.00141E-04  1.81258E-01
  7.2400000000E+00  7.2500000000E+00  9.94113E-05  1.10818E-01
  7.2500000000E+00  7.2600000000E+00  9.89551E-05  1.75331E-01
  7.2600000000E+00  7.2700000000E+00  9.86647E-05  1.49447E-01
  7.2700000000E+00  7.2800000000E+00  9.84796E-05  6.78506E-02
  7.2800000000E+00  7.2900000000E+00  9.84375E-05  1.08459E-01
  7.2900000000E+00  7.3000000000E+00  9.85979E-05  1.74862E-01
  7.3000000000E+00  7.3100000000E+00  9.88630E-05  1.14243E-01
  7.3100000000E+00  7.3200000000E+00  9.92198E-05  1.71266E-01
  7.3200000000E+00  7.3300000000E+00  9.95172E-05  1.37249E-01
  7.3300000000E+00  7.3400000000E+00  1.00114E-04  1.23412E-01
  7.3400000000E+00  7.3500000000E+00  1.00774E-04  2.07620E-01
  7.3500000000E+00  7.3600000000E+00  1.01528E-04  1.29646E-01
  7.3600000000E+00  7.3700000000E+00  1.02031E-04  1.82288E-01
  7.3700000000E+00  7.3800000000E+00  1.02974E-04  1.66502E-01
  7.3800000000E+00  7.3900000000E+00  1.03737E-04  1.12281E-01
  7.3900000000E+00  7.4000000000E+00  1.04620E-04  1.70306E-01
  7.4000000000E+00  7.4100000000E+00  1.05558E-04  1.36423E-01
  7.4100000000E+00  7.4200000000E+00  1.06395E-04  1.53288E-01
  7.4200000000E+00  7.4300000000E+00  1.07377E-04  1.20929E-01
  7.4300000000E+00  7.4400000000E+00  1.08265E-04  1.55797E-01
  7.4400000000E+00  7.4500000000E+00  1.09198E-04  1.76136E-01
  7.4500000000E+00  7.4600000000E+00  1.09997E-04  2.10274E-01
  7.4600000000E+00  7.4700000000E+00  1.10762E-04  2.18477E-01
  7.4700000000E+00  7.4800000000E+00  1.11489E-04  1.64647E-01
  7.4800000000E+00  7.4900000000E+00  1.11931E-04  2.16915E-01
  7.4900000000E+00  7.5000000000E+00  1.12470E-04  2.23762E-01
  7.5000000000E+00  7.5100000000E+00  1.12798E-04  1.38323E-01
  7.5100000000E+00  7.5200000000E+00  1.13048E-04  1.10116E-01
  7.5200000000E+00  7.5300000000E+00  1.13028E-04  1.49558E-01
  7.5300000000E+00  7.5400000000E+00  1.12781E-04  1.84167E-01
  7.5400000000E+00  7.5500000000E+00  1.12390E-04  1.70867E-01
  7.5500000000E+00  7.5600000000E+00  1.11630E-04  2.09318E-01
  7.5600000000E+00  7.5700000000E+00  1.10770E-04  2.57403E-01
  7.5700000000E+00  7.5800000000E+00  1.09664E-04  1.87918E-01
  7.5800000000E+00  7.5900000000E+00  1.08508E-04  1.57074E-01
  7.5900000000E+00  7.6000000000E+00  1.07279E-04  1.31887E-01
  7.6000000000E+00  7.6100000000E+00  1.05724E-04  2.64691E-01
  7.6100000000E+00  7.6200000000E+00  1.04324E-04  2.01155E-01
  7.6200000000E+00  7.6300000000E+00  1.02801E-04  1.81376E-01
  7.6300000000E+00  7.6400000000E+00  1.01444E-04  1.26918E-01
  7.6400000000E+00  7.6500000000E+00  1.00104E-04  1.51604E-01
  7.6500000000E+00  7.6600000000E+00  9.89353E-05  1.03014E-01
  7.6600000000E+00  7.6700000000E+00  9.76194E-05  1.28046E-01
  7.6700000000E+00  7.6800000000E+00  9.67826E-05  2.17450E-01
  7.6800000000E+00  7.6900000000E+00  9.58154E-05  1.91303E-01
  7.6900000000E+00  7.7000000000E+00  9.51641E-05  1.98013E-01
  7.7000000000E+00  7.7100000000E+00  9.45057E-05  1.74081E-01
  7.7100000000E+00  7.7200000000E+00  9.41128E-05  2.85567E-01
  7.7200000000E+00  7.7300000000E+00  9.39456E-05  3.12072E-01
  7.7300000000E+00  7.7400000000E+00  9.40232E-05  2.56590E-01
  7.7400000000E+00  7.7500000000E+00  9.42510E-05  1.90094E-01
  7.7500000000E+00  7.7600000000E+00  9.44544E-05  1.71366E-01
  7.7600000000E+00  7.7700000000E+00  9.48840E-05  1.63563E-01
  7.7700000000E+00  7.7800000000E+00  9.55207E-05  1.12788E-01
  7.7800000000E+00  7.7900000000E+00  9.61124E-05  2.01852E-01
  7.7900000000E+00  7.8000000000E+00  9.69385E-05  1.42331E-01
  7.8000000000E+00  7.8100000000E+00  9.77457E-05  1.39137E-01
  7.8100000000E+00  7.8200000000E+00  9.86624E-05  1.73104E-01
  7.8200000000E+00  7.8300000000E+00  9.96373E-05  1.28670E-01
  7.8300000000E+00  7.8400000000E+00  1.00732E-04  1.39951E-01
  7.8400000000E+00  7.8500000000E+00  1.01860E-04  1.54628E-01
  7.8500000000E+00  7.8600000000E+00  1.02986E-04  1.74751E-01
  7.8600000000E+00  7.8700000000E+00  1.04092E-04  2.13831E-01
  7.8700000000E+00  7.8800000000E+00  1.05160E-04  1.70948E-01
  7.8800000000E+00  7.8900000000E+00  1.06336E-04  1.87236E-01
  7.8900000000E+00  7.9000000000E+00  1.07406E-04  1.16377E-01
  7.9000000000E+00  7.9100000000E+00  1.08546E-04  1.66882E-01
  7.9100000000E+00  7.9200000000E+00  1.09316E-04  1.69227E-01
  7.9200000000E+00  7.9300000000E+00  1.10053E-04  1.21861E-01
  7.9300000000E+00  7.9400000000E+00  1.10777E-04  7.86633E-02
  7.9400000000E+00  7.9500000000E+00  1.11467E-04  1.77071E-01
  7.9500000000E+00  7.9600000000E+00  1.11871E-04  1.16801E-01
  7.9600000000E+00  7.9700000000E+00  1.12150E-04  1.40540E-01
  7.9700000000E+00  7.9800000000E+00  1.11945E-04  1.75992E-01
  7.9800000000E+00  7.9900000000E+00  1.11899E-04  1.33468E-01
  7.9900000000E+00  8.0000000000E+00  1.11279E-04  2.03026E-01
  8.0000000000E+00  8.0100000000E+00  1.10493E-04  1.89482E-01
  8.0100000000E+00  8.0200000000E+00  1.09819E-04  1.85572E-01
  8.0200000000E+00  8.0300000000E+00  1.08557E-04  2.16289E-01
  8.0300000000E+00  8.0400000000E+00  1.07529E-04  2.00213E-01
  8.0400000000E+00  8.0500000000E+00  1.06136E-04  2.32718E-01
  8.0500000000E+00  8.0600000000E+00  1.04569E-04  2.16217E-01
  8.0600000000E+00  8.0700000000E+00  1.02953E-04  1.45358E-01
  8.0700000000E+00  8.0800000000E+00  1.01089E-04  1.93468E-01
  8.0800000000E+00  8.0900000000E+00  9.94935E-05  2.97806E-01
  8.0900000000E+00  8.1000000000E+00  9.78372E-05  2.98009E-01
  8.1000000000E+00  8.1100000000E+00  9.62753E-05  2.76928E-01
  8.1100000000E+00  8.1200000000E+00  9.47412E-05  1.97990E-01
  8.1200000000E+00  8.1300000000E+00  9.34572E-05  1.36001E-01
  8.1300000000E+00  8.1400000000E+00  9.24145E-05  2.58667E-01
  8.1400000000E+00  8.1500000000E+00  9.13642E-05  2.48573E-01
  8.1500000000E+00  8.1600000000E+00  9.07304E-05  2.86694E-01
  8.1600000000E+00  8.1700000000E+00  9.01611E-05  3.18383E-01
  8.1700000000E+00  8.1800000000E+00  8.98689E-05  3.17084E-01
  8.1800000000E+00  8.1900000000E+00  9.00344E-05  2.98347E-01
  8.1900000000E+00  8.2000000000E+00  9.04082E-05  2.68402E-01
  8.2000000000E+00  8.2100000000E+00  9.07989E-05  3.25143E-01
  8.2100000000E+00  8.2200000000E+00  9.13987E-05  3.17679E-01
  8.2200000000E+00  8.2300000000E+00  9.20020E-05  3.89376E-01
  8.2300000000E+00  8.2400000000E+00  9.30734E-05  3.36069E-01
  8.2400000000E+00  8.2500000000E+00  9.43065E-05  2.82619E-01
  8.2500000000E+00  8.2600000000E+00  9.56748E-05  4.03279E-01
  8.2600000000E+00  8.2700000000E+00  9.70958E-05  3.68494E-01
  8.2700000000E+00  8.2800000000E+00  9.88155E-05  3.97948E-01
  8.2800000000E+00  8.2900000000E+00  1.00578E-04  3.46747E-01
  8.2900000000E+00  8.3000000000E+00  1.02204E-04  3.57694E-01
  8.3000000000E+00  8.3100000000E+00  1.04109E-04  3.92960E-01
  8.3100000000E+00  8.3200000000E+00  1.05906E-04  4.03278E-01
  8.3200000000E+00  8.3300000000E+00  1.07974E-04  3.49235E-01
  8.3300000000E+00  8.3400000000E+00  1.09736E-04  3.47149E-01
  8.3400000000E+00  8.3500000000E+00  1.11363E-04  3.25919E-01
  8.3500000000E+00  8.3600000000E+00  1.13043E-04  3.12406E-01
  8.3600000000E+00  8.3700000000E+00  1.14479E-04  3.86058E-01
  8.3700000000E+00  8.3800000000E+00  1.15588E-04  3.14807E-01
  8.3800000000E+00  8.3900000000E+00  1.16874E-04  3.32570E-01
  8.3900000000E+00  8.4000000000E+00  1.17276E-04  3.77318E-01
  8.4000000000E+00  8.4100000000E+00  1.17696E-04  3.55877E-01
  8.4100000000E+00  8.4200000000E+00  1.17587E-04  3.67853E-01
  8.4200000000E+00  8.4300000000E+00  1.16756E-04  3.33300E-01
  8.4300000000E+00  8.4400000000E+00  1.15580E-04  3.05888E-01
  8.4400000000E+00  8.4500000000E+00  1.13640E-04  2.69186E-01
  8.4500000000E+00  8.4600000000E+00  1.11547E-04  3.09349E-01
  8.4600000000E+00  8.4700000000E+00  1.08581E-04  2.65355E-01
  8.4700000000E+00  8.4800000000E+00  1.05022E-04  1.69890E-01
  8.4800000000E+00  8.4900000000E+00  1.00710E-04  2.35729E-01
  8.4900000000E+00  8.5000000000E+00  9.61607E-05  2.14224E-01
  8.5000000000E+00  8.5100000000E+00  9.10230E-05  3.87957E-01
  8.5100000000E+00  8.5200000000E+00  8.53994E-05  4.38183E-01
  8.5200000000E+00  8.5300000000E+00  7.96750E-05  3.08658E-01
  8.5300000000E+00  8.5400000000E+00  7.39115E-05  3.66792E-01
  8.5400000000E+00  8.5500000000E+00  6.76028E-05  3.59019E-01
  8.5500000000E+00  8.5600000000E+00  6.16159E-05  3.91138E-01
  8.5600000000E+00  8.5700000000E+00  5.55360E-05  5.66119E-01
  8.5700000000E+00  8.5800000000E+00  4.95659E-05  4.37538E-01
  8.5800000000E+00  8.5900000000E+00  4.38780E-05  6.96484E-01
  8.5900000000E+00  8.6000000000E+00  3.82436E-05  5.71006E-01
  8.6000000000E+00  8.6100000000E+00  3.30891E-05  6.27393E-01
  8.6100000000E+00  8.6200000000E+00  2.84574E-05  5.93043E-01
  8.6200000000E+00  8.6300000000E+00  2.43698E-05  6.32347E-01
  8.6300000000E+00  8.6400000000E+00  2.04738E-05  5.41103E-01
  8.6400000000E+00  8.6500000000E+00  1.70479E-05  6.69720E-01
  8.6500000000E+00  8.6600000000E+00  1.39356E-05  9.46089E-01
  8.6600000000E+00  8.6700000000E+00  1.11525E-05  1.11542E+00
  8.6700000000E+00  8.6800000000E+00  9.06719E-06  4.49028E-01
  8.6800000000E+00  8.6900000000E+00  7.19555E-06  6.44275E-01
  8.6900000000E+00  8.7000000000E+00  5.70759E-06  1.50680E+00
  8.7000000000E+00  8.7100000000E+00  4.35657E-06  1.83558E+00
  8.7100000000E+00  8.7200000000E+00  3.37012E-06  1.51491E+00
  8.7200000000E+00  8.7300000000E+00  2.56328E-06  9.74735E-01
  8.7300000000E+00  8.7400000000E+00  1.94082E-06  1.66776E+00
  8.7400000000E+00  8.7500000000E+00  1.42273E-06  1.71160E+00
  8.7500000000E+00  8.7600000000E+00  1.06125E-06  2.44646E+00
  8.7600000000E+00  8.7700000000E+00  7.79459E-07  3.58148E+00
  8.7700000000E+00  8.7800000000E+00  5.85992E-07  5.24217E+00
  8.7800000000E+00  8.7900000000E+00  4.38987E-07  4.71039E+00
  8.7900000000E+00  8.8000000000E+00  3.02025E-07  6.44230E+00
  8.8000000000E+00  8.8100000000E+00  2.34841E-07  9.18925E+00
  8.8100000000E+00  8.8200000000E+00  1.80901E-07  8.73780E+00
  8.8200000000E+00  8.8300000000E+00  1.31127E-07  1.47848E+01
  8.8300000000E+00  8.8400000000E+00  1.01188E-07  8.78930E+00
  8.8400000000E+00  8.8500000000E+00  8.83810E-08  8.56532E+00
  8.8500000000E+00  8.8600000000E+00  7.57508E-08  1.13569E+01
  8.8600000000E+00  8.8700000000E+00  6.33219E-08  2.16786E+01
  8.8700000000E+00  8.8800000000E+00  6.60890E-08  1.79691E+01
  8.8800000000E+00  8.8900000000E+00  3.89889E-08  1.35350E+01
  8.8900000000E+00  8.9000000000E+00  7.11181E-08  2.74800E+01
  8.9000000000E+00  8.9100000000E+00  5.38246E-08  1.97828E+01
  8.9100000000E+00  8.9200000000E+00  5.03707E-08  1.95068E+01
  8.9200000000E+00  8.9300000000E+00  4.45748E-08  1.58526E+01
  8.9300000000E+00  8.9400000000E+00  4.57691E-08  1.19011E+01
  8.9400000000E+00  8.9500000000E+00  3.96780E-08  1.54832E+01
  8.9500000000E+00  8.9600000000E+00  4.13134E-08  2.26924E+01
  8.9600000000E+00  8.9700000000E+00  3.77999E-08  1.31411E+01
  8.9700000000E+00  8.9800000000E+00  4.35436E-08  1.96155E+01
  8.9800000000E+00  8.9900000000E+00  3.68130E-08  1.33108E+01
  8.9900000000E+00  9.0000000000E+00  2.94949E-08  1.28755E+01
  9.0000000000E+00  9.0100000000E+00  4.38613E-08  2.27118E+01
  9.0100000000E+00  9.0200000000E+00  4.27043E-08  1.91436E+01
  9.0200000000E+00  9.0300000000E+00  6.58109E-08  3.01098E+01
  9.0300000000E+00  9.0400000000E+00  4.38452E-08  8.87331E+00
  9.0400000000E+00  9.0500000000E+00  3.53688E-08  1.26881E+01
  9.0500000000E+00  9.0600000000E+00  4.01603E-08  1.57142E+01
  9.0600000000E+00  9.0700000000E+00  4.78268E-08  1.17619E+01
  9.0700000000E+00  9.0800000000E+00  5.31288E-08  9.34110E+00
  9.0800000000E+00  9.0900000000E+00  4.63879E-08  1.23634E+01
  9.0900000000E+00  9.1000000000E+00  4.79244E-08  1.33254E+01
  9.1000000000E+00  9.1100000000E+00  4.43201E-08  3.19111E+01
  9.1100000000E+00  9.1200000000E+00  3.88959E-08  1.68645E+01
  9.1200000000E+00  9.1300000000E+00  4.19136E-08  1.82423E+01
  9.1300000000E+00  9.1400000000E+00  4.75068E-08  2.56687E+01
  9.1400000000E+00  9.1500000000E+00  5.54920E-08  3.16769E+01
  9.1500000000E+00  9.1600000000E+00  3.39890E-08  1.06857E+01
  9.1600000000E+00  9.1700000000E+00  3.61431E-08  2.75486E+01
  9.1700000000E+00  9.1800000000E+00  5.02046E-08  1.83635E+01
  9.1800000000E+00  9.1900000000E+00  4.47549E-08  2.84756E+01
  9.1900000000E+00  9.2000000000E+00  5.24671E-08  3.15318E+01
  9.2000000000E+00  9.2100000000E+00  4.08495E-08  1.89892E+01
  9.2100000000E+00  9.2200000000E+00  5.71935E-08  1.70927E+01
  9.2200000000E+00  9.2300000000E+00  4.26635E-08  5.33278E+00
  9.2300000000E+00  9.2400000000E+00  4.89793E-08  9.19958E+00
  9.2400000000E+00  9.2500000000E+00  5.82487E-08  1.90632E+01
  9.2500000000E+00  9.2600000000E+00  4.88137E-08  1.20478E+01
  9.2600000000E+00  9.2700000000E+00  4.41909E-08  1.51379E+01
  9.2700000000E+00  9.2800000000E+00  3.79784E-08  1.51516E+01
  9.2800000000E+00  9.2900000000E+00  5.62283E-08  1.75051E+01
  9.2900000000E+00  9.3000000000E+00  3.88740E-08  1.15850E+01
  9.3000000000E+00  9.3100000000E+00  5.16760E-08  1.53631E+01
  9.3100000000E+00  9.3200000000E+00  3.59208E-08  1.47184E+01
  9.3200000000E+00  9.3300000000E+00  3.75738E-08  1.83120E+01
  9.3300000000E+00  9.3400000000E+00  4.77812E-08  2.78272E+01
  9.3400000000E+00  9.3500000000E+00  4.28798E-08  1.35002E+01
  9.3500000000E+00  9.3600000000E+00  4.44417E-08  1.54199E+01
  9.3600000000E+00  9.3700000000E+00  3.85899E-08  2.61750E+01
  9.3700000000E+00  9.3800000000E+00  6.78765E-08  1.67616E+01
  9.3800000000E+00  9.3900000000E+00  4.34769E-08  4.12948E+01
  9.3900000000E+00  9.4000000000E+00  3.96647E-08  2.12347E+01
  9.4000000000E+00  9.4100000000E+00  4.79708E-08  1.50366E+01
  9.4100000000E+00  9.4200000000E+00  4.44506E-08  1.95907E+01
  9.4200000000E+00  9.4300000000E+00  4.66491E-08  1.52139E+01
  9.4300000000E+00  9.4400000000E+00  3.60958E-08  1.68929E+01
  9.4400000000E+00  9.4500000000E+00  4.16166E-08  1.62999E+01
  9.4500000000E+00  9.4600000000E+00  4.03855E-08  1.76019E+01
  9.4600000000E+00  9.4700000000E+00  4.40737E-08  2.91809E+01
  9.4700000000E+00  9.4800000000E+00  3.17080E-08  2.36297E+01
  9.4800000000E+00  9.4900000000E+00  3.49823E-08  1.68200E+01
  9.4900000000E+00  9.5000000000E+00  2.83187E-08  1.62868E+01
  9.5000000000E+00  9.5100000000E+00  4.43343E-08  2.35916E+01
  9.5100000000E+00  9.5200000000E+00  4.85416E-08  2.85929E+01
  9.5200000000E+00  9.5300000000E+00  4.77725E-08  1.68409E+01
  9.5300000000E+00  9.5400000000E+00  3.42541E-08  2.46982E+01
  9.5400000000E+00  9.5500000000E+00  3.65694E-08  6.55788E+00
  9.5500000000E+00  9.5600000000E+00  3.37728E-08  1.45555E+01
  9.5600000000E+00  9.5700000000E+00  4.73487E-08  3.16002E+01
  9.5700000000E+00  9.5800000000E+00  3.58284E-08  2.07347E+01
  9.5800000000E+00  9.5900000000E+00  2.88056E-08  1.85592E+01
  9.5900000000E+00  9.6000000000E+00  3.77840E-08  1.72580E+01
  9.6000000000E+00  9.6100000000E+00  3.20967E-08  1.56469E+01
  9.6100000000E+00  9.6200000000E+00  5.55997E-08  2.80861E+01
  9.6200000000E+00  9.6300000000E+00  3.05704E-08  2.12211E+01
  9.6300000000E+00  9.6400000000E+00  4.65535E-08  2.00061E+01
  9.6400000000E+00  9.6500000000E+00  6.55111E-08  2.68975E+01
  9.6500000000E+00  9.6600000000E+00  4.67084E-08  1.76545E+01
  9.6600000000E+00  9.6700000000E+00  4.51004E-08  2.40977E+01
  9.6700000000E+00  9.6800000000E+00  5.11102E-08  1.94666E+01
  9.6800000000E+00  9.6900000000E+00  6.00555E-08  2.12506E+01
  9.6900000000E+00  9.7000000000E+00  4.08498E-08  2.38106E+01
  9.7000000000E+00  9.7100000000E+00  4.12531E-08  1.29735E+01
  9.7100000000E+00  9.7200000000E+00  4.61122E-08  2.04816E+01
  9.7200000000E+00  9.7300000000E+00  5.90034E-08  2.45903E+01
  9.7300000000E+00  9.7400000000E+00  4.21341E-08  1.63901E+01
  9.7400000000E+00  9.7500000000E+00  4.31365E-08  2.00773E+01
  9.7500000000E+00  9.7600000000E+00  6.29590E-08  1.71852E+01
  9.7600000000E+00  9.7700000000E+00  3.62077E-08  9.53728E+00
  9.7700000000E+00  9.7800000000E+00  5.02876E-08  1.79093E+01
  9.7800000000E+00  9.7900000000E+00  3.92622E-08  1.93390E+01
  9.7900000000E+00  9.8000000000E+00  3.79232E-08  1.53227E+01
  9.8000000000E+00  9.8100000000E+00  3.82587E-08  2.56574E+01
  9.8100000000E+00  9.8200000000E+00  3.49050E-08  1.63424E+01
  9.8200000000E+00  9.8300000000E+00  3.54555E-08  1.96538E+01
  9.8300000000E+00  9.8400000000E+00  5.75110E-08  3.35455E+01
  9.8400000000E+00  9.8500000000E+00  4.81545E-08  2.48392E+01
  9.8500000000E+00  9.8600000000E+00  3.66548E-08  1.37371E+01
  9.8600000000E+00  9.8700000000E+00  4.13562E-08  2.09390E+01
  9.8700000000E+00  9.8800000000E+00  3.99094E-08  1.69124E+01
  9.8800000000E+00  9.8900000000E+00  3.02049E-08  8.09738E+00
  9.8900000000E+00  9.9000000000E+00  3.84689E-08  1.89082E+01
  9.9000000000E+00  9.9100000000E+00  3.67906E-08  1.52433E+01
  9.9100000000E+00  9.9200000000E+00  5.43001E-08  3.72620E+01
  9.9200000000E+00  9.9300000000E+00  2.96973E-08  1.59042E+01
  9.9300000000E+00  9.9400000000E+00  2.62846E-08  2.40422E+01
  9.9400000000E+00  9.9500000000E+00  4.46728E-08  2.99494E+01
  9.9500000000E+00  9.9600000000E+00  2.20420E-08  1.85855E+01
  9.9600000000E+00  9.9700000000E+00  3.47188E-08  1.75510E+01
  9.9700000000E+00  9.9800000000E+00  2.42790E-08  2.82474E+01
  9.9800000000E+00  9.9900000000E+00  4.87851E-08  3.11390E+01
  9.9900000000E+00  1.0000000000E+01  3.70631E-08  1.37694E+01
  1.0000000000E+01  1.0010000000E+01  2.58705E-08  9.67078E+00
  1.0010000000E+01  1.0020000000E+01  2.50217E-08  2.05074E+01
  1.0020000000E+01  1.0030000000E+01  3.02252E-08  2.16603E+01
  1.0030000000E+01  1.0040000000E+01  3.95221E-08  2.85324E+01
  1.0040000000E+01  1.0050000000E+01  4.45014E-08  2.49086E+01
  1.0050000000E+01  1.0060000000E+01  3.23643E-08  2.40056E+01
  1.0060000000E+01  1.0070000000E+01  4.33343E-08  2.30709E+01
  1.0070000000E+01  1.0080000000E+01  3.38697E-08  2.81011E+01
  1.0080000000E+01  1.0090000000E+01  4.30077E-08  2.62232E+01
  1.0090000000E+01  1.0100000000E+01  3.88359E-08  1.55575E+01
  1.0100000000E+01  1.0110000000E+01  2.41857E-08  1.37277E+01
  1.0110000000E+01  1.0120000000E+01  3.59147E-08  1.98609E+01
  1.0120000000E+01  1.0130000000E+01  3.27993E-08  9.73458E+00
  1.0130000000E+01  1.0140000000E+01  3.91332E-08  2.85871E+01
  1.0140000000E+01  1.0150000000E+01  4.39440E-08  1.74516E+01
  1.0150000000E+01  1.0160000000E+01  3.82131E-08  1.50237E+01
  1.0160000000E+01  1.0170000000E+01  3.38328E-08  2.39886E+01
  1.0170000000E+01  1.0180000000E+01  3.20997E-08  1.39888E+01
  1.0180000000E+01  1.0190000000E+01  4.77842E-08  1.76336E+01
  1.0190000000E+01  1.0200000000E+01  4.64347E-08  1.90381E+01
  1.0200000000E+01  1.0210000000E+01  3.79272E-08  8.60088E+00
  1.0210000000E+01  1.0220000000E+01  3.90231E-08  1.38137E+01
  1.0220000000E+01  1.0230000000E+01  3.08111E-08  1.21951E+01
  1.0230000000E+01  1.0240000000E+01  3.67250E-08  1.38997E+01
  1.0240000000E+01  1.0250000000E+01  2.75819E-08  1.41630E+01
  1.0250000000E+01  1.0260000000E+01  3.50680E-08  9.10444E+00
  1.0260000000E+01  1.0270000000E+01  3.65250E-08  3.08008E+01
  1.0270000000E+01  1.0280000000E+01  3.19185E-08  1.40477E+01
  1.0280000000E+01  1.0290000000E+01  2.64600E-08  9.58764E+00
  1.0290000000E+01  1.0300000000E+01  3.88908E-08  2.56345E+01
  1.0300000000E+01  1.0310000000E+01  4.10916E-08  2.73713E+01
  1.0310000000E+01  1.0320000000E+01  4.17688E-08  1.60075E+01
  1.0320000000E+01  1.0330000000E+01  3.14507E-08  1.07204E+01
  1.0330000000E+01  1.0340000000E+01  3.71775E-08  1.45471E+01
  1.0340000000E+01  1.0350000000E+01  3.88397E-08  1.65760E+01
  1.0350000000E+01  1.0360000000E+01  2.80063E-08  2.06005E+01
  1.0360000000E+01  1.0370000000E+01  4.04432E-08  1.96090E+01
  1.0370000000E+01  1.0380000000E+01  4.90387E-08  2.49082E+01
  1.0380000000E+01  1.0390000000E+01  2.80053E-08  2.18387E+01
  1.0390000000E+01  1.0400000000E+01  3.17485E-08  9.05973E+00
  1.0400000000E+01  1.0410000000E+01  2.63152E-08  1.35931E+01
  1.0410000000E+01  1.0420000000E+01  2.62319E-08  1.42740E+01
  1.0420000000E+01  1.0430000000E+01  2.85967E-08  1.48566E+01
  1.0430000000E+01  1.0440000000E+01  3.49057E-08  1.66124E+01
  1.0440000000E+01  1.0450000000E+01  3.33513E-08  1.81566E+01
  1.0450000000E+01  1.0460000000E+01  3.58401E-08  1.87989E+01
  1.0460000000E+01  1.0470000000E+01  1.84722E-08  1.53597E+01
  1.0470000000E+01  1.0480000000E+01  2.90400E-08  2.29554E+01
  1.0480000000E+01  1.0490000000E+01  3.11934E-08  1.72870E+01
  1.0490000000E+01  1.0500000000E+01  6.57588E-08  4.49482E+01
  1.0500000000E+01  1.0510000000E+01  4.04036E-08  1.89289E+01
  1.0510000000E+01  1.0520000000E+01  3.06661E-08  1.63285E+01
  1.0520000000E+01  1.0530000000E+01  2.73880E-08  2.24823E+01
  1.0530000000E+01  1.0540000000E+01  4.27806E-08  3.83501E+01
  1.0540000000E+01  1.0550000000E+01  3.55311E-08  2.36893E+01
  1.0550000000E+01  1.0560000000E+01  3.20193E-08  1.22602E+01
  1.0560000000E+01  1.0570000000E+01  3.77009E-08  2.83175E+01
  1.0570000000E+01  1.0580000000E+01  3.21569E-08  2.66888E+01
  1.0580000000E+01  1.0590000000E+01  2.11929E-08  1.81000E+01
  1.0590000000E+01  1.0600000000E+01  3.88496E-08  3.59115E+01
  1.0600000000E+01  1.0610000000E+01  3.86578E-08  3.50173E+01
  1.0610000000E+01  1.0620000000E+01  4.59928E-08  2.31064E+01
  1.0620000000E+01  1.0630000000E+01  2.36001E-08  1.34100E+01
  1.0630000000E+01  1.0640000000E+01  2.13977E-08  1.57534E+01
  1.0640000000E+01  1.0650000000E+01  2.79325E-08  1.20302E+01
  1.0650000000E+01  1.0660000000E+01  3.82217E-08  1.36641E+01
  1.0660000000E+01  1.0670000000E+01  2.60377E-08  9.47639E+00
  1.0670000000E+01  1.0680000000E+01  3.07984E-08  3.10489E+01
  1.0680000000E+01  1.0690000000E+01  2.68824E-08  1.61498E+01
  1.0690000000E+01  1.0700000000E+01  3.85561E-08  2.88846E+01
  1.0700000000E+01  1.0710000000E+01  3.40888E-08  1.46917E+01
  1.0710000000E+01  1.0720000000E+01  2.63012E-08  1.48167E+01
  1.0720000000E+01  1.0730000000E+01  2.90003E-08  2.10226E+01
  1.0730000000E+01  1.0740000000E+01  2.44864E-08  1.57819E+01
  1.0740000000E+01  1.0750000000E+01  2.86288E-08  1.41192E+01
  1.0750000000E+01  1.0760000000E+01  4.20125E-08  1.77439E+01
  1.0760000000E+01  1.0770000000E+01  2.58031E-08  1.31120E+01
  1.0770000000E+01  1.0780000000E+01  3.86932E-08  1.46456E+01
  1.0780000000E+01  1.0790000000E+01  3.45139E-08  1.95577E+01
  1.0790000000E+01  1.0800000000E+01  2.81040E-08  1.37217E+01
  1.0800000000E+01  1.0810000000E+01  2.89900E-08  2.21864E+01
  1.0810000000E+01  1.0820000000E+01  3.18680E-08  1.99379E+01
  1.0820000000E+01  1.0830000000E+01  3.43070E-08  2.35456E+01
  1.0830000000E+01  1.0840000000E+01  3.54050E-08  1.12548E+01
  1.0840000000E+01  1.0850000000E+01  3.79033E-08  2.49691E+01
  1.0850000000E+01  1.0860000000E+01  3.99890E-08  1.41880E+01
  1.0860000000E+01  1.0870000000E+01  2.93386E-08  2.39698E+01
  1.0870000000E+01  1.0880000000E+01  5.27530E-08  3.44248E+01
  1.0880000000E+01  1.0890000000E+01  3.63807E-08  1.70964E+01
  1.0890000000E+01  1.0900000000E+01  2.75408E-08  1.54847E+01
  1.0900000000E+01  1.0910000000E+01  3.29257E-08  1.25460E+01
  1.0910000000E+01  1.0920000000E+01  3.23788E-08  1.91596E+01
  1.0920000000E+01  1.0930000000E+01  4.85063E-08  4.07470E+01
  1.0930000000E+01  1.0940000000E+01  2.83183E-08  7.85695E+00
  1.0940000000E+01  1.0950000000E+01  4.46110E-08  1.44334E+01
  1.0950000000E+01  1.0960000000E+01  3.09670E-08  2.37321E+01
  1.0960000000E+01  1.0970000000E+01  3.14193E-08  1.46827E+01
  1.0970000000E+01  1.0980000000E+01  3.90024E-08  8.65084E+00
  1.0980000000E+01  1.0990000000E+01  3.27584E-08  2.12155E+01
  1.0990000000E+01  1.1000000000E+01  3.16758E-08  2.73673E+01
  1.1000000000E+01  1.1010000000E+01  3.83388E-08  3.63579E+01
  1.1010000000E+01  1.1020000000E+01  2.81230E-08  2.22762E+01
  1.1020000000E+01  1.1030000000E+01  3.71293E-08  3.84971E+01
  1.1030000000E+01  1.1040000000E+01  4.33571E-08  2.57466E+01
  1.1040000000E+01  1.1050000000E+01  2.76062E-08  2.33847E+01
  1.1050000000E+01  1.1060000000E+01  4.00768E-08  3.01489E+01
  1.1060000000E+01  1.1070000000E+01  3.54866E-08  1.59629E+01
  1.1070000000E+01  1.1080000000E+01  4.94481E-08  8.86780E+00
  1.1080000000E+01  1.1090000000E+01  3.33854E-08  2.18453E+01
  1.1090000000E+01  1.1100000000E+01  4.88831E-08  4.13484E+01
  1.1100000000E+01  1.1110000000E+01  3.56437E-08  1.56622E+01
  1.1110000000E+01  1.1120000000E+01  3.51805E-08  1.90962E+01
  1.1120000000E+01  1.1130000000E+01  2.96569E-08  1.72098E+01
  1.1130000000E+01  1.1140000000E+01  2.67966E-08  1.35980E+01
  1.1140000000E+01  1.1150000000E+01  4.05038E-08  2.33458E+01
  1.1150000000E+01  1.1160000000E+01  3.51237E-08  1.47820E+01
  1.1160000000E+01  1.1170000000E+01  3.57362E-08  2.12884E+00
  1.1170000000E+01  1.1180000000E+01  3.80879E-08  1.04644E+01
  1.1180000000E+01  1.1190000000E+01  3.63291E-08  1.41305E+01
  1.1190000000E+01  1.1200000000E+01  4.01217E-08  1.01584E+01
  1.1200000000E+01  1.1210000000E+01  4.54096E-08  1.88735E+01
  1.1210000000E+01  1.1220000000E+01  3.95521E-08  2.85181E+01
  1.1220000000E+01  1.1230000000E+01  3.38393E-08  2.57509E+01
  1.1230000000E+01  1.1240000000E+01  3.56418E-08  1.05981E+01
  1.1240000000E+01  1.1250000000E+01  2.87584E-08  7.40622E+00
  1.1250000000E+01  1.1260000000E+01  3.11592E-08  1.84458E+01
  1.1260000000E+01  1.1270000000E+01  2.42852E-08  1.55158E+01
  1.1270000000E+01  1.1280000000E+01  3.06398E-08  2.85092E+01
  1.1280000000E+01  1.1290000000E+01  3.06277E-08  2.49625E+01
  1.1290000000E+01  1.1300000000E+01  2.95812E-08  3.46537E+01
  1.1300000000E+01  1.1310000000E+01  3.13735E-08  2.04343E+01
  1.1310000000E+01  1.1320000000E+01  2.79018E-08  2.07824E+01
  1.1320000000E+01  1.1330000000E+01  2.83067E-08  1.98849E+01
  1.1330000000E+01  1.1340000000E+01  2.32298E-08  1.47195E+01
  1.1340000000E+01  1.1350000000E+01  2.67499E-08  1.02399E+01
  1.1350000000E+01  1.1360000000E+01  2.92301E-08  1.13441E+01
  1.1360000000E+01  1.1370000000E+01  2.32527E-08  2.88489E+01
  1.1370000000E+01  1.1380000000E+01  2.12146E-08  1.15244E+01
  1.1380000000E+01  1.1390000000E+01  2.71518E-08  1.16384E+01
  1.1390000000E+01  1.1400000000E+01  2.81237E-08  1.59422E+01
  1.1400000000E+01  1.1410000000E+01  3.61007E-08  2.39625E+01
  1.1410000000E+01  1.1420000000E+01  2.94014E-08  3.79973E+01
  1.1420000000E+01  1.1430000000E+01  3.09742E-08  1.84718E+01
  1.1430000000E+01  1.1440000000E+01  5.06755E-08  3.95725E+01
  1.1440000000E+01  1.1450000000E+01  3.49485E-08  2.86117E+01
  1.1450000000E+01  1.1460000000E+01  2.46937E-08  3.16356E+01
  1.1460000000E+01  1.1470000000E+01  4.66245E-08  4.62870E+01
  1.1470000000E+01  1.1480000000E+01  3.74294E-08  2.61001E+01
  1.1480000000E+01  1.1490000000E+01  1.54773E-08  1.39867E+01
  1.1490000000E+01  1.1500000000E+01  2.29577E-08  2.32173E+01
  1.1500000000E+01  1.1510000000E+01  3.76899E-08  2.91792E+01
  1.1510000000E+01  1.1520000000E+01  2.34884E-08  1.91199E+01
  1.1520000000E+01  1.1530000000E+01  2.01836E-08  1.27708E+01
  1.1530000000E+01  1.1540000000E+01  2.06925E-08  2.46213E+01
  1.1540000000E+01  1.1550000000E+01  2.55036E-08  1.74004E+01
  1.1550000000E+01  1.1560000000E+01  3.05640E-08  1.55316E+01
  1.1560000000E+01  1.1570000000E+01  2.55760E-08  1.88298E+01
  1.1570000000E+01  1.1580000000E+01  2.58222E-08  2.54380E+01
  1.1580000000E+01  1.1590000000E+01  2.80461E-08  2.62136E+01
  1.1590000000E+01  1.1600000000E+01  2.74312E-08  2.29953E+01
  1.1600000000E+01  1.1610000000E+01  2.63632E-08  1.85914E+01
  1.1610000000E+01  1.1620000000E+01  3.11857E-08  1.87926E+01
  1.1620000000E+01  1.1630000000E+01  2.82013E-08  3.01108E+01
  1.1630000000E+01  1.1640000000E+01  2.77301E-08  1.78950E+01
  1.1640000000E+01  1.1650000000E+01  3.29240E-08  2.26775E+01
  1.1650000000E+01  1.1660000000E+01  3.47481E-08  7.86642E+00
  1.1660000000E+01  1.1670000000E+01  2.91622E-08  1.92005E+01
  1.1670000000E+01  1.1680000000E+01  3.41673E-08  3.92679E+01
  1.1680000000E+01  1.1690000000E+01  2.46441E-08  2.79622E+01
  1.1690000000E+01  1.1700000000E+01  3.25926E-08  2.50617E+01
  1.1700000000E+01  1.1710000000E+01  2.94016E-08  2.13178E+01
  1.1710000000E+01  1.1720000000E+01  3.09103E-08  1.47879E+01
  1.1720000000E+01  1.1730000000E+01  3.36347E-08  2.18575E+01
  1.1730000000E+01  1.1740000000E+01  3.27925E-08  1.50736E+01
  1.1740000000E+01  1.1750000000E+01  3.13469E-08  3.52948E+01
  1.1750000000E+01  1.1760000000E+01  2.42048E-08  1.90605E+01
  1.1760000000E+01  1.1770000000E+01  2.44028E-08  2.22379E+01
  1.1770000000E+01  1.1780000000E+01  2.35625E-08  1.66394E+01
  1.1780000000E+01  1.1790000000E+01  2.99174E-08  3.03554E+01
  1.1790000000E+01  1.1800000000E+01  2.44956E-08  1.77555E+01
  1.1800000000E+01  1.1810000000E+01  2.98651E-08  2.39188E+01
  1.1810000000E+01  1.1820000000E+01  2.62042E-08  1.10472E+01
  1.1820000000E+01  1.1830000000E+01  2.44923E-08  2.37536E+01
  1.1830000000E+01  1.1840000000E+01  2.37632E-08  1.31806E+01
  1.1840000000E+01  1.1850000000E+01  2.89269E-08  1.64333E+01
  1.1850000000E+01  1.1860000000E+01  1.94231E-08  2.80548E+01
  1.1860000000E+01  1.1870000000E+01  2.00646E-08  2.64889E+01
  1.1870000000E+01  1.1880000000E+01  1.98048E-08  1.58222E+01
  1.1880000000E+01  1.1890000000E+01  1.64796E-08  1.12259E+01
  1.1890000000E+01  1.1900000000E+01  2.40158E-08  2.89773E+01
  1.1900000000E+01  1.1910000000E+01  1.46908E-08  2.66923E+01
  1.1910000000E+01  1.1920000000E+01  2.43848E-08  1.48171E+01
  1.1920000000E+01  1.1930000000E+01  2.23650E-08  1.21391E+01
  1.1930000000E+01  1.1940000000E+01  1.95126E-08  1.37391E+01
  1.1940000000E+01  1.1950000000E+01  1.78701E-08  2.24569E+01
  1.1950000000E+01  1.1960000000E+01  4.25249E-08  3.14573E+01
  1.1960000000E+01  1.1970000000E+01  1.94887E-08  1.88151E+01
  1.1970000000E+01  1.1980000000E+01  1.88980E-08  1.04597E+01
  1.1980000000E+01  1.1990000000E+01  2.29078E-08  1.62354E+01
  1.1990000000E+01  1.2000000000E+01  2.05420E-08  1.27194E+01
  1.2000000000E+01  1.2000000000E+01  2.05420E-08  1.27194E+01
