# Detector n: 1D Projection
  0.0000000000E+00  1.0000000000E-02  1.25499E-04  7.01088E-02
  1.0000000000E-02  2.0000000000E-02  1.25549E-04  6.70700E-02
  2.0000000000E-02  3.0000000000E-02  1.25537E-04  4.77572E-02
  3.0000000000E-02  4.0000000000E-02  1.25528E-04  5.65638E-02
  4.0000000000E-02  5.0000000000E-02  1.25615E-04  5.73075E-02
  5.0000000000E-02  6.0000000000E-02  1.25736E-04  2.60429E-02
  6.0000000000E-02  7.0000000000E-02  1.25980E-04  6.94338E-02
  7.0000000000E-02  8.0000000000E-02  1.25944E-04  4.45820E-02
  8.0000000000E-02  9.0000000000E-02  1.25969E-04  3.73847E-02
  9.0000000000E-02  1.0000000000E-01  1.25962E-04  8.04905E-02
  1.0000000000E-01  1.1000000000E-01  1.25953E-04  4.57522E-02
  1.1000000000E-01  1.2000000000E-01  1.25931E-04  7.11412E-02
  1.2000000000E-01  1.3000000000E-01  1.25942E-04  4.85299E-02
  1.3000000000E-01  1.4000000000E-01  1.26048E-04  5.55767E-02
  1.4000000000E-01  1.5000000000E-01  1.26050E-04  2.94470E-02
  1.5000000000E-01  1.6000000000E-01  1.26185E-04  5.10394E-02
  1.6000000000E-01  1.7000000000E-01  1.26261E-04  7.21637E-02
  1.7000000000E-01  1.8000000000E-01  1.26356E-04  3.00332E-02
  1.8000000000E-01  1.9000000000E-01  1.26609E-04  2.53725E-02
  1.9000000000E-01  2.0000000000E-01  1.26790E-04  4.78855E-02
  2.0000000000E-01  2.1000000000E-01  1.26726E-04  7.07786E-02
  2.1000000000E-01  2.2000000000E-01  1.26777E-04  3.27993E-02
  2.2000000000E-01  2.3000000000E-01  1.26723E-04  2.79268E-02
  2.3000000000E-01  2.4000000000E-01  1.26743E-04  5.49115E-02
  2.4000000000E-01  2.5000000000E-01  1.26752E-04  2.63389E-02
  2.5000000000E-01  2.6000000000E-01  1.26706E-04  4.75422E-02
  2.6000000000E-01  2.7000000000E-01  1.26720E-04  6.47557E-02
  2.7000000000E-01  2.8000000000E-01  1.26644E-04  3.63546E-02
  2.8000000000E-01  2.9000000000E-01  1.26751E-04  6.34203E-02
  2.9000000000E-01  3.0000000000E-01  1.26818E-04  4.25580E-02
  3.0000000000E-01  3.1000000000E-01  1.26773E-04  4.27731E-02
  3.1000000000E-01  3.2000000000E-01  1.26872E-04  1.90264E-02
  3.2000000000E-01  3.3000000000E-01  1.26890E-04  4.22612E-02
  3.3000000000E-01  3.4000000000E-01  1.26903E-04  4.39208E-02
  3.4000000000E-01  3.5000000000E-01  1.26970E-04  4.60578E-02
  3.5000000000E-01  3.6000000000E-01  1.27051E-04  5.74505E-02
  3.6000000000E-01  3.7000000000E-01  1.27116E-04  5.30942E-02
  3.7000000000E-01  3.8000000000E-01  1.27180E-04  3.55654E-02
  3.8000000000E-01  3.9000000000E-01  1.27318E-04  4.82015E-02
  3.9000000000E-01  4.0000000000E-01  1.27351E-04  5.63365E-02
  4.0000000000E-01  4.1000000000E-01  1.27347E-04  3.79783E-02
  4.1000000000E-01  4.2000000000E-01  1.27534E-04  4.58101E-02
  4.2000000000E-01  4.3000000000E-01  1.27853E-04  5.61215E-02
  4.3000000000E-01  4.4000000000E-01  1.28241E-04  4.99935E-02
  4.4000000000E-01  4.5000000000E-01  1.28310E-04  6.55342E-02
  4.5000000000E-01  4.6000000000E-01  1.28342E-04  5.72017E-02
  4.6000000000E-01  4.7000000000E-01  1.28331E-04  6.10514E-02
  4.7000000000E-01  4.8000000000E-01  1.28261E-04  6.89329E-02
  4.8000000000E-01  4.9000000000E-01  1.28245E-04  1.95714E-02
  4.9000000000E-01  5.0000000000E-01  1.28215E-04  1.28491E-02
  5.0000000000E-01  5.1000000000E-01  1.28157E-04  2.17587E-02
  5.1000000000E-01  5.2000000000E-01  1.28236E-04  5.98969E-02
  5.2000000000E-01  5.3000000000E-01  1.28200E-04  3.72747E-02
  5.3000000000E-01  5.4000000000E-01  1.28160E-04  5.47361E-02
  5.4000000000E-01  5.5000000000E-01  1.28087E-04  7.10859E-02
  5.5000000000E-01  5.6000000000E-01  1.28090E-04  5.52003E-02
  5.6000000000E-01  5.7000000000E-01  1.28031E-04  3.34355E-02
  5.7000000000E-01  5.8000000000E-01  1.27950E-04  6.99208E-02
  5.8000000000E-01  5.9000000000E-01  1.27949E-04  3.70592E-02
  5.9000000000E-01  6.0000000000E-01  1.27990E-04  4.45667E-02
  6.0000000000E-01  6.1000000000E-01  1.28073E-04  4.71175E-02
  6.1000000000E-01  6.2000000000E-01  1.28108E-04  4.71646E-02
  6.2000000000E-01  6.3000000000E-01  1.28086E-04  3.21937E-02
  6.3000000000E-01  6.4000000000E-01  1.28142E-04  4.63876E-02
  6.4000000000E-01  6.5000000000E-01  1.28115E-04  3.55475E-02
  6.5000000000E-01  6.6000000000E-01  1.28121E-04  4.72516E-02
  6.6000000000E-01  6.7000000000E-01  1.28094E-04  1.95645E-02
  6.7000000000E-01  6.8000000000E-01  1.28055E-04  3.78928E-02
  6.8000000000E-01  6.9000000000E-01  1.28103E-04  2.23195E-02
  6.9000000000E-01  7.0000000000E-01  1.28252E-04  3.96489E-02
  7.0000000000E-01  7.1000000000E-01  1.28228E-04  3.16355E-02
  7.1000000000E-01  7.2000000000E-01  1.28341E-04  4.00692E-02
  7.2000000000E-01  7.3000000000E-01  1.28210E-04  4.42338E-02
  7.3000000000E-01  7.4000000000E-01  1.28255E-04  5.45688E-02
  7.4000000000E-01  7.5000000000E-01  1.28297E-04  2.94051E-02
  7.5000000000E-01  7.6000000000E-01  1.28374E-04  2.68891E-02
  7.6000000000E-01  7.7000000000E-01  1.28322E-04  3.77681E-02
  7.7000000000E-01  7.8000000000E-01  1.28389E-04  5.11663E-02
  7.8000000000E-01  7.9000000000E-01  1.28480E-04  4.33046E-02
  7.9000000000E-01  8.0000000000E-01  1.28484E-04  3.93547E-02
  8.0000000000E-01  8.1000000000E-01  1.28586E-04  2.89097E-02
  8.1000000000E-01  8.2000000000E-01  1.28601E-04  2.24394E-02
  8.2000000000E-01  8.3000000000E-01  1.28762E-04  4.31509E-02
  8.3000000000E-01  8.4000000000E-01  1.28666E-04  7.40651E-02
  8.4000000000E-01  8.5000000000E-01  1.28732E-04  4.52365E-02
  8.5000000000E-01  8.6000000000E-01  1.28906E-04  3.23516E-02
  8.6000000000E-01  8.7000000000E-01  1.28870E-04  1.06289E-02
  8.7000000000E-01  8.8000000000E-01  1.29107E-04  6.49980E-02
  8.8000000000E-01  8.9000000000E-01  1.29123E-04  7.22550E-02
  8.9000000000E-01  9.0000000000E-01  1.29410E-04  5.58282E-02
  9.0000000000E-01  9.1000000000E-01  1.29671E-04  7.35052E-02
  9.1000000000E-01  9.2000000000E-01  1.29873E-04  2.28182E-02
  9.2000000000E-01  9.3000000000E-01  1.29923E-04  5.37811E-02
  9.3000000000E-01  9.4000000000E-01  1.30201E-04  5.49499E-02
  9.4000000000E-01  9.5000000000E-01  1.30179E-04  2.11183E-02
  9.5000000000E-01  9.6000000000E-01  1.30150E-04  7.11774E-02
  9.6000000000E-01  9.7000000000E-01  1.30067E-04  7.67746E-02
  9.7000000000E-01  9.8000000000E-01  1.30061E-04  3.05994E-02
  9.8000000000E-01  9.9000000000E-01  1.30127E-04  7.35978E-02
  9.9000000000E-01  1.0000000000E+00  1.30015E-04  6.83629E-02
  1.0000000000E+00  1.0100000000E+00  1.30074E-04  3.22591E-02
  1.0100000000E+00  1.0200000000E+00  1.30137E-04  4.81757E-02
  1.0200000000E+00  1.0300000000E+00  1.30117E-04  5.36922E-02
  1.0300000000E+00  1.0400000000E+00  1.30094E-04  4.14934E-02
  1.0400000000E+00  1.0500000000E+00  1.30128E-04  3.34635E-02
  1.0500000000E+00  1.0600000000E+00  1.30244E-04  5.04340E-02
  1.0600000000E+00  1.0700000000E+00  1.30173E-04  8.12044E-02
  1.0700000000E+00  1.0800000000E+00  1.30106E-04  3.22840E-02
  1.0800000000E+00  1.0900000000E+00  1.30113E-04  2.49097E-02
  1.0900000000E+00  1.1000000000E+00  1.30081E-04  4.69089E-02
  1.1000000000E+00  1.1100000000E+00  1.30141E-04  2.86693E-02
  1.1100000000E+00  1.1200000000E+00  1.30114E-04  4.72930E-02
  1.1200000000E+00  1.1300000000E+00  1.30255E-04  2.67295E-02
  1.1300000000E+00  1.1400000000E+00  1.30084E-04  4.13590E-02
  1.1400000000E+00  1.1500000000E+00  1.30146E-04  5.86761E-02
  1.1500000000E+00  1.1600000000E+00  1.30241E-04  8.48857E-02
  1.1600000000E+00  1.1700000000E+00  1.30183E-04  4.04985E-02
  1.1700000000E+00  1.1800000000E+00  1.30170E-04  3.09079E-02
  1.1800000000E+00  1.1900000000E+00  1.30361E-04  6.65611E-02
  1.1900000000E+00  1.2000000000E+00  1.30333E-04  3.81376E-02
  1.2000000000E+00  1.2100000000E+00  1.30434E-04  4.48841E-02
  1.2100000000E+00  1.2200000000E+00  1.30356E-04  3.77500E-02
  1.2200000000E+00  1.2300000000E+00  1.30483E-04  7.16318E-02
  1.2300000000E+00  1.2400000000E+00  1.30515E-04  2.15657E-02
  1.2400000000E+00  1.2500000000E+00  1.30561E-04  2.19974E-02
  1.2500000000E+00  1.2600000000E+00  1.30747E-04  3.26252E-02
  1.2600000000E+00  1.2700000000E+00  1.30755E-04  3.20151E-02
  1.2700000000E+00  1.2800000000E+00  1.30706E-04  3.97129E-02
  1.2800000000E+00  1.2900000000E+00  1.30796E-04  4.00465E-02
  1.2900000000E+00  1.3000000000E+00  1.30764E-04  4.17538E-02
  1.3000000000E+00  1.3100000000E+00  1.30865E-04  4.94703E-02
  1.3100000000E+00  1.3200000000E+00  1.30932E-04  5.05977E-02
  1.3200000000E+00  1.3300000000E+00  1.31011E-04  4.66995E-02
  1.3300000000E+00  1.3400000000E+00  1.31272E-04  5.12614E-02
  1.3400000000E+00  1.3500000000E+00  1.31373E-04  5.39994E-02
  1.3500000000E+00  1.3600000000E+00  1.31516E-04  5.37630E-02
  1.3600000000E+00  1.3700000000E+00  1.31759E-04  4.62155E-02
  1.3700000000E+00  1.3800000000E+00  1.31950E-04  4.88807E-02
  1.3800000000E+00  1.3900000000E+00  1.32070E-04  4.08284E-02
  1.3900000000E+00  1.4000000000E+00  1.31939E-04  3.12020E-02
  1.4000000000E+00  1.4100000000E+00  1.32008E-04  3.92242E-02
  1.4100000000E+00  1.4200000000E+00  1.32059E-04  4.57894E-02
  1.4200000000E+00  1.4300000000E+00  1.31950E-04  5.91528E-02
  1.4300000000E+00  1.4400000000E+00  1.32097E-04  3.56291E-02
  1.4400000000E+00  1.4500000000E+00  1.32108E-04  2.51670E-02
  1.4500000000E+00  1.4600000000E+00  1.32111E-04  2.63417E-02
  1.4600000000E+00  1.4700000000E+00  1.32178E-04  4.23857E-02
  1.4700000000E+00  1.4800000000E+00  1.32130E-04  2.78172E-02
  1.4800000000E+00  1.4900000000E+00  1.32119E-04  3.35947E-02
  1.4900000000E+00  1.5000000000E+00  1.32126E-04  2.19876E-02
  1.5000000000E+00  1.5100000000E+00  1.32207E-04  2.28464E-02
  1.5100000000E+00  1.5200000000E+00  1.32192E-04  2.22421E-02
  1.5200000000E+00  1.5300000000E+00  1.32126E-04  4.69870E-02
  1.5300000000E+00  1.5400000000E+00  1.32308E-04  1.26926E-02
  1.5400000000E+00  1.5500000000E+00  1.32327E-04  3.91964E-02
  1.5500000000E+00  1.5600000000E+00  1.32391E-04  6.21887E-02
  1.5600000000E+00  1.5700000000E+00  1.32268E-04  3.26344E-02
  1.5700000000E+00  1.5800000000E+00  1.32440E-04  6.73845E-02
  1.5800000000E+00  1.5900000000E+00  1.32529E-04  5.67554E-02
  1.5900000000E+00  1.6000000000E+00  1.32445E-04  5.64251E-02
  1.6000000000E+00  1.6100000000E+00  1.32460E-04  2.55285E-02
  1.6100000000E+00  1.6200000000E+00  1.32571E-04  4.01648E-02
  1.6200000000E+00  1.6300000000E+00  1.32562E-04  3.34837E-02
  1.6300000000E+00  1.6400000000E+00  1.32726E-04  2.67041E-02
  1.6400000000E+00  1.6500000000E+00  1.32802E-04  2.54504E-02
  1.6500000000E+00  1.6600000000E+00  1.32822E-04  5.36157E-02
  1.6600000000E+00  1.6700000000E+00  1.32787E-04  5.04444E-02
  1.6700000000E+00  1.6800000000E+00  1.32839E-04  4.09467E-02
  1.6800000000E+00  1.6900000000E+00  1.32776E-04  4.42189E-02
  1.6900000000E+00  1.7000000000E+00  1.32971E-04  3.89505E-02
  1.7000000000E+00  1.7100000000E+00  1.33075E-04  3.04510E-02
  1.7100000000E+00  1.7200000000E+00  1.33023E-04  2.41427E-02
  1.7200000000E+00  1.7300000000E+00  1.33100E-04  3.96285E-02
  1.7300000000E+00  1.7400000000E+00  1.33165E-04  3.74835E-02
  1.7400000000E+00  1.7500000000E+00  1.33255E-04  3.97642E-02
  1.7500000000E+00  1.7600000000E+00  1.33352E-04  7.03127E-02
  1.7600000000E+00  1.7700000000E+00  1.33481E-04  8.44541E-02
  1.7700000000E+00  1.7800000000E+00  1.33713E-04  6.16542E-02
  1.7800000000E+00  1.7900000000E+00  1.33829E-04  5.39515E-02
  1.7900000000E+00  1.8000000000E+00  1.33992E-04  5.40281E-02
  1.8000000000E+00  1.8100000000E+00  1.34109E-04  2.99071E-02
  1.8100000000E+00  1.8200000000E+00  1.34205E-04  6.34166E-02
  1.8200000000E+00  1.8300000000E+00  1.34313E-04  5.86364E-02
  1.8300000000E+00  1.8400000000E+00  1.34307E-04  5.77006E-02
  1.8400000000E+00  1.8500000000E+00  1.34382E-04  6.23509E-02
  1.8500000000E+00  1.8600000000E+00  1.34521E-04  6.58516E-02
  1.8600000000E+00  1.8700000000E+00  1.34492E-04  6.43951E-02
  1.8700000000E+00  1.8800000000E+00  1.34454E-04  4.97389E-02
  1.8800000000E+00  1.8900000000E+00  1.34477E-04  4.62173E-02
  1.8900000000E+00  1.9000000000E+00  1.34508E-04  8.98996E-02
  1.9000000000E+00  1.9100000000E+00  1.34547E-04  5.04637E-02
  1.9100000000E+00  1.9200000000E+00  1.34563E-04  4.64154E-02
  1.9200000000E+00  1.9300000000E+00  1.34463E-04  4.70388E-02
  1.9300000000E+00  1.9400000000E+00  1.34572E-04  3.34226E-02
  1.9400000000E+00  1.9500000000E+00  1.34611E-04  2.87748E-02
  1.9500000000E+00  1.9600000000E+00  1.34686E-04  4.00375E-02
  1.9600000000E+00  1.9700000000E+00  1.34779E-04  3.51674E-02
  1.9700000000E+00  1.9800000000E+00  1.34776E-04  3.26915E-02
  1.9800000000E+00  1.9900000000E+00  1.34859E-04  5.38603E-02
  1.9900000000E+00  2.0000000000E+00  1.34881E-04  2.62347E-02
  2.0000000000E+00  2.0100000000E+00  1.34998E-04  4.85054E-02
  2.0100000000E+00  2.0200000000E+00  1.35061E-04  4.42251E-02
  2.0200000000E+00  2.0300000000E+00  1.35014E-04  5.24285E-02
  2.0300000000E+00  2.0400000000E+00  1.35021E-04  1.60099E-02
  2.0400000000E+00  2.0500000000E+00  1.35032E-04  2.37078E-02
  2.0500000000E+00  2.0600000000E+00  1.34978E-04  3.43711E-02
  2.0600000000E+00  2.0700000000E+00  1.35101E-04  2.28083E-02
  2.0700000000E+00  2.0800000000E+00  1.35099E-04  3.81546E-02
  2.0800000000E+00  2.0900000000E+00  1.35236E-04  3.76102E-02
  2.0900000000E+00  2.1000000000E+00  1.35358E-04  3.56625E-02
  2.1000000000E+00  2.1100000000E+00  1.35429E-04  3.04772E-02
  2.1100000000E+00  2.1200000000E+00  1.35372E-04  2.48081E-02
  2.1200000000E+00  2.1300000000E+00  1.35522E-04  4.49112E-02
  2.1300000000E+00  2.1400000000E+00  1.35637E-04  7.76642E-02
  2.1400000000E+00  2.1500000000E+00  1.35700E-04  4.42925E-02
  2.1500000000E+00  2.1600000000E+00  1.35743E-04  4.84149E-02
  2.1600000000E+00  2.1700000000E+00  1.35915E-04  2.93767E-02
  2.1700000000E+00  2.1800000000E+00  1.36027E-04  3.35638E-02
  2.1800000000E+00  2.1900000000E+00  1.36144E-04  7.07715E-02
  2.1900000000E+00  2.2000000000E+00  1.36226E-04  6.86420E-02
  2.2000000000E+00  2.2100000000E+00  1.36455E-04  4.95082E-02
  2.2100000000E+00  2.2200000000E+00  1.36535E-04  5.03885E-02
  2.2200000000E+00  2.2300000000E+00  1.36708E-04  5.17578E-02
  2.2300000000E+00  2.2400000000E+00  1.36737E-04  4.86150E-02
  2.2400000000E+00  2.2500000000E+00  1.36840E-04  4.90608E-02
  2.2500000000E+00  2.2600000000E+00  1.36875E-04  3.55807E-02
  2.2600000000E+00  2.2700000000E+00  1.36923E-04  1.74505E-02
  2.2700000000E+00  2.2800000000E+00  1.36970E-04  3.36897E-02
  2.2800000000E+00  2.2900000000E+00  1.36959E-04  3.15662E-02
  2.2900000000E+00  2.3000000000E+00  1.37093E-04  5.68781E-02
  2.3000000000E+00  2.3100000000E+00  1.37122E-04  7.22966E-02
  2.3100000000E+00  2.3200000000E+00  1.37079E-04  3.85530E-02
  2.3200000000E+00  2.3300000000E+00  1.37093E-04  5.48974E-02
  2.3300000000E+00  2.3400000000E+00  1.37125E-04  4.96465E-02
  2.3400000000E+00  2.3500000000E+00  1.37157E-04  1.93405E-02
  2.3500000000E+00  2.3600000000E+00  1.37206E-04  3.81619E-02
  2.3600000000E+00  2.3700000000E+00  1.37248E-04  5.42478E-02
  2.3700000000E+00  2.3800000000E+00  1.37350E-04  3.05877E-02
  2.3800000000E+00  2.3900000000E+00  1.37393E-04  3.54769E-02
  2.3900000000E+00  2.4000000000E+00  1.37526E-04  4.93911E-02
  2.4000000000E+00  2.4100000000E+00  1.37488E-04  2.83083E-02
  2.4100000000E+00  2.4200000000E+00  1.37633E-04  5.73925E-02
  2.4200000000E+00  2.4300000000E+00  1.37636E-04  4.08625E-02
  2.4300000000E+00  2.4400000000E+00  1.37671E-04  5.92790E-02
  2.4400000000E+00  2.4500000000E+00  1.37691E-04  5.54611E-02
  2.4500000000E+00  2.4600000000E+00  1.37763E-04  2.88480E-02
  2.4600000000E+00  2.4700000000E+00  1.37687E-04  5.16701E-02
  2.4700000000E+00  2.4800000000E+00  1.37884E-04  4.95001E-02
  2.4800000000E+00  2.4900000000E+00  1.37876E-04  7.07739E-02
  2.4900000000E+00  2.5000000000E+00  1.37961E-04  2.78586E-02
  2.5000000000E+00  2.5100000000E+00  1.38080E-04  3.88378E-02
  2.5100000000E+00  2.5200000000E+00  1.38215E-04  6.35929E-02
  2.5200000000E+00  2.5300000000E+00  1.38311E-04  3.52612E-02
  2.5300000000E+00  2.5400000000E+00  1.38280E-04  4.89727E-02
  2.5400000000E+00  2.5500000000E+00  1.38580E-04  7.07939E-02
  2.5500000000E+00  2.5600000000E+00  1.38695E-04  4.86384E-02
  2.5600000000E+00  2.5700000000E+00  1.38742E-04  8.01807E-02
  2.5700000000E+00  2.5800000000E+00  1.38792E-04  4.47085E-02
  2.5800000000E+00  2.5900000000E+00  1.38969E-04  3.75186E-02
  2.5900000000E+00  2.6000000000E+00  1.39069E-04  2.99872E-02
  2.6000000000E+00  2.6100000000E+00  1.39204E-04  5.07719E-02
  2.6100000000E+00  2.6200000000E+00  1.39294E-04  1.68588E-02
  2.6200000000E+00  2.6300000000E+00  1.39358E-04  3.45454E-02
  2.6300000000E+00  2.6400000000E+00  1.39346E-04  7.71943E-02
  2.6400000000E+00  2.6500000000E+00  1.39476E-04  2.33744E-02
  2.6500000000E+00  2.6600000000E+00  1.39564E-04  4.36711E-02
  2.6600000000E+00  2.6700000000E+00  1.39689E-04  5.30113E-02
  2.6700000000E+00  2.6800000000E+00  1.39677E-04  3.94277E-02
  2.6800000000E+00  2.6900000000E+00  1.39671E-04  2.64361E-02
  2.6900000000E+00  2.7000000000E+00  1.39708E-04  4.98405E-02
  2.7000000000E+00  2.7100000000E+00  1.39876E-04  5.78395E-02
  2.7100000000E+00  2.7200000000E+00  1.39820E-04  5.68852E-02
  2.7200000000E+00  2.7300000000E+00  1.39874E-04  5.71030E-02
  2.7300000000E+00  2.7400000000E+00  1.39943E-04  4.40366E-02
  2.7400000000E+00  2.7500000000E+00  1.40001E-04  4.39642E-02
  2.7500000000E+00  2.7600000000E+00  1.40117E-04  2.49423E-02
  2.7600000000E+00  2.7700000000E+00  1.40202E-04  3.39144E-02
  2.7700000000E+00  2.7800000000E+00  1.40195E-04  3.24925E-02
  2.7800000000E+00  2.7900000000E+00  1.40331E-04  5.04244E-02
  2.7900000000E+00  2.8000000000E+00  1.40338E-04  4.50191E-02
  2.8000000000E+00  2.8100000000E+00  1.40469E-04  3.92789E-02
  2.8100000000E+00  2.8200000000E+00  1.40551E-04  3.56962E-02
  2.8200000000E+00  2.8300000000E+00  1.40576E-04  5.86488E-02
  2.8300000000E+00  2.8400000000E+00  1.40589E-04  4.95594E-02
  2.8400000000E+00  2.8500000000E+00  1.40659E-04  3.05368E-02
  2.8500000000E+00  2.8600000000E+00  1.40725E-04  2.93257E-02
  2.8600000000E+00  2.8700000000E+00  1.40751E-04  5.41169E-02
  2.8700000000E+00  2.8800000000E+00  1.40918E-04  2.45848E-02
  2.8800000000E+00  2.8900000000E+00  1.40984E-04  4.92262E-02
  2.8900000000E+00  2.9000000000E+00  1.41090E-04  5.62763E-02
  2.9000000000E+00  2.9100000000E+00  1.41107E-04  5.71081E-02
  2.9100000000E+00  2.9200000000E+00  1.41264E-04  7.48106E-02
  2.9200000000E+00  2.9300000000E+00  1.41401E-04  4.31692E-02
  2.9300000000E+00  2.9400000000E+00  1.41627E-04  2.18609E-02
  2.9400000000E+00  2.9500000000E+00  1.41664E-04  2.64973E-02
  2.9500000000E+00  2.9600000000E+00  1.41898E-04  2.84118E-02
  2.9600000000E+00  2.9700000000E+00  1.41982E-04  2.47522E-02
  2.9700000000E+00  2.9800000000E+00  1.42086E-04  3.86008E-02
  2.9800000000E+00  2.9900000000E+00  1.42195E-04  3.69151E-02
  2.9900000000E+00  3.0000000000E+00  1.42333E-04  1.76930E-02
  3.0000000000E+00  3.0100000000E+00  1.42362E-04  5.64619E-02
  3.0100000000E+00  3.0200000000E+00  1.42527E-04  5.26420E-02
  3.0200000000E+00  3.0300000000E+00  1.42602E-04  4.60413E-02
  3.0300000000E+00  3.0400000000E+00  1.42548E-04  2.82415E-02
  3.0400000000E+00  3.0500000000E+00  1.42666E-04  6.23340E-02
  3.0500000000E+00  3.0600000000E+00  1.42825E-04  2.48590E-02
  3.0600000000E+00  3.0700000000E+00  1.42815E-04  4.26698E-02
  3.0700000000E+00  3.0800000000E+00  1.42738E-04  5.82533E-02
  3.0800000000E+00  3.0900000000E+00  1.42893E-04  2.76801E-02
  3.0900000000E+00  3.1000000000E+00  1.42905E-04  2.95209E-02
  3.1000000000E+00  3.1100000000E+00  1.43087E-04  5.11411E-02
  3.1100000000E+00  3.1200000000E+00  1.43165E-04  4.06056E-02
  3.1200000000E+00  3.1300000000E+00  1.43206E-04  4.78399E-02
  3.1300000000E+00  3.1400000000E+00  1.43249E-04  4.25322E-02
  3.1400000000E+00  3.1500000000E+00  1.43315E-04  8.16283E-02
  3.1500000000E+00  3.1600000000E+00  1.43431E-04  6.51387E-02
  3.1600000000E+00  3.1700000000E+00  1.43476E-04  4.12291E-02
  3.1700000000E+00  3.1800000000E+00  1.43480E-04  3.05050E-02
  3.1800000000E+00  3.1900000000E+00  1.43619E-04  3.80280E-02
  3.1900000000E+00  3.2000000000E+00  1.43701E-04  5.66778E-02
  3.2000000000E+00  3.2100000000E+00  1.43811E-04  4.35798E-02
  3.2100000000E+00  3.2200000000E+00  1.43947E-04  1.42421E-02
  3.2200000000E+00  3.2300000000E+00  1.43960E-04  3.51831E-02
  3.2300000000E+00  3.2400000000E+00  1.44134E-04  3.13638E-02
  3.2400000000E+00  3.2500000000E+00  1.44221E-04  3.74749E-02
  3.2500000000E+00  3.2600000000E+00  1.44411E-04  3.18683E-02
  3.2600000000E+00  3.2700000000E+00  1.44589E-04  2.66058E-02
  3.2700000000E+00  3.2800000000E+00  1.44680E-04  4.02625E-02
  3.2800000000E+00  3.2900000000E+00  1.44783E-04  4.86865E-02
  3.2900000000E+00  3.3000000000E+00  1.44882E-04  5.87212E-02
  3.3000000000E+00  3.3100000000E+00  1.45023E-04  6.37371E-02
  3.3100000000E+00  3.3200000000E+00  1.45124E-04  1.79049E-02
  3.3200000000E+00  3.3300000000E+00  1.45194E-04  3.69819E-02
  3.3300000000E+00  3.3400000000E+00  1.45417E-04  6.01103E-02
  3.3400000000E+00  3.3500000000E+00  1.45508E-04  3.09833E-02
  3.3500000000E+00  3.3600000000E+00  1.45480E-04  3.03486E-02
  3.3600000000E+00  3.3700000000E+00  1.45591E-04  3.69370E-02
  3.3700000000E+00  3.3800000000E+00  1.45751E-04  6.97639E-02
  3.3800000000E+00  3.3900000000E+00  1.45837E-04  6.10882E-02
  3.3900000000E+00  3.4000000000E+00  1.45936E-04  3.32311E-02
  3.4000000000E+00  3.4100000000E+00  1.45999E-04  5.56843E-02
  3.4100000000E+00  3.4200000000E+00  1.46100E-04  4.82322E-02
  3.4200000000E+00  3.4300000000E+00  1.46201E-04  3.63942E-02
  3.4300000000E+00  3.4400000000E+00  1.46184E-04  3.54394E-02
  3.4400000000E+00  3.4500000000E+00  1.46293E-04  5.45145E-02
  3.4500000000E+00  3.4600000000E+00  1.46390E-04  5.46670E-02
  3.4600000000E+00  3.4700000000E+00  1.46401E-04  2.30097E-02
  3.4700000000E+00  3.4800000000E+00  1.46444E-04  3.58455E-02
  3.4800000000E+00  3.4900000000E+00  1.46568E-04  6.17463E-02
  3.4900000000E+00  3.5000000000E+00  1.46729E-04  5.21735E-02
  3.5000000000E+00  3.5100000000E+00  1.46763E-04  4.20484E-02
  3.5100000000E+00  3.5200000000E+00  1.46882E-04  7.03232E-02
  3.5200000000E+00  3.5300000000E+00  1.46942E-04  3.22897E-02
  3.5300000000E+00  3.5400000000E+00  1.47159E-04  4.09691E-02
  3.5400000000E+00  3.5500000000E+00  1.47211E-04  1.84506E-02
  3.5500000000E+00  3.5600000000E+00  1.47286E-04  3.89080E-02
  3.5600000000E+00  3.5700000000E+00  1.47492E-04  2.42369E-02
  3.5700000000E+00  3.5800000000E+00  1.47728E-04  4.52535E-02
  3.5800000000E+00  3.5900000000E+00  1.47808E-04  3.52190E-02
  3.5900000000E+00  3.6000000000E+00  1.47973E-04  2.31546E-02
  3.6000000000E+00  3.6100000000E+00  1.48028E-04  3.99404E-02
  3.6100000000E+00  3.6200000000E+00  1.48144E-04  2.50886E-02
  3.6200000000E+00  3.6300000000E+00  1.48320E-04  3.46068E-02
  3.6300000000E+00  3.6400000000E+00  1.48497E-04  4.68591E-02
  3.6400000000E+00  3.6500000000E+00  1.48604E-04  4.23027E-02
  3.6500000000E+00  3.6600000000E+00  1.48860E-04  5.86193E-02
  3.6600000000E+00  3.6700000000E+00  1.48825E-04  4.32417E-02
  3.6700000000E+00  3.6800000000E+00  1.48963E-04  6.29967E-02
  3.6800000000E+00  3.6900000000E+00  1.49029E-04  3.01701E-02
  3.6900000000E+00  3.7000000000E+00  1.49204E-04  5.06723E-02
  3.7000000000E+00  3.7100000000E+00  1.49272E-04  4.84853E-02
  3.7100000000E+00  3.7200000000E+00  1.49313E-04  5.21045E-02
  3.7200000000E+00  3.7300000000E+00  1.49462E-04  4.89347E-02
  3.7300000000E+00  3.7400000000E+00  1.49508E-04  5.93928E-02
  3.7400000000E+00  3.7500000000E+00  1.49556E-04  2.11865E-02
  3.7500000000E+00  3.7600000000E+00  1.49758E-04  4.62901E-02
  3.7600000000E+00  3.7700000000E+00  1.49801E-04  3.38649E-02
  3.7700000000E+00  3.7800000000E+00  1.49944E-04  6.17509E-02
  3.7800000000E+00  3.7900000000E+00  1.49940E-04  5.18425E-02
  3.7900000000E+00  3.8000000000E+00  1.50144E-04  4.85712E-02
  3.8000000000E+00  3.8100000000E+00  1.50248E-04  4.46627E-02
  3.8100000000E+00  3.8200000000E+00  1.50460E-04  1.94172E-02
  3.8200000000E+00  3.8300000000E+00  1.50555E-04  4.07373E-02
  3.8300000000E+00  3.8400000000E+00  1.50645E-04  3.10345E-02
  3.8400000000E+00  3.8500000000E+00  1.50800E-04  2.04458E-02
  3.8500000000E+00  3.8600000000E+00  1.50894E-04  3.96638E-02
  3.8600000000E+00  3.8700000000E+00  1.51132E-04  6.00095E-02
  3.8700000000E+00  3.8800000000E+00  1.51241E-04  4.41264E-02
  3.8800000000E+00  3.8900000000E+00  1.51273E-04  4.19751E-02
  3.8900000000E+00  3.9000000000E+00  1.51458E-04  2.96221E-02
  3.9000000000E+00  3.9100000000E+00  1.51704E-04  2.02240E-02
  3.9100000000E+00  3.9200000000E+00  1.51693E-04  2.83584E-02
  3.9200000000E+00  3.9300000000E+00  1.51919E-04  1.59782E-02
  3.9300000000E+00  3.9400000000E+00  1.52071E-04  2.52784E-02
  3.9400000000E+00  3.9500000000E+00  1.52215E-04  3.74792E-02
  3.9500000000E+00  3.9600000000E+00  1.52485E-04  6.63018E-02
  3.9600000000E+00  3.9700000000E+00  1.52583E-04  3.36294E-02
  3.9700000000E+00  3.9800000000E+00  1.52706E-04  5.86712E-02
  3.9800000000E+00  3.9900000000E+00  1.52780E-04  6.60985E-02
  3.9900000000E+00  4.0000000000E+00  1.53001E-04  4.28795E-02
  4.0000000000E+00  4.0100000000E+00  1.53122E-04  2.64322E-02
  4.0100000000E+00  4.0200000000E+00  1.53241E-04  5.66540E-02
  4.0200000000E+00  4.0300000000E+00  1.53262E-04  7.11767E-02
  4.0300000000E+00  4.0400000000E+00  1.53417E-04  1.34941E-02
  4.0400000000E+00  4.0500000000E+00  1.53576E-04  1.87211E-02
  4.0500000000E+00  4.0600000000E+00  1.53594E-04  5.26357E-02
  4.0600000000E+00  4.0700000000E+00  1.53731E-04  4.23353E-02
  4.0700000000E+00  4.0800000000E+00  1.53950E-04  7.15177E-02
  4.0800000000E+00  4.0900000000E+00  1.54056E-04  5.99068E-02
  4.0900000000E+00  4.1000000000E+00  1.54216E-04  4.31075E-02
  4.1000000000E+00  4.1100000000E+00  1.54291E-04  3.61755E-02
  4.1100000000E+00  4.1200000000E+00  1.54535E-04  3.89306E-02
  4.1200000000E+00  4.1300000000E+00  1.54651E-04  6.52672E-02
  4.1300000000E+00  4.1400000000E+00  1.54817E-04  4.79142E-02
  4.1400000000E+00  4.1500000000E+00  1.54974E-04  4.24007E-02
  4.1500000000E+00  4.1600000000E+00  1.54974E-04  4.35004E-02
  4.1600000000E+00  4.1700000000E+00  1.55298E-04  4.45408E-02
  4.1700000000E+00  4.1800000000E+00  1.55367E-04  2.85716E-02
  4.1800000000E+00  4.1900000000E+00  1.55623E-04  5.61073E-02
  4.1900000000E+00  4.2000000000E+00  1.55691E-04  5.17339E-02
  4.2000000000E+00  4.2100000000E+00  1.55969E-04  3.24281E-02
  4.2100000000E+00  4.2200000000E+00  1.56062E-04  4.99546E-02
  4.2200000000E+00  4.2300000000E+00  1.56213E-04  5.14742E-02
  4.2300000000E+00  4.2400000000E+00  1.56481E-04  5.83878E-02
  4.2400000000E+00  4.2500000000E+00  1.56655E-04  2.57850E-02
  4.2500000000E+00  4.2600000000E+00  1.56863E-04  6.33532E-02
  4.2600000000E+00  4.2700000000E+00  1.56995E-04  5.01618E-02
  4.2700000000E+00  4.2800000000E+00  1.57230E-04  3.65255E-02
  4.2800000000E+00  4.2900000000E+00  1.57369E-04  5.46385E-02
  4.2900000000E+00  4.3000000000E+00  1.57486E-04  5.04278E-02
  4.3000000000E+00  4.3100000000E+00  1.57695E-04  3.54001E-02
  4.3100000000E+00  4.3200000000E+00  1.57833E-04  7.31831E-02
  4.3200000000E+00  4.3300000000E+00  1.57931E-04  6.51934E-02
  4.3300000000E+00  4.3400000000E+00  1.58032E-04  1.35573E-02
  4.3400000000E+00  4.3500000000E+00  1.58242E-04  3.70270E-02
  4.3500000000E+00  4.3600000000E+00  1.58338E-04  6.10455E-02
  4.3600000000E+00  4.3700000000E+00  1.58549E-04  5.61016E-02
  4.3700000000E+00  4.3800000000E+00  1.58783E-04  3.28295E-02
  4.3800000000E+00  4.3900000000E+00  1.58882E-04  3.03916E-02
  4.3900000000E+00  4.4000000000E+00  1.59057E-04  1.23570E-02
  4.4000000000E+00  4.4100000000E+00  1.59284E-04  3.86180E-02
  4.4100000000E+00  4.4200000000E+00  1.59335E-04  3.09682E-02
  4.4200000000E+00  4.4300000000E+00  1.59617E-04  5.33851E-02
  4.4300000000E+00  4.4400000000E+00  1.59797E-04  7.36220E-02
  4.4400000000E+00  4.4500000000E+00  1.60086E-04  5.64710E-02
  4.4500000000E+00  4.4600000000E+00  1.60176E-04  5.84912E-02
  4.4600000000E+00  4.4700000000E+00  1.60404E-04  5.21869E-02
  4.4700000000E+00  4.4800000000E+00  1.60671E-04  4.67330E-02
  4.4800000000E+00  4.4900000000E+00  1.60958E-04  6.92473E-02
  4.4900000000E+00  4.5000000000E+00  1.61091E-04  5.59044E-02
  4.5000000000E+00  4.5100000000E+00  1.61273E-04  3.22638E-02
  4.5100000000E+00  4.5200000000E+00  1.61540E-04  4.89910E-02
  4.5200000000E+00  4.5300000000E+00  1.61707E-04  5.56418E-02
  4.5300000000E+00  4.5400000000E+00  1.61966E-04  6.26693E-02
  4.5400000000E+00  4.5500000000E+00  1.62195E-04  6.22873E-02
  4.5500000000E+00  4.5600000000E+00  1.62423E-04  5.20035E-02
  4.5600000000E+00  4.5700000000E+00  1.62536E-04  6.98894E-02
  4.5700000000E+00  4.5800000000E+00  1.62809E-04  7.18633E-02
  4.5800000000E+00  4.5900000000E+00  1.62946E-04  3.60085E-02
  4.5900000000E+00  4.6000000000E+00  1.63087E-04  3.46294E-02
  4.6000000000E+00  4.6100000000E+00  1.63459E-04  4.64376E-02
  4.6100000000E+00  4.6200000000E+00  1.63584E-04  4.58927E-02
  4.6200000000E+00  4.6300000000E+00  1.63927E-04  5.47641E-02
  4.6300000000E+00  4.6400000000E+00  1.64115E-04  4.45748E-02
  4.6400000000E+00  4.6500000000E+00  1.64252E-04  3.60035E-02
  4.6500000000E+00  4.6600000000E+00  1.64434E-04  3.80044E-02
  4.6600000000E+00  4.6700000000E+00  1.64746E-04  3.66899E-02
  4.6700000000E+00  4.6800000000E+00  1.64994E-04  2.69700E-02
  4.6800000000E+00  4.6900000000E+00  1.65161E-04  6.03403E-02
  4.6900000000E+00  4.7000000000E+00  1.65390E-04  2.35672E-02
  4.7000000000E+00  4.7100000000E+00  1.65676E-04  3.08654E-02
  4.7100000000E+00  4.7200000000E+00  1.66010E-04  3.96931E-02
  4.7200000000E+00  4.7300000000E+00  1.66296E-04  2.59407E-02
  4.7300000000E+00  4.7400000000E+00  1.66565E-04  3.29540E-02
  4.7400000000E+00  4.7500000000E+00  1.66754E-04  3.96343E-02
  4.7500000000E+00  4.7600000000E+00  1.67043E-04  4.48966E-02
  4.7600000000E+00  4.7700000000E+00  1.67380E-04  2.27983E-02
  4.7700000000E+00  4.7800000000E+00  1.67580E-04  4.67580E-02
  4.7800000000E+00  4.7900000000E+00  1.67883E-04  1.59965E-02
  4.7900000000E+00  4.8000000000E+00  1.68061E-04  4.28299E-02
  4.8000000000E+00  4.8100000000E+00  1.68317E-04  4.11885E-02
  4.8100000000E+00  4.8200000000E+00  1.68543E-04  2.34329E-02
  4.8200000000E+00  4.8300000000E+00  1.68945E-04  2.59848E-02
  4.8300000000E+00  4.8400000000E+00  1.69159E-04  2.29607E-02
  4.8400000000E+00  4.8500000000E+00  1.69565E-04  3.64849E-02
  4.8500000000E+00  4.8600000000E+00  1.69775E-04  5.09508E-02
  4.8600000000E+00  4.8700000000E+00  1.70049E-04  3.62323E-02
  4.8700000000E+00  4.8800000000E+00  1.70434E-04  4.45331E-02
  4.8800000000E+00  4.8900000000E+00  1.70793E-04  6.11974E-02
  4.8900000000E+00  4.9000000000E+00  1.71134E-04  1.59650E-02
  4.9000000000E+00  4.9100000000E+00  1.71394E-04  3.78549E-02
  4.9100000000E+00  4.9200000000E+00  1.71650E-04  6.48679E-02
  4.9200000000E+00  4.9300000000E+00  1.72068E-04  4.84706E-02
  4.9300000000E+00  4.9400000000E+00  1.72421E-04  2.94814E-02
  4.9400000000E+00  4.9500000000E+00  1.72648E-04  4.60621E-02
  4.9500000000E+00  4.9600000000E+00  1.73025E-04  3.00390E-02
  4.9600000000E+00  4.9700000000E+00  1.73439E-04  3.25236E-02
  4.9700000000E+00  4.9800000000E+00  1.73854E-04  3.55967E-02
  4.9800000000E+00  4.9900000000E+00  1.74159E-04  2.20913E-02
  4.9900000000E+00  5.0000000000E+00  1.74665E-04  4.65957E-02
  5.0000000000E+00  5.0100000000E+00  1.75013E-04  3.30708E-02
  5.0100000000E+00  5.0200000000E+00  1.75422E-04  4.54666E-02
  5.0200000000E+00  5.0300000000E+00  1.75799E-04  5.25645E-02
  5.0300000000E+00  5.0400000000E+00  1.76231E-04  6.37996E-02
  5.0400000000E+00  5.0500000000E+00  1.76669E-04  4.13627E-02
  5.0500000000E+00  5.0600000000E+00  1.77115E-04  1.48374E-02
  5.0600000000E+00  5.0700000000E+00  1.77459E-04  4.87915E-02
  5.0700000000E+00  5.0800000000E+00  1.78063E-04  5.88483E-02
  5.0800000000E+00  5.0900000000E+00  1.78548E-04  6.28702E-02
  5.0900000000E+00  5.1000000000E+00  1.78859E-04  4.09415E-02
  5.1000000000E+00  5.1100000000E+00  1.79395E-04  3.19788E-02
  5.1100000000E+00  5.1200000000E+00  1.79980E-04  2.97928E-02
  5.1200000000E+00  5.1300000000E+00  1.80414E-04  4.58182E-02
  5.1300000000E+00  5.1400000000E+00  1.80961E-04  3.82914E-02
  5.1400000000E+00  5.1500000000E+00  1.81489E-04  3.55494E-02
  5.1500000000E+00  5.1600000000E+00  1.82149E-04  3.15338E-02
  5.1600000000E+00  5.1700000000E+00  1.82676E-04  4.50317E-02
  5.1700000000E+00  5.1800000000E+00  1.83294E-04  5.22765E-02
  5.1800000000E+00  5.1900000000E+00  1.83746E-04  6.00702E-02
  5.1900000000E+00  5.2000000000E+00  1.84332E-04  7.10998E-02
  5.2000000000E+00  5.2100000000E+00  1.84950E-04  3.52238E-02
  5.2100000000E+00  5.2200000000E+00  1.85635E-04  4.61107E-02
  5.2200000000E+00  5.2300000000E+00  1.86160E-04  3.26280E-02
  5.2300000000E+00  5.2400000000E+00  1.86708E-04  1.62448E-02
  5.2400000000E+00  5.2500000000E+00  1.87348E-04  2.87854E-02
  5.2500000000E+00  5.2600000000E+00  1.87900E-04  2.47989E-02
  5.2600000000E+00  5.2700000000E+00  1.88543E-04  3.38792E-02
  5.2700000000E+00  5.2800000000E+00  1.88958E-04  5.00908E-02
  5.2800000000E+00  5.2900000000E+00  1.89491E-04  1.90544E-02
  5.2900000000E+00  5.3000000000E+00  1.90019E-04  2.77374E-02
  5.3000000000E+00  5.3100000000E+00  1.90574E-04  5.02434E-02
  5.3100000000E+00  5.3200000000E+00  1.90985E-04  4.53559E-02
  5.3200000000E+00  5.3300000000E+00  1.91349E-04  3.15386E-02
  5.3300000000E+00  5.3400000000E+00  1.91746E-04  3.65510E-02
  5.3400000000E+00  5.3500000000E+00  1.92083E-04  1.46125E-02
  5.3500000000E+00  5.3600000000E+00  1.92476E-04  4.26326E-02
  5.3600000000E+00  5.3700000000E+00  1.92611E-04  5.17555E-02
  5.3700000000E+00  5.3800000000E+00  1.92799E-04  2.12109E-02
  5.3800000000E+00  5.3900000000E+00  1.92991E-04  4.08066E-02
  5.3900000000E+00  5.4000000000E+00  1.93141E-04  5.43013E-02
  5.4000000000E+00  5.4100000000E+00  1.93066E-04  2.76593E-02
  5.4100000000E+00  5.4200000000E+00  1.93144E-04  4.32203E-02
  5.4200000000E+00  5.4300000000E+00  1.93054E-04  2.62803E-02
  5.4300000000E+00  5.4400000000E+00  1.92996E-04  3.74743E-02
  5.4400000000E+00  5.4500000000E+00  1.92920E-04  2.29498E-02
  5.4500000000E+00  5.4600000000E+00  1.92690E-04  2.90384E-02
  5.4600000000E+00  5.4700000000E+00  1.92358E-04  5.45819E-02
  5.4700000000E+00  5.4800000000E+00  1.92100E-04  4.17482E-02
  5.4800000000E+00  5.4900000000E+00  1.91915E-04  3.97291E-02
  5.4900000000E+00  5.5000000000E+00  1.91653E-04  2.12470E-02
  5.5000000000E+00  5.5100000000E+00  1.91407E-04  5.61547E-02
  5.5100000000E+00  5.5200000000E+00  1.91080E-04  3.81371E-02
  5.5200000000E+00  5.5300000000E+00  1.90700E-04  2.06614E-02
  5.5300000000E+00  5.5400000000E+00  1.90443E-04  2.06432E-02
  5.5400000000E+00  5.5500000000E+00  1.90137E-04  6.91442E-02
  5.5500000000E+00  5.5600000000E+00  1.89840E-04  4.06705E-02
  5.5600000000E+00  5.5700000000E+00  1.89660E-04  3.93284E-02
  5.5700000000E+00  5.5800000000E+00  1.89308E-04  3.67565E-02
  5.5800000000E+00  5.5900000000E+00  1.89178E-04  3.59057E-02
  5.5900000000E+00  5.6000000000E+00  1.89021E-04  5.10551E-02
  5.6000000000E+00  5.6100000000E+00  1.88828E-04  3.15379E-02
  5.6100000000E+00  5.6200000000E+00  1.88786E-04  2.24569E-02
  5.6200000000E+00  5.6300000000E+00  1.88663E-04  2.00594E-02
  5.6300000000E+00  5.6400000000E+00  1.88724E-04  2.89372E-02
  5.6400000000E+00  5.6500000000E+00  1.88581E-04  3.49492E-02
  5.6500000000E+00  5.6600000000E+00  1.88627E-04  3.97437E-02
  5.6600000000E+00  5.6700000000E+00  1.88673E-04  3.67588E-02
  5.6700000000E+00  5.6800000000E+00  1.88805E-04  1.83794E-02
  5.6800000000E+00  5.6900000000E+00  1.88881E-04  2.34423E-02
  5.6900000000E+00  5.7000000000E+00  1.88903E-04  3.35133E-02
  5.7000000000E+00  5.7100000000E+00  1.89041E-04  2.32333E-02
  5.7100000000E+00  5.7200000000E+00  1.89098E-04  3.78387E-02
  5.7200000000E+00  5.7300000000E+00  1.89220E-04  5.71195E-02
  5.7300000000E+00  5.7400000000E+00  1.89304E-04  5.18980E-02
  5.7400000000E+00  5.7500000000E+00  1.89432E-04  5.56015E-02
  5.7500000000E+00  5.7600000000E+00  1.89513E-04  3.32297E-02
  5.7600000000E+00  5.7700000000E+00  1.89571E-04  2.68739E-02
  5.7700000000E+00  5.7800000000E+00  1.89585E-04  5.20318E-02
  5.7800000000E+00  5.7900000000E+00  1.89692E-04  4.93468E-02
  5.7900000000E+00  5.8000000000E+00  1.89746E-04  2.73414E-02
  5.8000000000E+00  5.8100000000E+00  1.89674E-04  3.73978E-02
  5.8100000000E+00  5.8200000000E+00  1.89622E-04  3.75823E-02
  5.8200000000E+00  5.8300000000E+00  1.89539E-04  3.90194E-02
  5.8300000000E+00  5.8400000000E+00  1.89520E-04  2.79045E-02
  5.8400000000E+00  5.8500000000E+00  1.89393E-04  3.95361E-02
  5.8500000000E+00  5.8600000000E+00  1.89273E-04  4.55596E-02
  5.8600000000E+00  5.8700000000E+00  1.89110E-04  6.73301E-02
  5.8700000000E+00  5.8800000000E+00  1.88920E-04  3.03259E-02
  5.8800000000E+00  5.8900000000E+00  1.88757E-04  3.04497E-02
  5.8900000000E+00  5.9000000000E+00  1.88641E-04  4.31034E-02
  5.9000000000E+00  5.9100000000E+00  1.88500E-04  4.18785E-02
  5.9100000000E+00  5.9200000000E+00  1.88222E-04  4.08443E-02
  5.9200000000E+00  5.9300000000E+00  1.88093E-04  2.75866E-02
  5.9300000000E+00  5.9400000000E+00  1.87959E-04  3.84731E-02
  5.9400000000E+00  5.9500000000E+00  1.87720E-04  4.55179E-02
  5.9500000000E+00  5.9600000000E+00  1.87701E-04  3.22534E-02
  5.9600000000E+00  5.9700000000E+00  1.87514E-04  5.36515E-02
  5.9700000000E+00  5.9800000000E+00  1.87423E-04  5.91345E-02
  5.9800000000E+00  5.9900000000E+00  1.87482E-04  5.27037E-02
  5.9900000000E+00  6.0000000000E+00  1.87292E-04  6.31326E-02
  6.0000000000E+00  6.0100000000E+00  1.87276E-04  5.24621E-02
  6.0100000000E+00  6.0200000000E+00  1.87335E-04  4.83918E-02
  6.0200000000E+00  6.0300000000E+00  1.87308E-04  2.91503E-02
  6.0300000000E+00  6.0400000000E+00  1.87432E-04  5.00755E-02
  6.0400000000E+00  6.0500000000E+00  1.87480E-04  2.62757E-02
  6.0500000000E+00  6.0600000000E+00  1.87689E-04  2.27643E-02
  6.0600000000E+00  6.0700000000E+00  1.87695E-04  2.83609E-02
  6.0700000000E+00  6.0800000000E+00  1.87804E-04  4.80969E-02
  6.0800000000E+00  6.0900000000E+00  1.87975E-04  1.17849E-02
  6.0900000000E+00  6.1000000000E+00  1.88135E-04  3.21902E-02
  6.1000000000E+00  6.1100000000E+00  1.88233E-04  2.60612E-02
  6.1100000000E+00  6.1200000000E+00  1.88408E-04  2.49528E-02
  6.1200000000E+00  6.1300000000E+00  1.88643E-04  5.40908E-02
  6.1300000000E+00  6.1400000000E+00  1.88685E-04  4.68071E-02
  6.1400000000E+00  6.1500000000E+00  1.88868E-04  2.79457E-02
  6.1500000000E+00  6.1600000000E+00  1.89051E-04  1.98975E-02
  6.1600000000E+00  6.1700000000E+00  1.89072E-04  2.34312E-02
  6.1700000000E+00  6.1800000000E+00  1.89097E-04  2.94141E-02
  6.1800000000E+00  6.1900000000E+00  1.89200E-04  1.82844E-02
  6.1900000000E+00  6.2000000000E+00  1.89251E-04  4.00850E-02
  6.2000000000E+00  6.2100000000E+00  1.89153E-04  3.11389E-02
  6.2100000000E+00  6.2200000000E+00  1.89126E-04  9.35587E-03
  6.2200000000E+00  6.2300000000E+00  1.89101E-04  2.62213E-02
  6.2300000000E+00  6.2400000000E+00  1.89140E-04  2.00111E-02
  6.2400000000E+00  6.2500000000E+00  1.89010E-04  4.97206E-02
  6.2500000000E+00  6.2600000000E+00  1.88810E-04  5.24837E-02
  6.2600000000E+00  6.2700000000E+00  1.88577E-04  2.86074E-02
  6.2700000000E+00  6.2800000000E+00  1.88471E-04  2.10366E-02
  6.2800000000E+00  6.2900000000E+00  1.88335E-04  2.33965E-02
  6.2900000000E+00  6.3000000000E+00  1.88076E-04  1.52604E-02
  6.3000000000E+00  6.3100000000E+00  1.87849E-04  3.19239E-02
  6.3100000000E+00  6.3200000000E+00  1.87575E-04  1.53596E-02
  6.3200000000E+00  6.3300000000E+00  1.87463E-04  4.12664E-02
  6.3300000000E+00  6.3400000000E+00  1.87220E-04  2.19607E-02
  6.3400000000E+00  6.3500000000E+00  1.87097E-04  3.56084E-02
  6.3500000000E+00  6.3600000000E+00  1.86910E-04  2.34925E-02
  6.3600000000E+00  6.3700000000E+00  1.86790E-04  5.59536E-02
  6.3700000000E+00  6.3800000000E+00  1.86587E-04  3.39165E-02
  6.3800000000E+00  6.3900000000E+00  1.86436E-04  3.91840E-02
  6.3900000000E+00  6.4000000000E+00  1.86306E-04  2.98536E-02
  6.4000000000E+00  6.4100000000E+00  1.86263E-04  2.63890E-02
  6.4100000000E+00  6.4200000000E+00  1.86276E-04  4.33210E-02
  6.4200000000E+00  6.4300000000E+00  1.86191E-04  4.45276E-02
  6.4300000000E+00  6.4400000000E+00  1.86235E-04  5.34356E-02
  6.4400000000E+00  6.4500000000E+00  1.86283E-04  4.14162E-02
  6.4500000000E+00  6.4600000000E+00  1.86353E-04  7.12899E-02
  6.4600000000E+00  6.4700000000E+00  1.86373E-04  5.09614E-02
  6.4700000000E+00  6.4800000000E+00  1.86512E-04  2.58835E-02
  6.4800000000E+00  6.4900000000E+00  1.86632E-04  3.19691E-02
  6.4900000000E+00  6.5000000000E+00  1.86761E-04  2.60318E-02
  6.5000000000E+00  6.5100000000E+00  1.86837E-04  1.90803E-02
  6.5100000000E+00  6.5200000000E+00  1.87021E-04  1.42170E-02
  6.5200000000E+00  6.5300000000E+00  1.87193E-04  3.37624E-02
  6.5300000000E+00  6.5400000000E+00  1.87314E-04  5.57341E-02
  6.5400000000E+00  6.5500000000E+00  1.87436E-04  5.80695E-02
  6.5500000000E+00  6.5600000000E+00  1.87702E-04  5.02004E-02
  6.5600000000E+00  6.5700000000E+00  1.87739E-04  1.30957E-02
  6.5700000000E+00  6.5800000000E+00  1.87873E-04  4.95405E-02
  6.5800000000E+00  6.5900000000E+00  1.87955E-04  3.26203E-02
  6.5900000000E+00  6.6000000000E+00  1.88012E-04  3.09231E-02
  6.6000000000E+00  6.6100000000E+00  1.88108E-04  2.89963E-02
  6.6100000000E+00  6.6200000000E+00  1.88165E-04  3.39747E-02
  6.6200000000E+00  6.6300000000E+00  1.88069E-04  2.84075E-02
  6.6300000000E+00  6.6400000000E+00  1.88100E-04  2.78991E-02
  6.6400000000E+00  6.6500000000E+00  1.88034E-04  1.91919E-02
  6.6500000000E+00  6.6600000000E+00  1.87949E-04  2.06909E-02
  6.6600000000E+00  6.6700000000E+00  1.87852E-04  2.29391E-02
  6.6700000000E+00  6.6800000000E+00  1.87791E-04  1.82946E-02
  6.6800000000E+00  6.6900000000E+00  1.87576E-04  2.47543E-02
  6.6900000000E+00  6.7000000000E+00  1.87388E-04  2.14878E-02
  6.7000000000E+00  6.7100000000E+00  1.87205E-04  3.02873E-02
  6.7100000000E+00  6.7200000000E+00  1.87000E-04  4.88574E-02
  6.7200000000E+00  6.7300000000E+00  1.86790E-04  3.78141E-02
  6.7300000000E+00  6.7400000000E+00  1.86653E-04  4.17484E-02
  6.7400000000E+00  6.7500000000E+00  1.86433E-04  5.61695E-02
  6.7500000000E+00  6.7600000000E+00  1.86199E-04  3.83251E-02
  6.7600000000E+00  6.7700000000E+00  1.86098E-04  1.67954E-02
  6.7700000000E+00  6.7800000000E+00  1.85909E-04  2.85852E-02
  6.7800000000E+00  6.7900000000E+00  1.85732E-04  2.09167E-02
  6.7900000000E+00  6.8000000000E+00  1.85624E-04  1.47334E-02
  6.8000000000E+00  6.8100000000E+00  1.85417E-04  4.71752E-02
  6.8100000000E+00  6.8200000000E+00  1.85480E-04  6.11286E-02
  6.8200000000E+00  6.8300000000E+00  1.85379E-04  3.33681E-02
  6.8300000000E+00  6.8400000000E+00  1.85371E-04  1.24077E-02
  6.8400000000E+00  6.8500000000E+00  1.85450E-04  3.14278E-02
  6.8500000000E+00  6.8600000000E+00  1.85285E-04  3.09270E-02
  6.8600000000E+00  6.8700000000E+00  1.85412E-04  6.26118E-02
  6.8700000000E+00  6.8800000000E+00  1.85451E-04  3.39414E-02
  6.8800000000E+00  6.8900000000E+00  1.85563E-04  4.98720E-02
  6.8900000000E+00  6.9000000000E+00  1.85634E-04  4.99066E-02
  6.9000000000E+00  6.9100000000E+00  1.85796E-04  2.94569E-02
  6.9100000000E+00  6.9200000000E+00  1.85814E-04  5.45754E-02
  6.9200000000E+00  6.9300000000E+00  1.85940E-04  5.04616E-02
  6.9300000000E+00  6.9400000000E+00  1.86129E-04  2.69100E-02
  6.9400000000E+00  6.9500000000E+00  1.86245E-04  2.44941E-02
  6.9500000000E+00  6.9600000000E+00  1.86393E-04  2.73909E-02
  6.9600000000E+00  6.9700000000E+00  1.86579E-04  2.88947E-02
  6.9700000000E+00  6.9800000000E+00  1.86698E-04  2.81072E-02
  6.9800000000E+00  6.9900000000E+00  1.86873E-04  3.23661E-02
  6.9900000000E+00  7.0000000000E+00  1.86961E-04  5.92431E-02
  7.0000000000E+00  7.0100000000E+00  1.87081E-04  5.76080E-02
  7.0100000000E+00  7.0200000000E+00  1.87158E-04  3.61153E-02
  7.0200000000E+00  7.0300000000E+00  1.87216E-04  2.67174E-02
  7.0300000000E+00  7.0400000000E+00  1.87243E-04  2.87388E-02
  7.0400000000E+00  7.0500000000E+00  1.87196E-04  4.61206E-02
  7.0500000000E+00  7.0600000000E+00  1.87094E-04  3.04703E-02
  7.0600000000E+00  7.0700000000E+00  1.86988E-04  3.94174E-02
  7.0700000000E+00  7.0800000000E+00  1.86961E-04  5.84332E-02
  7.0800000000E+00  7.0900000000E+00  1.86810E-04  3.84051E-02
  7.0900000000E+00  7.1000000000E+00  1.86632E-04  3.27081E-02
  7.1000000000E+00  7.1100000000E+00  1.86592E-04  2.77786E-02
  7.1100000000E+00  7.1200000000E+00  1.86340E-04  5.07743E-02
  7.1200000000E+00  7.1300000000E+00  1.86160E-04  6.67343E-02
  7.1300000000E+00  7.1400000000E+00  1.85931E-04  5.52328E-02
  7.1400000000E+00  7.1500000000E+00  1.85667E-04  3.23914E-02
  7.1500000000E+00  7.1600000000E+00  1.85471E-04  4.57925E-02
  7.1600000000E+00  7.1700000000E+00  1.85213E-04  3.52109E-02
  7.1700000000E+00  7.1800000000E+00  1.84914E-04  6.16050E-02
  7.1800000000E+00  7.1900000000E+00  1.84582E-04  5.44376E-02
  7.1900000000E+00  7.2000000000E+00  1.84420E-04  6.19061E-02
  7.2000000000E+00  7.2100000000E+00  1.84137E-04  4.98316E-02
  7.2100000000E+00  7.2200000000E+00  1.83902E-04  4.12110E-02
  7.2200000000E+00  7.2300000000E+00  1.83616E-04  4.81848E-02
  7.2300000000E+00  7.2400000000E+00  1.83435E-04  4.88686E-02
  7.2400000000E+00  7.2500000000E+00  1.83255E-04  6.67990E-02
  7.2500000000E+00  7.2600000000E+00  1.83110E-04  6.46620E-02
  7.2600000000E+00  7.2700000000E+00  1.83049E-04  5.07684E-02
  7.2700000000E+00  7.2800000000E+00  1.82946E-04  6.24473E-02
  7.2800000000E+00  7.2900000000E+00  1.82782E-04  5.36670E-02
  7.2900000000E+00  7.3000000000E+00  1.82776E-04  3.62722E-02
  7.3000000000E+00  7.3100000000E+00  1.82767E-04  3.48041E-02
  7.3100000000E+00  7.3200000000E+00  1.82731E-04  2.88413E-02
  7.3200000000E+00  7.3300000000E+00  1.82824E-04  4.05742E-02
  7.3300000000E+00  7.3400000000E+00  1.82993E-04  3.55238E-02
  7.3400000000E+00  7.3500000000E+00  1.83040E-04  3.64188E-02
  7.3500000000E+00  7.3600000000E+00  1.83179E-04  4.78093E-02
  7.3600000000E+00  7.3700000000E+00  1.83167E-04  3.85761E-02
  7.3700000000E+00  7.3800000000E+00  1.83319E-04  2.16931E-02
  7.3800000000E+00  7.3900000000E+00  1.83381E-04  3.34712E-02
  7.3900000000E+00  7.4000000000E+00  1.83512E-04  4.03097E-02
  7.4000000000E+00  7.4100000000E+00  1.83623E-04  3.26969E-02
  7.4100000000E+00  7.4200000000E+00  1.83602E-04  4.52862E-02
  7.4200000000E+00  7.4300000000E+00  1.83809E-04  4.56300E-02
  7.4300000000E+00  7.4400000000E+00  1.83747E-04  3.14884E-02
  7.4400000000E+00  7.4500000000E+00  1.83863E-04  3.65269E-02
  7.4500000000E+00  7.4600000000E+00  1.83936E-04  5.92085E-02
  7.4600000000E+00  7.4700000000E+00  1.83952E-04  5.36853E-02
  7.4700000000E+00  7.4800000000E+00  1.83862E-04  6.24839E-02
  7.4800000000E+00  7.4900000000E+00  1.83787E-04  5.60591E-02
  7.4900000000E+00  7.5000000000E+00  1.83740E-04  4.50122E-02
  7.5000000000E+00  7.5100000000E+00  1.83625E-04  4.20789E-02
  7.5100000000E+00  7.5200000000E+00  1.83472E-04  4.00025E-02
  7.5200000000E+00  7.5300000000E+00  1.83382E-04  4.20606E-02
  7.5300000000E+00  7.5400000000E+00  1.83114E-04  3.88981E-02
  7.5400000000E+00  7.5500000000E+00  1.82817E-04  1.15488E-02
  7.5500000000E+00  7.5600000000E+00  1.82652E-04  2.24725E-02
  7.5600000000E+00  7.5700000000E+00  1.82459E-04  4.97141E-02
  7.5700000000E+00  7.5800000000E+00  1.82187E-04  6.11256E-02
  7.5800000000E+00  7.5900000000E+00  1.81899E-04  5.24342E-02
  7.5900000000E+00  7.6000000000E+00  1.81657E-04  4.91606E-02
  7.6000000000E+00  7.6100000000E+00  1.81338E-04  2.90064E-02
  7.6100000000E+00  7.6200000000E+00  1.81023E-04  3.72359E-02
  7.6200000000E+00  7.6300000000E+00  1.80824E-04  2.75769E-02
  7.6300000000E+00  7.6400000000E+00  1.80495E-04  6.45050E-02
  7.6400000000E+00  7.6500000000E+00  1.80209E-04  6.43494E-02
  7.6500000000E+00  7.6600000000E+00  1.79970E-04  7.18698E-02
  7.6600000000E+00  7.6700000000E+00  1.79665E-04  6.49228E-02
  7.6700000000E+00  7.6800000000E+00  1.79552E-04  4.94145E-02
  7.6800000000E+00  7.6900000000E+00  1.79290E-04  3.27893E-02
  7.6900000000E+00  7.7000000000E+00  1.79163E-04  6.25954E-02
  7.7000000000E+00  7.7100000000E+00  1.79042E-04  4.24108E-02
  7.7100000000E+00  7.7200000000E+00  1.78960E-04  8.20665E-02
  7.7200000000E+00  7.7300000000E+00  1.78835E-04  8.93885E-02
  7.7300000000E+00  7.7400000000E+00  1.78858E-04  7.72846E-02
  7.7400000000E+00  7.7500000000E+00  1.78794E-04  8.33133E-02
  7.7500000000E+00  7.7600000000E+00  1.78899E-04  9.78477E-02
  7.7600000000E+00  7.7700000000E+00  1.78917E-04  8.53319E-02
  7.7700000000E+00  7.7800000000E+00  1.79039E-04  9.90699E-02
  7.7800000000E+00  7.7900000000E+00  1.79101E-04  6.19152E-02
  7.7900000000E+00  7.8000000000E+00  1.79114E-04  4.79781E-02
  7.8000000000E+00  7.8100000000E+00  1.79273E-04  6.87812E-02
  7.8100000000E+00  7.8200000000E+00  1.79430E-04  7.96330E-02
  7.8200000000E+00  7.8300000000E+00  1.79678E-04  7.30455E-02
  7.8300000000E+00  7.8400000000E+00  1.79880E-04  6.13326E-02
  7.8400000000E+00  7.8500000000E+00  1.80067E-04  8.38581E-02
  7.8500000000E+00  7.8600000000E+00  1.80128E-04  7.06578E-02
  7.8600000000E+00  7.8700000000E+00  1.80373E-04  7.55875E-02
  7.8700000000E+00  7.8800000000E+00  1.80394E-04  7.38712E-02
  7.8800000000E+00  7.8900000000E+00  1.80551E-04  6.00718E-02
  7.8900000000E+00  7.9000000000E+00  1.80700E-04  5.74758E-02
  7.9000000000E+00  7.9100000000E+00  1.80823E-04  4.45257E-02
  7.9100000000E+00  7.9200000000E+00  1.80906E-04  6.76460E-02
  7.9200000000E+00  7.9300000000E+00  1.81069E-04  6.94688E-02
  7.9300000000E+00  7.9400000000E+00  1.81118E-04  6.88802E-02
  7.9400000000E+00  7.9500000000E+00  1.81043E-04  5.93069E-02
  7.9500000000E+00  7.9600000000E+00  1.81174E-04  4.18405E-02
  7.9600000000E+00  7.9700000000E+00  1.81158E-04  6.05579E-02
  7.9700000000E+00  7.9800000000E+00  1.81149E-04  3.64316E-02
  7.9800000000E+00  7.9900000000E+00  1.81030E-04  4.38271E-02
  7.9900000000E+00  8.0000000000E+00  1.81037E-04  3.81414E-02
  8.0000000000E+00  8.0100000000E+00  1.80852E-04  5.23300E-02
  8.0100000000E+00  8.0200000000E+00  1.80763E-04  5.65388E-02
  8.0200000000E+00  8.0300000000E+00  1.80686E-04  5.47976E-02
  8.0300000000E+00  8.0400000000E+00  1.80523E-04  5.43416E-02
  8.0400000000E+00  8.0500000000E+00  1.80272E-04  4.16016E-02
  8.0500000000E+00  8.0600000000E+00  1.80136E-04  4.15646E-02
  8.0600000000E+00  8.0700000000E+00  1.80064E-04  6.33761E-02
  8.0700000000E+00  8.0800000000E+00  1.79882E-04  6.48335E-02
  8.0800000000E+00  8.0900000000E+00  1.79821E-04  4.33942E-02
  8.0900000000E+00  8.1000000000E+00  1.79667E-04  4.27899E-02
  8.1000000000E+00  8.1100000000E+00  1.79568E-04  2.21671E-02
  8.1100000000E+00  8.1200000000E+00  1.79508E-04  4.15869E-02
  8.1200000000E+00  8.1300000000E+00  1.79341E-04  6.40883E-02
  8.1300000000E+00  8.1400000000E+00  1.79162E-04  3.47797E-02
  8.1400000000E+00  8.1500000000E+00  1.79062E-04  1.64498E-02
  8.1500000000E+00  8.1600000000E+00  1.79036E-04  3.49885E-02
  8.1600000000E+00  8.1700000000E+00  1.79011E-04  2.55866E-02
  8.1700000000E+00  8.1800000000E+00  1.78895E-04  3.84913E-02
  8.1800000000E+00  8.1900000000E+00  1.78641E-04  4.22780E-02
  8.1900000000E+00  8.2000000000E+00  1.78595E-04  4.52795E-02
  8.2000000000E+00  8.2100000000E+00  1.78475E-04  1.79678E-02
  8.2100000000E+00  8.2200000000E+00  1.78282E-04  5.47187E-02
  8.2200000000E+00  8.2300000000E+00  1.78189E-04  8.70130E-02
  8.2300000000E+00  8.2400000000E+00  1.77998E-04  6.42739E-02
  8.2400000000E+00  8.2500000000E+00  1.77757E-04  6.00598E-02
  8.2500000000E+00  8.2600000000E+00  1.77350E-04  6.84418E-02
  8.2600000000E+00  8.2700000000E+00  1.76829E-04  7.34263E-02
  8.2700000000E+00  8.2800000000E+00  1.76359E-04  9.96478E-02
  8.2800000000E+00  8.2900000000E+00  1.75874E-04  7.51630E-02
  8.2900000000E+00  8.3000000000E+00  1.75176E-04  8.26493E-02
  8.3000000000E+00  8.3100000000E+00  1.74426E-04  7.04887E-02
  8.3100000000E+00  8.3200000000E+00  1.73475E-04  1.12110E-01
  8.3200000000E+00  8.3300000000E+00  1.72235E-04  1.19503E-01
  8.3300000000E+00  8.3400000000E+00  1.70986E-04  8.90940E-02
  8.3400000000E+00  8.3500000000E+00  1.69865E-04  8.12473E-02
  8.3500000000E+00  8.3600000000E+00  1.68414E-04  1.14447E-01
  8.3600000000E+00  8.3700000000E+00  1.66502E-04  1.00539E-01
  8.3700000000E+00  8.3800000000E+00  1.64683E-04  1.14699E-01
  8.3800000000E+00  8.3900000000E+00  1.62725E-04  1.05175E-01
  8.3900000000E+00  8.4000000000E+00  1.60522E-04  7.44457E-02
  8.4000000000E+00  8.4100000000E+00  1.58014E-04  6.65282E-02
  8.4100000000E+00  8.4200000000E+00  1.55401E-04  4.85505E-02
  8.4200000000E+00  8.4300000000E+00  1.52679E-04  2.78445E-02
  8.4300000000E+00  8.4400000000E+00  1.49714E-04  6.18076E-02
  8.4400000000E+00  8.4500000000E+00  1.46642E-04  5.01678E-02
  8.4500000000E+00  8.4600000000E+00  1.43421E-04  2.80948E-02
  8.4600000000E+00  8.4700000000E+00  1.40011E-04  5.97705E-02
  8.4700000000E+00  8.4800000000E+00  1.36444E-04  6.00768E-02
  8.4800000000E+00  8.4900000000E+00  1.32672E-04  6.43206E-02
  8.4900000000E+00  8.5000000000E+00  1.28889E-04  7.95427E-02
  8.5000000000E+00  8.5100000000E+00  1.25041E-04  5.89719E-02
  8.5100000000E+00  8.5200000000E+00  1.21048E-04  8.23500E-02
  8.5200000000E+00  8.5300000000E+00  1.16982E-04  1.06006E-01
  8.5300000000E+00  8.5400000000E+00  1.12683E-04  1.58070E-01
  8.5400000000E+00  8.5500000000E+00  1.08467E-04  1.02422E-01
  8.5500000000E+00  8.5600000000E+00  1.04316E-04  1.04825E-01
  8.5600000000E+00  8.5700000000E+00  9.99670E-05  5.17679E-02
  8.5700000000E+00  8.5800000000E+00  9.56367E-05  4.69641E-02
  8.5800000000E+00  8.5900000000E+00  9.13119E-05  4.82597E-02
  8.5900000000E+00  8.6000000000E+00  8.70175E-05  6.55280E-02
  8.6000000000E+00  8.6100000000E+00  8.28683E-05  3.18679E-02
  8.6100000000E+00  8.6200000000E+00  7.85378E-05  6.56160E-02
  8.6200000000E+00  8.6300000000E+00  7.43852E-05  7.28080E-02
  8.6300000000E+00  8.6400000000E+00  7.03308E-05  7.94721E-02
  8.6400000000E+00  8.6500000000E+00  6.62445E-05  1.51122E-01
  8.6500000000E+00  8.6600000000E+00  6.24631E-05  1.42207E-01
  8.6600000000E+00  8.6700000000E+00  5.86135E-05  2.70559E-01
  8.6700000000E+00  8.6800000000E+00  5.48122E-05  1.76713E-01
  8.6800000000E+00  8.6900000000E+00  5.11881E-05  1.96857E-01
  8.6900000000E+00  8.7000000000E+00  4.77588E-05  1.52769E-01
  8.7000000000E+00  8.7100000000E+00  4.44870E-05  1.48781E-01
  8.7100000000E+00  8.7200000000E+00  4.13498E-05  1.99586E-01
  8.7200000000E+00  8.7300000000E+00  3.82750E-05  1.99947E-01
  8.7300000000E+00  8.7400000000E+00  3.53763E-05  1.82566E-01
  8.7400000000E+00  8.7500000000E+00  3.26057E-05  1.82136E-01
  8.7500000000E+00  8.7600000000E+00  3.01026E-05  2.68893E-01
  8.7600000000E+00  8.7700000000E+00  2.76397E-05  3.43250E-01
  8.7700000000E+00  8.7800000000E+00  2.52831E-05  3.18426E-01
  8.7800000000E+00  8.7900000000E+00  2.30831E-05  3.63320E-01
  8.7900000000E+00  8.8000000000E+00  2.10416E-05  3.00676E-01
  8.8000000000E+00  8.8100000000E+00  1.92009E-05  4.28104E-01
  8.8100000000E+00  8.8200000000E+00  1.73921E-05  2.89426E-01
  8.8200000000E+00  8.8300000000E+00  1.57520E-05  3.53268E-01
  8.8300000000E+00  8.8400000000E+00  1.42378E-05  4.97970E-01
  8.8400000000E+00  8.8500000000E+00  1.28842E-05  6.30135E-01
  8.8500000000E+00  8.8600000000E+00  1.16059E-05  6.99869E-01
  8.8600000000E+00  8.8700000000E+00  1.04043E-05  8.53000E-01
  8.8700000000E+00  8.8800000000E+00  9.39313E-06  6.64476E-01
  8.8800000000E+00  8.8900000000E+00  8.37270E-06  2.86748E-01
  8.8900000000E+00  8.9000000000E+00  7.50459E-06  5.89199E-01
  8.9000000000E+00  8.9100000000E+00  6.68698E-06  7.03669E-01
  8.9100000000E+00  8.9200000000E+00  5.98802E-06  6.16407E-01
  8.9200000000E+00  8.9300000000E+00  5.28533E-06  7.17540E-01
  8.9300000000E+00  8.9400000000E+00  4.67117E-06  6.22834E-01
  8.9400000000E+00  8.9500000000E+00  4.11757E-06  7.04376E-01
  8.9500000000E+00  8.9600000000E+00  3.61202E-06  9.82165E-01
  8.9600000000E+00  8.9700000000E+00  3.17760E-06  1.18461E+00
  8.9700000000E+00  8.9800000000E+00  2.77280E-06  1.32711E+00
  8.9800000000E+00  8.9900000000E+00  2.41899E-06  1.65047E+00
  8.9900000000E+00  9.0000000000E+00  2.11404E-06  1.12937E+00
  9.0000000000E+00  9.0100000000E+00  1.83708E-06  1.23462E+00
  9.0100000000E+00  9.0200000000E+00  1.60065E-06  9.42125E-01
  9.0200000000E+00  9.0300000000E+00  1.40739E-06  1.94933E+00
  9.0300000000E+00  9.0400000000E+00  1.23257E-06  1.47465E+00
  9.0400000000E+00  9.0500000000E+00  1.05274E-06  1.98785E+00
  9.0500000000E+00  9.0600000000E+00  9.13381E-07  1.77343E+00
  9.0600000000E+00  9.0700000000E+00  7.93092E-07  1.36940E+00
  9.0700000000E+00  9.0800000000E+00  6.96662E-07  1.36339E+00
  9.0800000000E+00  9.0900000000E+00  5.89109E-07  1.44628E+00
  9.0900000000E+00  9.1000000000E+00  5.11269E-07  1.70964E+00
  9.1000000000E+00  9.1100000000E+00  4.43884E-07  1.82847E+00
  9.1100000000E+00  9.1200000000E+00  3.83120E-07  2.26332E+00
  9.1200000000E+00  9.1300000000E+00  3.37367E-07  2.08245E+00
  9.1300000000E+00  9.1400000000E+00  2.85742E-07  2.41126E+00
  9.1400000000E+00  9.1500000000E+00  2.52229E-07  1.91103E+00
  9.1500000000E+00  9.1600000000E+00  2.22498E-07  4.06501E+00
  9.1600000000E+00  9.1700000000E+00  2.00862E-07  3.65226E+00
  9.1700000000E+00  9.1800000000E+00  1.80765E-07  4.23839E+00
  9.1800000000E+00  9.1900000000E+00  1.59955E-07  3.15808E+00
  9.1900000000E+00  9.2000000000E+00  1.42816E-07  2.48983E+00
  9.2000000000E+00  9.2100000000E+00  1.26994E-07  2.60683E+00
  9.2100000000E+00  9.2200000000E+00  1.06178E-07  3.45066E+00
  9.2200000000E+00  9.2300000000E+00  9.75913E-08  4.28452E+00
  9.2300000000E+00  9.2400000000E+00  9.49707E-08  7.38522E+00
  9.2400000000E+00  9.2500000000E+00  9.13309E-08  1.20875E+01
  9.2500000000E+00  9.2600000000E+00  8.40099E-08  4.87490E+00
  9.2600000000E+00  9.2700000000E+00  7.64999E-08  5.67869E+00
  9.2700000000E+00  9.2800000000E+00  7.98575E-08  7.26676E+00
  9.2800000000E+00  9.2900000000E+00  7.32485E-08  4.37805E+00
  9.2900000000E+00  9.3000000000E+00  7.30684E-08  8.13561E+00
  9.3000000000E+00  9.3100000000E+00  6.14399E-08  9.75940E+00
  9.3100000000E+00  9.3200000000E+00  5.71513E-08  4.08389E+00
  9.3200000000E+00  9.3300000000E+00  5.86563E-08  4.32811E+00
  9.3300000000E+00  9.3400000000E+00  6.47346E-08  4.07368E+00
  9.3400000000E+00  9.3500000000E+00  6.23249E-08  5.67369E+00
  9.3500000000E+00  9.3600000000E+00  5.22261E-08  6.99064E+00
  9.3600000000E+00  9.3700000000E+00  6.16980E-08  1.10261E+01
  9.3700000000E+00  9.3800000000E+00  6.62629E-08  3.10266E+00
  9.3800000000E+00  9.3900000000E+00  6.01027E-08  3.46445E+00
  9.3900000000E+00  9.4000000000E+00  5.61827E-08  1.21308E+01
  9.4000000000E+00  9.4100000000E+00  5.22139E-08  1.24434E+01
  9.4100000000E+00  9.4200000000E+00  5.07310E-08  5.24799E+00
  9.4200000000E+00  9.4300000000E+00  4.81468E-08  3.48337E+00
  9.4300000000E+00  9.4400000000E+00  5.25190E-08  1.04317E+01
  9.4400000000E+00  9.4500000000E+00  5.64955E-08  2.92214E+00
  9.4500000000E+00  9.4600000000E+00  5.50416E-08  1.12304E+01
  9.4600000000E+00  9.4700000000E+00  5.69059E-08  8.75113E+00
  9.4700000000E+00  9.4800000000E+00  6.40382E-08  7.28893E+00
  9.4800000000E+00  9.4900000000E+00  5.43184E-08  6.80807E+00
  9.4900000000E+00  9.5000000000E+00  5.42118E-08  3.23804E+00
  9.5000000000E+00  9.5100000000E+00  4.99489E-08  6.95397E+00
  9.5100000000E+00  9.5200000000E+00  5.02970E-08  5.08113E+00
  9.5200000000E+00  9.5300000000E+00  5.42914E-08  5.88829E+00
  9.5300000000E+00  9.5400000000E+00  5.83201E-08  4.30805E+00
  9.5400000000E+00  9.5500000000E+00  5.18809E-08  6.48826E+00
  9.5500000000E+00  9.5600000000E+00  6.04555E-08  9.03684E+00
  9.5600000000E+00  9.5700000000E+00  4.76878E-08  6.75755E+00
  9.5700000000E+00  9.5800000000E+00  5.19807E-08  9.58944E+00
  9.5800000000E+00  9.5900000000E+00  5.55218E-08  7.48644E+00
  9.5900000000E+00  9.6000000000E+00  5.49829E-08  3.15256E+00
  9.6000000000E+00  9.6100000000E+00  5.46091E-08  7.87657E+00
  9.6100000000E+00  9.6200000000E+00  5.66567E-08  1.16253E+01
  9.6200000000E+00  9.6300000000E+00  5.15635E-08  6.41600E+00
  9.6300000000E+00  9.6400000000E+00  5.69840E-08  1.00937E+01
  9.6400000000E+00  9.6500000000E+00  5.80767E-08  1.02734E+01
  9.6500000000E+00  9.6600000000E+00  5.43600E-08  4.13179E+00
  9.6600000000E+00  9.6700000000E+00  5.10593E-08  4.96090E+00
  9.6700000000E+00  9.6800000000E+00  4.60619E-08  1.05313E+01
  9.6800000000E+00  9.6900000000E+00  5.04361E-08  1.02096E+01
  9.6900000000E+00  9.7000000000E+00  4.57387E-08  3.30608E+00
  9.7000000000E+00  9.7100000000E+00  4.95146E-08  1.04828E+01
  9.7100000000E+00  9.7200000000E+00  4.74476E-08  5.94843E+00
  9.7200000000E+00  9.7300000000E+00  4.90798E-08  7.63747E+00
  9.7300000000E+00  9.7400000000E+00  5.00262E-08  6.99339E+00
  9.7400000000E+00  9.7500000000E+00  4.69079E-08  4.43784E+00
  9.7500000000E+00  9.7600000000E+00  5.16270E-08  9.36549E+00
  9.7600000000E+00  9.7700000000E+00  4.99472E-08  8.46299E+00
  9.7700000000E+00  9.7800000000E+00  5.51188E-08  8.65184E+00
  9.7800000000E+00  9.7900000000E+00  4.86460E-08  7.74091E+00
  9.7900000000E+00  9.8000000000E+00  5.37256E-08  1.11121E+01
  9.8000000000E+00  9.8100000000E+00  5.08400E-08  5.64631E+00
  9.8100000000E+00  9.8200000000E+00  5.86299E-08  8.74730E+00
  9.8200000000E+00  9.8300000000E+00  5.47384E-08  8.12648E+00
  9.8300000000E+00  9.8400000000E+00  5.57909E-08  9.11687E+00
  9.8400000000E+00  9.8500000000E+00  5.01760E-08  1.06799E+01
  9.8500000000E+00  9.8600000000E+00  5.12150E-08  8.60464E+00
  9.8600000000E+00  9.8700000000E+00  5.53851E-08  1.02181E+01
  9.8700000000E+00  9.8800000000E+00  5.11986E-08  8.99169E+00
  9.8800000000E+00  9.8900000000E+00  5.77041E-08  6.54791E+00
  9.8900000000E+00  9.9000000000E+00  4.99648E-08  6.12075E+00
  9.9000000000E+00  9.9100000000E+00  5.16035E-08  6.51574E+00
  9.9100000000E+00  9.9200000000E+00  4.81658E-08  5.96789E+00
  9.9200000000E+00  9.9300000000E+00  5.12639E-08  5.82869E+00
  9.9300000000E+00  9.9400000000E+00  4.91921E-08  1.44295E+01
  9.9400000000E+00  9.9500000000E+00  4.46052E-08  3.74415E+00
  9.9500000000E+00  9.9600000000E+00  4.64560E-08  6.06300E+00
  9.9600000000E+00  9.9700000000E+00  4.82895E-08  9.17439E+00
  9.9700000000E+00  9.9800000000E+00  4.83759E-08  1.01841E+01
  9.9800000000E+00  9.9900000000E+00  4.73139E-08  9.85354E+00
  9.9900000000E+00  1.0000000000E+01  5.55182E-08  8.13115E+00
  1.0000000000E+01  1.0010000000E+01  4.86710E-08  5.82126E+00
  1.0010000000E+01  1.0020000000E+01  3.97785E-08  4.32496E+00
  1.0020000000E+01  1.0030000000E+01  4.76354E-08  1.00368E+01
  1.0030000000E+01  1.0040000000E+01  4.79960E-08  7.16399E+00
  1.0040000000E+01  1.0050000000E+01  4.90723E-08  4.63184E+00
  1.0050000000E+01  1.0060000000E+01  4.47455E-08  7.31694E+00
  1.0060000000E+01  1.0070000000E+01  5.18941E-08  1.02980E+01
  1.0070000000E+01  1.0080000000E+01  4.37630E-08  6.19707E+00
  1.0080000000E+01  1.0090000000E+01  4.86602E-08  5.81016E+00
  1.0090000000E+01  1.0100000000E+01  4.88250E-08  8.54467E+00
  1.0100000000E+01  1.0110000000E+01  4.12180E-08  7.69667E+00
  1.0110000000E+01  1.0120000000E+01  4.42707E-08  9.13753E+00
  1.0120000000E+01  1.0130000000E+01  4.46887E-08  2.48445E+00
  1.0130000000E+01  1.0140000000E+01  4.67245E-08  7.25506E+00
  1.0140000000E+01  1.0150000000E+01  4.60671E-08  5.23732E+00
  1.0150000000E+01  1.0160000000E+01  4.46325E-08  7.78415E+00
  1.0160000000E+01  1.0170000000E+01  4.79477E-08  7.79707E+00
  1.0170000000E+01  1.0180000000E+01  5.09656E-08  1.40182E+01
  1.0180000000E+01  1.0190000000E+01  5.26333E-08  1.00007E+01
  1.0190000000E+01  1.0200000000E+01  4.86606E-08  1.10699E+01
  1.0200000000E+01  1.0210000000E+01  4.38710E-08  7.80489E+00
  1.0210000000E+01  1.0220000000E+01  4.80994E-08  8.48526E+00
  1.0220000000E+01  1.0230000000E+01  4.96421E-08  3.69526E+00
  1.0230000000E+01  1.0240000000E+01  6.25815E-08  8.18060E+00
  1.0240000000E+01  1.0250000000E+01  4.28797E-08  8.30626E+00
  1.0250000000E+01  1.0260000000E+01  5.07417E-08  1.02324E+01
  1.0260000000E+01  1.0270000000E+01  4.24055E-08  2.89738E+00
  1.0270000000E+01  1.0280000000E+01  5.39657E-08  1.05413E+01
  1.0280000000E+01  1.0290000000E+01  5.91625E-08  6.57952E+00
  1.0290000000E+01  1.0300000000E+01  5.30091E-08  1.33096E+01
  1.0300000000E+01  1.0310000000E+01  4.83321E-08  7.68054E+00
  1.0310000000E+01  1.0320000000E+01  4.90313E-08  7.95344E+00
  1.0320000000E+01  1.0330000000E+01  4.72641E-08  9.30463E+00
  1.0330000000E+01  1.0340000000E+01  4.14792E-08  8.53115E+00
  1.0340000000E+01  1.0350000000E+01  4.67186E-08  8.08521E+00
  1.0350000000E+01  1.0360000000E+01  4.28354E-08  3.32002E+00
  1.0360000000E+01  1.0370000000E+01  4.59192E-08  1.39175E+01
  1.0370000000E+01  1.0380000000E+01  4.35105E-08  6.66262E+00
  1.0380000000E+01  1.0390000000E+01  4.59030E-08  6.73116E+00
  1.0390000000E+01  1.0400000000E+01  3.94862E-08  9.07025E+00
  1.0400000000E+01  1.0410000000E+01  4.90192E-08  4.46976E+00
  1.0410000000E+01  1.0420000000E+01  4.87548E-08  1.39627E+01
  1.0420000000E+01  1.0430000000E+01  3.90379E-08  8.81719E+00
  1.0430000000E+01  1.0440000000E+01  4.37096E-08  7.69220E+00
  1.0440000000E+01  1.0450000000E+01  5.39385E-08  1.59625E+01
  1.0450000000E+01  1.0460000000E+01  4.73526E-08  1.07526E+01
  1.0460000000E+01  1.0470000000E+01  4.29462E-08  6.75405E+00
  1.0470000000E+01  1.0480000000E+01  4.74293E-08  6.50070E+00
  1.0480000000E+01  1.0490000000E+01  4.44971E-08  9.51707E+00
  1.0490000000E+01  1.0500000000E+01  4.32214E-08  5.92633E+00
  1.0500000000E+01  1.0510000000E+01  4.50415E-08  9.20371E+00
  1.0510000000E+01  1.0520000000E+01  4.42580E-08  1.02267E+01
  1.0520000000E+01  1.0530000000E+01  3.87247E-08  5.30427E+00
  1.0530000000E+01  1.0540000000E+01  4.23027E-08  6.83921E+00
  1.0540000000E+01  1.0550000000E+01  3.95082E-08  5.10312E+00
  1.0550000000E+01  1.0560000000E+01  5.08213E-08  8.41608E+00
  1.0560000000E+01  1.0570000000E+01  4.11454E-08  5.59145E+00
  1.0570000000E+01  1.0580000000E+01  4.46777E-08  1.10964E+01
  1.0580000000E+01  1.0590000000E+01  4.73984E-08  1.30270E+01
  1.0590000000E+01  1.0600000000E+01  4.67494E-08  1.16757E+01
  1.0600000000E+01  1.0610000000E+01  3.60345E-08  8.50485E+00
  1.0610000000E+01  1.0620000000E+01  4.67927E-08  6.36744E+00
  1.0620000000E+01  1.0630000000E+01  4.16879E-08  5.67071E+00
  1.0630000000E+01  1.0640000000E+01  4.95071E-08  1.14776E+01
  1.0640000000E+01  1.0650000000E+01  4.14260E-08  3.88498E+00
  1.0650000000E+01  1.0660000000E+01  4.27912E-08  1.66398E+01
  1.0660000000E+01  1.0670000000E+01  4.21337E-08  1.22631E+01
  1.0670000000E+01  1.0680000000E+01  4.11388E-08  5.35469E+00
  1.0680000000E+01  1.0690000000E+01  3.81710E-08  4.37899E+00
  1.0690000000E+01  1.0700000000E+01  3.71709E-08  4.82180E+00
  1.0700000000E+01  1.0710000000E+01  4.48942E-08  5.76471E+00
  1.0710000000E+01  1.0720000000E+01  3.63199E-08  8.66044E+00
  1.0720000000E+01  1.0730000000E+01  4.13818E-08  1.07541E+01
  1.0730000000E+01  1.0740000000E+01  4.33504E-08  6.45275E+00
  1.0740000000E+01  1.0750000000E+01  4.63784E-08  5.35569E+00
  1.0750000000E+01  1.0760000000E+01  4.79080E-08  6.37970E+00
  1.0760000000E+01  1.0770000000E+01  5.29461E-08  1.03563E+01
  1.0770000000E+01  1.0780000000E+01  4.22632E-08  9.28633E+00
  1.0780000000E+01  1.0790000000E+01  3.65842E-08  1.34187E+01
  1.0790000000E+01  1.0800000000E+01  4.45722E-08  1.37559E+01
  1.0800000000E+01  1.0810000000E+01  4.91174E-08  6.96871E+00
  1.0810000000E+01  1.0820000000E+01  4.08972E-08  4.73026E+00
  1.0820000000E+01  1.0830000000E+01  4.29314E-08  4.91998E+00
  1.0830000000E+01  1.0840000000E+01  4.22460E-08  9.21375E+00
  1.0840000000E+01  1.0850000000E+01  4.98097E-08  1.43661E+01
  1.0850000000E+01  1.0860000000E+01  5.22517E-08  1.24717E+01
  1.0860000000E+01  1.0870000000E+01  4.18094E-08  5.89435E+00
  1.0870000000E+01  1.0880000000E+01  4.09761E-08  1.08829E+01
  1.0880000000E+01  1.0890000000E+01  4.52323E-08  5.98555E+00
  1.0890000000E+01  1.0900000000E+01  5.10339E-08  9.77881E+00
  1.0900000000E+01  1.0910000000E+01  4.61138E-08  7.84958E+00
  1.0910000000E+01  1.0920000000E+01  4.26336E-08  8.84453E+00
  1.0920000000E+01  1.0930000000E+01  4.35199E-08  6.35080E+00
  1.0930000000E+01  1.0940000000E+01  4.19331E-08  5.80434E+00
  1.0940000000E+01  1.0950000000E+01  3.85006E-08  5.54041E+00
  1.0950000000E+01  1.0960000000E+01  4.31321E-08  8.71150E+00
  1.0960000000E+01  1.0970000000E+01  3.96110E-08  7.15285E+00
  1.0970000000E+01  1.0980000000E+01  4.73878E-08  9.03394E+00
  1.0980000000E+01  1.0990000000E+01  4.57001E-08  7.82790E+00
  1.0990000000E+01  1.1000000000E+01  4.19697E-08  5.25983E+00
  1.1000000000E+01  1.1010000000E+01  4.34660E-08  2.66887E+00
  1.1010000000E+01  1.1020000000E+01  4.51711E-08  4.41347E+00
  1.1020000000E+01  1.1030000000E+01  4.67732E-08  1.08658E+01
  1.1030000000E+01  1.1040000000E+01  4.68537E-08  6.45337E+00
  1.1040000000E+01  1.1050000000E+01  4.50058E-08  1.36854E+01
  1.1050000000E+01  1.1060000000E+01  3.73036E-08  8.37839E+00
  1.1060000000E+01  1.1070000000E+01  4.26283E-08  1.23686E+01
  1.1070000000E+01  1.1080000000E+01  3.52120E-08  4.65124E+00
  1.1080000000E+01  1.1090000000E+01  3.05381E-08  5.68072E+00
  1.1090000000E+01  1.1100000000E+01  4.13924E-08  1.39617E+01
  1.1100000000E+01  1.1110000000E+01  3.89664E-08  1.12850E+01
  1.1110000000E+01  1.1120000000E+01  3.63498E-08  8.39003E+00
  1.1120000000E+01  1.1130000000E+01  3.93927E-08  1.57082E+01
  1.1130000000E+01  1.1140000000E+01  3.70617E-08  3.63602E+00
  1.1140000000E+01  1.1150000000E+01  3.85925E-08  1.66639E+01
  1.1150000000E+01  1.1160000000E+01  4.54428E-08  5.07150E+00
  1.1160000000E+01  1.1170000000E+01  4.05912E-08  1.14034E+01
  1.1170000000E+01  1.1180000000E+01  4.32105E-08  1.35337E+01
  1.1180000000E+01  1.1190000000E+01  3.96228E-08  1.79088E+01
  1.1190000000E+01  1.1200000000E+01  4.44107E-08  8.12012E+00
  1.1200000000E+01  1.1210000000E+01  3.56004E-08  1.64398E+01
  1.1210000000E+01  1.1220000000E+01  3.86136E-08  1.26637E+01
  1.1220000000E+01  1.1230000000E+01  3.61730E-08  1.34002E+01
  1.1230000000E+01  1.1240000000E+01  3.74316E-08  8.93077E+00
  1.1240000000E+01  1.1250000000E+01  4.28317E-08  1.20653E+01
  1.1250000000E+01  1.1260000000E+01  3.58465E-08  1.67616E+01
  1.1260000000E+01  1.1270000000E+01  3.41029E-08  1.33249E+01
  1.1270000000E+01  1.1280000000E+01  3.99796E-08  8.27772E+00
  1.1280000000E+01  1.1290000000E+01  4.17950E-08  4.82456E+00
  1.1290000000E+01  1.1300000000E+01  3.47204E-08  1.66258E+01
  1.1300000000E+01  1.1310000000E+01  4.14913E-08  9.60560E+00
  1.1310000000E+01  1.1320000000E+01  4.20855E-08  8.59098E+00
  1.1320000000E+01  1.1330000000E+01  4.20104E-08  1.19936E+01
  1.1330000000E+01  1.1340000000E+01  3.91162E-08  9.64517E+00
  1.1340000000E+01  1.1350000000E+01  4.04595E-08  1.04757E+01
  1.1350000000E+01  1.1360000000E+01  3.37466E-08  7.26885E+00
  1.1360000000E+01  1.1370000000E+01  3.62274E-08  1.18655E+01
  1.1370000000E+01  1.1380000000E+01  3.24709E-08  4.68934E+00
  1.1380000000E+01  1.1390000000E+01  4.20139E-08  9.61739E+00
  1.1390000000E+01  1.1400000000E+01  4.64669E-08  7.61400E+00
  1.1400000000E+01  1.1410000000E+01  3.76875E-08  7.21286E+00
  1.1410000000E+01  1.1420000000E+01  3.84215E-08  9.06724E+00
  1.1420000000E+01  1.1430000000E+01  3.28549E-08  4.27376E+00
  1.1430000000E+01  1.1440000000E+01  3.53294E-08  7.83312E+00
  1.1440000000E+01  1.1450000000E+01  3.20413E-08  7.73427E+00
  1.1450000000E+01  1.1460000000E+01  3.57231E-08  5.23463E+00
  1.1460000000E+01  1.1470000000E+01  3.32655E-08  1.13292E+01
  1.1470000000E+01  1.1480000000E+01  3.10222E-08  8.62960E+00
  1.1480000000E+01  1.1490000000E+01  3.26135E-08  6.97948E+00
  1.1490000000E+01  1.1500000000E+01  3.23079E-08  6.23467E+00
  1.1500000000E+01  1.1510000000E+01  3.52021E-08  8.42638E+00
  1.1510000000E+01  1.1520000000E+01  3.64986E-08  4.54369E+00
  1.1520000000E+01  1.1530000000E+01  3.24547E-08  7.09008E+00
  1.1530000000E+01  1.1540000000E+01  3.79930E-08  6.33995E+00
  1.1540000000E+01  1.1550000000E+01  3.44833E-08  4.36781E+00
  1.1550000000E+01  1.1560000000E+01  3.47404E-08  5.98931E+00
  1.1560000000E+01  1.1570000000E+01  4.10178E-08  1.09348E+01
  1.1570000000E+01  1.1580000000E+01  3.83306E-08  8.62966E+00
  1.1580000000E+01  1.1590000000E+01  3.88657E-08  1.15987E+01
  1.1590000000E+01  1.1600000000E+01  3.83421E-08  3.81115E+00
  1.1600000000E+01  1.1610000000E+01  4.10421E-08  5.76158E+00
  1.1610000000E+01  1.1620000000E+01  3.48134E-08  9.25883E+00
  1.1620000000E+01  1.1630000000E+01  3.83807E-08  4.18002E+00
  1.1630000000E+01  1.1640000000E+01  3.64886E-08  1.01647E+01
  1.1640000000E+01  1.1650000000E+01  3.57469E-08  1.27721E+01
  1.1650000000E+01  1.1660000000E+01  3.60922E-08  6.40514E+00
  1.1660000000E+01  1.1670000000E+01  3.30961E-08  1.29245E+01
  1.1670000000E+01  1.1680000000E+01  3.69927E-08  7.75661E+00
  1.1680000000E+01  1.1690000000E+01  3.78396E-08  7.24814E+00
  1.1690000000E+01  1.1700000000E+01  3.16007E-08  7.03085E+00
  1.1700000000E+01  1.1710000000E+01  3.64489E-08  1.08992E+01
  1.1710000000E+01  1.1720000000E+01  3.87626E-08  5.62201E+00
  1.1720000000E+01  1.1730000000E+01  3.47745E-08  1.43447E+01
  1.1730000000E+01  1.1740000000E+01  3.58857E-08  6.35245E+00
  1.1740000000E+01  1.1750000000E+01  3.24985E-08  8.45778E+00
  1.1750000000E+01  1.1760000000E+01  3.48985E-08  8.24784E+00
  1.1760000000E+01  1.1770000000E+01  3.30427E-08  1.06520E+01
  1.1770000000E+01  1.1780000000E+01  3.51944E-08  4.55099E+00
  1.1780000000E+01  1.1790000000E+01  3.23311E-08  6.67056E+00
  1.1790000000E+01  1.1800000000E+01  3.04429E-08  9.63370E+00
  1.1800000000E+01  1.1810000000E+01  2.93061E-08  1.39593E+01
  1.1810000000E+01  1.1820000000E+01  3.72005E-08  1.62875E+01
  1.1820000000E+01  1.1830000000E+01  3.16222E-08  8.70928E+00
  1.1830000000E+01  1.1840000000E+01  3.45143E-08  8.85529E+00
  1.1840000000E+01  1.1850000000E+01  3.57126E-08  7.26141E+00
  1.1850000000E+01  1.1860000000E+01  3.34546E-08  5.21729E+00
  1.1860000000E+01  1.1870000000E+01  3.54384E-08  1.32479E+01
  1.1870000000E+01  1.1880000000E+01  3.35745E-08  3.52467E+00
  1.1880000000E+01  1.1890000000E+01  3.37902E-08  1.24861E+01
  1.1890000000E+01  1.1900000000E+01  3.84141E-08  1.47799E+01
  1.1900000000E+01  1.1910000000E+01  3.16240E-08  4.88478E+00
  1.1910000000E+01  1.1920000000E+01  3.63106E-08  9.18336E+00
  1.1920000000E+01  1.1930000000E+01  3.66622E-08  1.18018E+01
  1.1930000000E+01  1.1940000000E+01  3.83541E-08  9.01010E+00
  1.1940000000E+01  1.1950000000E+01  3.36434E-08  1.05081E+01
  1.1950000000E+01  1.1960000000E+01  3.70849E-08  9.07968E+00
  1.1960000000E+01  1.1970000000E+01  3.11160E-08  4.06687E+00
  1.1970000000E+01  1.1980000000E+01  3.86857E-08  2.08848E+01
  1.1980000000E+01  1.1990000000E+01  3.29070E-08  1.10603E+01
  1.1990000000E+01  1.2000000000E+01  3.77227E-08  7.21603E+00
  1.2000000000E+01  1.2000000000E+01  3.77227E-08  7.21603E+00
