0.10716,0.00119,5.37639,1.17778,0.73242,0.89395,1765533350.0
0.10716,0.00119,4.70434,1.17778,0.73242,0.89395,3865997220.0
0.10716,0.00119,4.03229,1.17778,0.73242,0.89395,3788238470.0
0.10716,0.00119,3.36025,1.17778,0.73242,0.89395,3175178750.0
0.10716,0.00119,2.6882,1.17778,0.73242,0.89395,3812917620.0
0.10716,0.00119,2.01615,1.17778,0.73242,0.89395,3475832570.0
0.10716,0.00119,1.3441,1.17778,0.73242,0.89395,3575528250.0
0.10716,0.00119,0.67205,1.17778,0.73242,0.89395,3578858170.0
0.10716,0.00119,-0.0,1.17778,0.73242,0.89395,3522840450.0
0.10716,0.00119,-0.67205,1.17778,0.73242,0.89395,3578074560.0
0.10716,0.00119,-1.3441,1.17778,0.73242,0.89395,3564755690.0
0.10716,0.00119,-2.01615,1.17778,0.73242,0.89395,3466430920.0
0.10716,0.00119,-2.6882,1.17778,0.73242,0.89395,3797444230.0
0.10716,0.00119,-3.36025,1.17778,0.73242,0.89395,3164014380.0
0.10716,0.00119,-4.03229,1.17778,0.73242,0.89395,3784321250.0
0.10716,0.00119,-4.70434,1.17778,0.73242,0.89395,3860708690.0
0.10716,0.00119,-5.37639,1.17778,0.73242,0.89395,1761616130.0
0.10716,0.00119,5.71242,0.58889,0.73242,0.89395,1321897600.0
0.10716,0.00119,5.04037,0.58889,0.73242,0.89395,4828089550.0
0.10716,0.00119,4.36832,0.58889,0.73242,0.89395,1602181410.0
0.10716,0.00119,3.69627,0.58889,0.73242,0.89395,2930150840.0
0.10716,0.00119,3.02422,0.58889,0.73242,0.89395,2731934700.0
0.10716,0.00119,2.35217,0.58889,0.73242,0.89395,2408952140.0
0.10716,0.00119,1.68012,0.58889,0.73242,0.89395,2869432490.0
0.10716,0.00119,1.00807,0.58889,0.73242,0.89395,2456351620.0
0.10716,0.00119,0.33602,0.58889,0.73242,0.89395,2701967230.0
0.10716,0.00119,-0.33602,0.58889,0.73242,0.89395,2704709450.0
0.10716,0.00119,-1.00807,0.58889,0.73242,0.89395,2457526820.0
0.10716,0.00119,-1.68012,0.58889,0.73242,0.89395,2880596860.0
0.10716,0.00119,-2.35217,0.58889,0.73242,0.89395,2417374500.0
0.10716,0.00119,-3.02422,0.58889,0.73242,0.89395,2743294970.0
0.10716,0.00119,-3.69627,0.58889,0.73242,0.89395,2934459870.0
0.10716,0.00119,-4.36832,0.58889,0.73242,0.89395,1604140020.0
0.10716,0.00119,-5.04037,0.58889,0.73242,0.89395,4826718240.0
0.10716,0.00119,-5.71242,0.58889,0.73242,0.89395,1320134790.0
0.10716,0.00119,5.37639,-0.0,0.73242,0.89395,3357138100.0
0.10716,0.00119,4.70434,-0.0,0.73242,0.89395,2037003310.0
0.10716,0.00119,4.03229,-0.0,0.73242,0.89395,4042276230.0
0.10716,0.00119,3.36025,-0.0,0.73242,0.89395,2303184740.0
0.10716,0.00119,2.6882,-0.0,0.73242,0.89395,3396702920.0
0.10716,0.00119,2.01615,-0.0,0.73242,0.89395,2894307330.0
0.10716,0.00119,1.3441,-0.0,0.73242,0.89395,2990869190.0
0.10716,0.00119,0.67205,-0.0,0.73242,0.89395,3136397320.0
0.10716,0.00119,-0.0,-0.0,0.73242,0.89395,2880988460.0
0.10716,0.00119,-0.67205,-0.0,0.73242,0.89395,3136005730.0
0.10716,0.00119,-1.3441,-0.0,0.73242,0.89395,2987343570.0
0.10716,0.00119,-2.01615,-0.0,0.73242,0.89395,2888823100.0
0.10716,0.00119,-2.6882,-0.0,0.73242,0.89395,3390826890.0
0.10716,0.00119,-3.36025,-0.0,0.73242,0.89395,2302597240.0
0.10716,0.00119,-4.03229,-0.0,0.73242,0.89395,4039925820.0
0.10716,0.00119,-4.70434,-0.0,0.73242,0.89395,2047775870.0
0.10716,0.00119,-5.37639,-0.0,0.73242,0.89395,3347148940.0
0.10716,0.00119,5.71242,-0.58889,0.73242,0.89395,1095085090.0
0.10716,0.00119,5.04037,-0.58889,0.73242,0.89395,3646039850.0
0.10716,0.00119,4.36832,-0.58889,0.73242,0.89395,1769450770.0
0.10716,0.00119,3.69627,-0.58889,0.73242,0.89395,2344904080.0
0.10716,0.00119,3.02422,-0.58889,0.73242,0.89395,2669649550.0
0.10716,0.00119,2.35217,-0.58889,0.73242,0.89395,2075197030.0
0.10716,0.00119,1.68012,-0.58889,0.73242,0.89395,2577592620.0
0.10716,0.00119,1.00807,-0.58889,0.73242,0.89395,2277918090.0
0.10716,0.00119,0.33602,-0.58889,0.73242,0.89395,2413065470.0
0.10716,0.00119,-0.33602,-0.58889,0.73242,0.89395,2415024080.0
0.10716,0.00119,-1.00807,-0.58889,0.73242,0.89395,2275763580.0
0.10716,0.00119,-1.68012,-0.58889,0.73242,0.89395,2580922330.0
0.10716,0.00119,-2.35217,-0.58889,0.73242,0.89395,2077547440.0
0.10716,0.00119,-3.02422,-0.58889,0.73242,0.89395,2675133780.0
0.10716,0.00119,-3.69627,-0.58889,0.73242,0.89395,2351171920.0
0.10716,0.00119,-4.36832,-0.58889,0.73242,0.89395,1767883760.0
0.10716,0.00119,-5.04037,-0.58889,0.73242,0.89395,3642710340.0
0.10716,0.00119,-5.71242,-0.58889,0.73242,0.89395,1093126480.0
0.10716,0.00119,5.37639,-1.17778,0.73242,0.89395,3908304270.0
0.10716,0.00119,4.70434,-1.17778,0.73242,0.89395,3383971750.0
0.10716,0.00119,4.03229,-1.17778,0.73242,0.89395,3731633450.0
0.10716,0.00119,3.36025,-1.17778,0.73242,0.89395,3350870260.0
0.10716,0.00119,2.6882,-1.17778,0.73242,0.89395,3415506030.0
0.10716,0.00119,2.01615,-1.17778,0.73242,0.89395,3544973280.0
0.10716,0.00119,1.3441,-1.17778,0.73242,0.89395,3388476470.0
0.10716,0.00119,0.67205,-1.17778,0.73242,0.89395,3418835750.0
0.10716,0.00119,-0.0,-1.17778,0.73242,0.89395,3497769500.0
0.10716,0.00119,-0.67205,-1.17778,0.73242,0.89395,3420402760.0
0.10716,0.00119,-1.3441,-1.17778,0.73242,0.89395,3386517860.0
0.10716,0.00119,-2.01615,-1.17778,0.73242,0.89395,3546931890.0
0.10716,0.00119,-2.6882,-1.17778,0.73242,0.89395,3415114230.0
0.10716,0.00119,-3.36025,-1.17778,0.73242,0.89395,3351262060.0
0.10716,0.00119,-4.03229,-1.17778,0.73242,0.89395,3726736720.0
0.10716,0.00119,-4.70434,-1.17778,0.73242,0.89395,3396702920.0
0.10716,0.00119,-5.37639,-1.17778,0.73242,0.89395,3898510810.0
0.10716,0.00119,5.04037,-1.76667,0.73242,0.89395,2762685580.0
0.10716,0.00119,4.36832,-1.76667,0.73242,0.89395,2658680880.0
0.10716,0.00119,3.69627,-1.76667,0.73242,0.89395,2205643580.0
0.10716,0.00119,3.02422,-1.76667,0.73242,0.89395,2562706730.0
0.10716,0.00119,2.35217,-1.76667,0.73242,0.89395,2555067980.0
0.10716,0.00119,1.68012,-1.76667,0.73242,0.89395,2421487620.0
0.10716,0.00119,1.00807,-1.76667,0.73242,0.89395,2591694900.0
0.10716,0.00119,0.33602,-1.76667,0.73242,0.89395,2481422560.0
0.10716,0.00119,-0.33602,-1.76667,0.73242,0.89395,2480639160.0
0.10716,0.00119,-1.00807,-1.76667,0.73242,0.89395,2586210660.0
0.10716,0.00119,-1.68012,-1.76667,0.73242,0.89395,2413065470.0
0.10716,0.00119,-2.35217,-1.76667,0.73242,0.89395,2550758960.0
0.10716,0.00119,-3.02422,-1.76667,0.73242,0.89395,2556830900.0
0.10716,0.00119,-3.69627,-1.76667,0.73242,0.89395,2202705660.0
0.10716,0.00119,-4.36832,-1.76667,0.73242,0.89395,2664165310.0
0.10716,0.00119,-5.04037,-1.76667,0.73242,0.89395,2751913020.0
0.1039,0.00117,5.46701,1.19806,0.74094,0.89939,807236735.0
0.1039,0.00117,4.78364,1.19806,0.74094,0.89939,1620988080.0
0.1039,0.00117,4.10026,1.19806,0.74094,0.89939,1786344270.0
0.1039,0.00117,3.41688,1.19806,0.74094,0.89939,1505832790.0
0.1039,0.00117,2.73351,1.19806,0.74094,0.89939,1780404380.0
0.1039,0.00117,2.05013,1.19806,0.74094,0.89939,1577110260.0
0.1039,0.00117,1.36675,1.19806,0.74094,0.89939,1682110450.0
0.1039,0.00117,0.68338,1.19806,0.74094,0.89939,1741125060.0
0.1039,0.00117,-0.0,1.19806,0.74094,0.89939,1591289140.0
0.1039,0.00117,-0.68338,1.19806,0.74094,0.89939,1741125060.0
0.1039,0.00117,-1.36675,1.19806,0.74094,0.89939,1686325760.0
0.1039,0.00117,-2.05013,1.19806,0.74094,0.89939,1581517220.0
0.1039,0.00117,-2.73351,1.19806,0.74094,0.89939,1786535710.0
0.1039,0.00117,-3.41688,1.19806,0.74094,0.89939,1506599160.0
0.1039,0.00117,-4.10026,1.19806,0.74094,0.89939,1790942670.0
0.1039,0.00117,-4.78364,1.19806,0.74094,0.89939,1627694240.0
0.1039,0.00117,-5.46701,1.19806,0.74094,0.89939,807428327.0
0.1039,0.00117,-5.8087,0.59903,0.74094,0.89939,556041071.0
0.1039,0.00117,-5.12532,0.59903,0.74094,0.89939,2034857400.0
0.1039,0.00117,-4.44195,0.59903,0.74094,0.89939,89863283.2
0.1039,0.00117,-3.75857,0.59903,0.74094,0.89939,954390220.0
0.1039,0.00117,-3.07519,0.59903,0.74094,0.89939,759335190.0
0.1039,0.00117,-2.39182,0.59903,0.74094,0.89939,611415238.0
0.1039,0.00117,-1.70844,0.59903,0.74094,0.89939,792483033.0
0.1039,0.00117,-1.02506,0.59903,0.74094,0.89939,659316784.0
0.1039,0.00117,-0.34169,0.59903,0.74094,0.89939,710092403.0
0.1039,0.00117,0.34169,0.59903,0.74094,0.89939,713158118.0
0.1039,0.00117,1.02506,0.59903,0.74094,0.89939,657783951.0
0.1039,0.00117,1.70844,0.59903,0.74094,0.89939,795165515.0
0.1039,0.00117,2.39182,0.59903,0.74094,0.89939,614289312.0
0.1039,0.00117,3.07519,0.59903,0.74094,0.89939,763358913.0
0.1039,0.00117,3.75857,0.59903,0.74094,0.89939,956881161.0
0.1039,0.00117,4.44195,0.59903,0.74094,0.89939,96186286.7
0.1039,0.00117,5.12532,0.59903,0.74094,0.89939,2034474120.0
0.1039,0.00117,5.8087,0.59903,0.74094,0.89939,557382312.0
0.1039,0.00117,5.46701,-0.0,0.74094,0.89939,1449117390.0
0.1039,0.00117,4.78364,-0.0,0.74094,0.89939,544161493.0
0.1039,0.00117,4.10026,-0.0,0.74094,0.89939,1813169090.0
0.1039,0.00117,3.41688,-0.0,0.74094,0.89939,774855308.0
0.1039,0.00117,2.73351,-0.0,0.74094,0.89939,1427274240.0
0.1039,0.00117,2.05013,-0.0,0.74094,0.89939,1172629680.0
0.1039,0.00117,1.36675,-0.0,0.74094,0.89939,1196005660.0
0.1039,0.00117,0.68338,-0.0,0.74094,0.89939,1297940080.0
0.1039,0.00117,-0.0,-0.0,0.74094,0.89939,1159025630.0
0.1039,0.00117,-0.68338,-0.0,0.74094,0.89939,1297556890.0
0.1039,0.00117,-1.36675,-0.0,0.74094,0.89939,1194281180.0
0.1039,0.00117,-2.05013,-0.0,0.74094,0.89939,1173587690.0
0.1039,0.00117,-2.73351,-0.0,0.74094,0.89939,1430723190.0
0.1039,0.00117,-3.41688,-0.0,0.74094,0.89939,774472075.0
0.1039,0.00117,-4.10026,-0.0,0.74094,0.89939,1817576050.0
0.1039,0.00117,-4.78364,-0.0,0.74094,0.89939,545502734.0
0.1039,0.00117,-5.46701,-0.0,0.74094,0.89939,1446818090.0
0.1039,0.00117,-5.8087,-0.59903,0.74094,0.89939,452573717.0
0.1039,0.00117,-5.12532,-0.59903,0.74094,0.89939,1609108510.0
0.1039,0.00117,-4.44195,-0.59903,0.74094,0.89939,559298378.0
0.1039,0.00117,-3.75857,-0.59903,0.74094,0.89939,1021069190.0
0.1039,0.00117,-3.07519,-0.59903,0.74094,0.89939,894225964.0
0.1039,0.00117,-2.39182,-0.59903,0.74094,0.89939,849964858.0
0.1039,0.00117,-1.70844,-0.59903,0.74094,0.89939,946534415.0
0.1039,0.00117,-1.02506,-0.59903,0.74094,0.89939,868742333.0
0.1039,0.00117,-0.34169,-0.59903,0.74094,0.89939,899207644.0
0.1039,0.00117,0.34169,-0.59903,0.74094,0.89939,900357294.0
0.1039,0.00117,1.02506,-0.59903,0.74094,0.89939,869125516.0
0.1039,0.00117,1.70844,-0.59903,0.74094,0.89939,954390220.0
0.1039,0.00117,2.39182,-0.59903,0.74094,0.89939,845941185.0
0.1039,0.00117,3.07519,-0.59903,0.74094,0.89939,904572609.0
0.1039,0.00117,3.75857,-0.59903,0.74094,0.89939,1017620240.0
0.1039,0.00117,4.44195,-0.59903,0.74094,0.89939,567345824.0
0.1039,0.00117,5.12532,-0.59903,0.74094,0.89939,1603360260.0
0.1039,0.00117,5.8087,-0.59903,0.74094,0.89939,454106600.0
0.1039,0.00117,5.46701,-1.19806,0.74094,0.89939,1614090290.0
0.1039,0.00117,4.78364,-1.19806,0.74094,0.89939,910320856.0
0.1039,0.00117,4.10026,-1.19806,0.74094,0.89939,1140439800.0
0.1039,0.00117,3.41688,-1.19806,0.74094,0.89939,1101352210.0
0.1039,0.00117,2.73351,-1.19806,0.74094,0.89939,1100777390.0
0.1039,0.00117,2.05013,-1.19806,0.74094,0.89939,1075676940.0
0.1039,0.00117,1.36675,-1.19806,0.74094,0.89939,1068970690.0
0.1039,0.00117,0.68338,-1.19806,0.74094,0.89939,1115147810.0
0.1039,0.00117,-0.0,-1.19806,0.74094,0.89939,1043678700.0
0.1039,0.00117,-0.68338,-1.19806,0.74094,0.89939,1115914270.0
0.1039,0.00117,-1.36675,-1.19806,0.74094,0.89939,1075868580.0
0.1039,0.00117,-2.05013,-1.19806,0.74094,0.89939,1074718930.0
0.1039,0.00117,-2.73351,-1.19806,0.74094,0.89939,1101735400.0
0.1039,0.00117,-3.41688,-1.19806,0.74094,0.89939,1102693400.0
0.1039,0.00117,-4.10026,-1.19806,0.74094,0.89939,1136607660.0
0.1039,0.00117,-4.78364,-1.19806,0.74094,0.89939,913194880.0
0.1039,0.00117,-5.46701,-1.19806,0.74094,0.89939,1610449700.0
0.1039,0.00117,-5.12532,-1.7971,0.74094,0.89939,1330704790.0
0.1039,0.00117,-4.44195,-1.7971,0.74094,0.89939,1310011300.0
0.1039,0.00117,-3.75857,-1.7971,0.74094,0.89939,1150786540.0
0.1039,0.00117,-3.07519,-1.7971,0.74094,0.89939,1304071510.0
0.1039,0.00117,-2.39182,-1.7971,0.74094,0.89939,1315567900.0
0.1039,0.00117,-1.70844,-1.7971,0.74094,0.89939,1207885230.0
0.1039,0.00117,-1.02506,-1.7971,0.74094,0.89939,1369792370.0
0.1039,0.00117,-0.34169,-1.7971,0.74094,0.89939,1263642630.0
0.1039,0.00117,0.34169,-1.7971,0.74094,0.89939,1262876170.0
0.1039,0.00117,1.02506,-1.7971,0.74094,0.89939,1370175650.0
0.1039,0.00117,1.70844,-1.7971,0.74094,0.89939,1206352300.0
0.1039,0.00117,2.39182,-1.7971,0.74094,0.89939,1313843430.0
0.1039,0.00117,3.07519,-1.7971,0.74094,0.89939,1300814200.0
0.1039,0.00117,3.75857,-1.7971,0.74094,0.89939,1149062070.0
0.1039,0.00117,4.44195,-1.7971,0.74094,0.89939,1307328810.0
0.1039,0.00117,5.12532,-1.7971,0.74094,0.89939,1335111640.0
0.10064,0.00115,-5.55857,1.21857,0.74886,0.90566,350899172.0
0.10064,0.00115,-4.86375,1.21857,0.74886,0.90566,1052510190.0
0.10064,0.00115,-4.16893,1.21857,0.74886,0.90566,1043517570.0
0.10064,0.00115,-3.47411,1.21857,0.74886,0.90566,879777057.0
0.10064,0.00115,-2.77929,1.21857,0.74886,0.90566,1102344160.0
0.10064,0.00115,-2.08446,1.21857,0.74886,0.90566,968953843.0
0.10064,0.00115,-1.38964,1.21857,0.74886,0.90566,983566799.0
0.10064,0.00115,-0.69482,1.21857,0.74886,0.90566,1055507690.0
0.10064,0.00115,-0.0,1.21857,0.74886,0.90566,949657151.0
0.10064,0.00115,0.69482,1.21857,0.74886,0.90566,1054570980.0
0.10064,0.00115,1.38964,1.21857,0.74886,0.90566,986377021.0
0.10064,0.00115,2.08446,1.21857,0.74886,0.90566,970827258.0
0.10064,0.00115,2.77929,1.21857,0.74886,0.90566,1104592340.0
0.10064,0.00115,3.47411,1.21857,0.74886,0.90566,881463190.0
0.10064,0.00115,4.16893,1.21857,0.74886,0.90566,1043142810.0
0.10064,0.00115,4.86375,1.21857,0.74886,0.90566,1051948140.0
0.10064,0.00115,5.55857,1.21857,0.74886,0.90566,351273860.0
0.10064,0.00115,5.90598,0.60929,0.74886,0.90566,204207207.0
0.10064,0.00115,5.21116,0.60929,0.74886,0.90566,1567524490.0
0.10064,0.00115,4.51634,0.60929,0.74886,0.90566,397173649.0
0.10064,0.00115,3.82152,0.60929,0.74886,0.90566,894015350.0
0.10064,0.00115,3.1267,0.60929,0.74886,0.90566,758376853.0
0.10064,0.00115,2.43187,0.60929,0.74886,0.90566,650465518.0
0.10064,0.00115,1.73705,0.60929,0.74886,0.90566,853923312.0
0.10064,0.00115,1.04223,0.60929,0.74886,0.90566,693742441.0
0.10064,0.00115,0.34741,0.60929,0.74886,0.90566,767931509.0
0.10064,0.00115,-0.34741,0.60929,0.74886,0.90566,768493504.0
0.10064,0.00115,-1.04223,0.60929,0.74886,0.90566,693929773.0
0.10064,0.00115,-1.73705,0.60929,0.74886,0.90566,857295578.0
0.10064,0.00115,-2.43187,0.60929,0.74886,0.90566,648966766.0
0.10064,0.00115,-3.1267,0.60929,0.74886,0.90566,757627477.0
0.10064,0.00115,-3.82152,0.60929,0.74886,0.90566,892141934.0
0.10064,0.00115,-4.51634,0.60929,0.74886,0.90566,393614076.0
0.10064,0.00115,-5.21116,0.60929,0.74886,0.90566,1566962440.0
0.10064,0.00115,-5.90598,0.60929,0.74886,0.90566,204394551.0
0.10064,0.00115,-5.55857,0.0,0.74886,0.90566,745262600.0
0.10064,0.00115,-4.86375,0.0,0.74886,0.90566,547612532.0
0.10064,0.00115,-4.16893,0.0,0.74886,0.90566,1164355730.0
0.10064,0.00115,-3.47411,0.0,0.74886,0.90566,552108838.0
0.10064,0.00115,-2.77929,0.0,0.74886,0.90566,1047264500.0
0.10064,0.00115,-2.08446,0.0,0.74886,0.90566,748634866.0
0.10064,0.00115,-1.38964,0.0,0.74886,0.90566,857108197.0
0.10064,0.00115,-0.69482,0.0,0.74886,0.90566,845305364.0
0.10064,0.00115,-0.0,0.0,0.74886,0.90566,836125470.0
0.10064,0.00115,0.69482,0.0,0.74886,0.90566,844743418.0
0.10064,0.00115,1.38964,0.0,0.74886,0.90566,856358870.0
0.10064,0.00115,2.08446,0.0,0.74886,0.90566,749384242.0
0.10064,0.00115,2.77929,0.0,0.74886,0.90566,1046140410.0
0.10064,0.00115,3.47411,0.0,0.74886,0.90566,553794922.0
0.10064,0.00115,4.16893,0.0,0.74886,0.90566,1160796180.0
0.10064,0.00115,4.86375,0.0,0.74886,0.90566,546301112.0
0.10064,0.00115,5.55857,0.0,0.74886,0.90566,746574020.0
0.10064,0.00115,5.90598,-0.60929,0.74886,0.90566,142945036.0
0.10064,0.00115,5.21116,-0.60929,0.74886,0.90566,1212691060.0
0.10064,0.00115,4.51634,-0.60929,0.74886,0.90566,432207338.0
0.10064,0.00115,3.82152,-0.60929,0.74886,0.90566,794909343.0
0.10064,0.00115,3.1267,-0.60929,0.74886,0.90566,712664421.0
0.10064,0.00115,2.43187,-0.60929,0.74886,0.90566,654212447.0
0.10064,0.00115,1.73705,-0.60929,0.74886,0.90566,755379300.0
0.10064,0.00115,1.04223,-0.60929,0.74886,0.90566,667139320.0
0.10064,0.00115,0.34741,-0.60929,0.74886,0.90566,711353000.0
0.10064,0.00115,-0.34741,-0.60929,0.74886,0.90566,712477040.0
0.10064,0.00115,-1.04223,-0.60929,0.74886,0.90566,667326652.0
0.10064,0.00115,-1.73705,-0.60929,0.74886,0.90566,758564185.0
0.10064,0.00115,-2.43187,-0.60929,0.74886,0.90566,654774492.0
0.10064,0.00115,-3.1267,-0.60929,0.74886,0.90566,711914996.0
0.10064,0.00115,-3.82152,-0.60929,0.74886,0.90566,795658719.0
0.10064,0.00115,-4.51634,-0.60929,0.74886,0.90566,430146541.0
0.10064,0.00115,-5.21116,-0.60929,0.74886,0.90566,1211004920.0
0.10064,0.00115,-5.90598,-0.60929,0.74886,0.90566,143132392.0
0.10064,0.00115,-5.55857,-1.21857,0.74886,0.90566,816454114.0
0.10064,0.00115,-4.86375,-1.21857,0.74886,0.90566,1062064840.0
0.10064,0.00115,-4.16893,-1.21857,0.74886,0.90566,883336704.0
0.10064,0.00115,-3.47411,-1.21857,0.74886,0.90566,963895444.0
0.10064,0.00115,-2.77929,-1.21857,0.74886,0.90566,896076146.0
0.10064,0.00115,-2.08446,-1.21857,0.74886,0.90566,962958736.0
0.10064,0.00115,-1.38964,-1.21857,0.74886,0.90566,934107486.0
0.10064,0.00115,-0.69482,-1.21857,0.74886,0.90566,950781239.0
0.10064,0.00115,-0.0,-1.21857,0.74886,0.90566,937292371.0
0.10064,0.00115,0.69482,-1.21857,0.74886,0.90566,950781239.0
0.10064,0.00115,1.38964,-1.21857,0.74886,0.90566,932796017.0
0.10064,0.00115,2.08446,-1.21857,0.74886,0.90566,963708161.0
0.10064,0.00115,2.77929,-1.21857,0.74886,0.90566,897012952.0
0.10064,0.00115,3.47411,-1.21857,0.74886,0.90566,965206913.0
0.10064,0.00115,4.16893,-1.21857,0.74886,0.90566,884648075.0
0.10064,0.00115,4.86375,-1.21857,0.74886,0.90566,1060378710.0
0.10064,0.00115,5.55857,-1.21857,0.74886,0.90566,818140247.0
0.10064,0.00115,5.21116,-1.82786,0.74886,0.90566,687372671.0
0.10064,0.00115,4.51634,-1.82786,0.74886,0.90566,846991497.0
0.10064,0.00115,3.82152,-1.82786,0.74886,0.90566,656273244.0
0.10064,0.00115,3.1267,-1.82786,0.74886,0.90566,743389135.0
0.10064,0.00115,2.43187,-1.82786,0.74886,0.90566,774113899.0
0.10064,0.00115,1.73705,-1.82786,0.74886,0.90566,697114658.0
0.10064,0.00115,1.04223,-1.82786,0.74886,0.90566,770179637.0
0.10064,0.00115,0.34741,-1.82786,0.74886,0.90566,729150842.0
0.10064,0.00115,-0.34741,-1.82786,0.74886,0.90566,729525555.0
0.10064,0.00115,-1.04223,-1.82786,0.74886,0.90566,769055549.0
0.10064,0.00115,-1.73705,-1.82786,0.74886,0.90566,694679198.0
0.10064,0.00115,-2.43187,-1.82786,0.74886,0.90566,774113899.0
0.10064,0.00115,-3.1267,-1.82786,0.74886,0.90566,743389135.0
0.10064,0.00115,-3.82152,-1.82786,0.74886,0.90566,655523868.0
0.10064,0.00115,-4.51634,-1.82786,0.74886,0.90566,848115585.0
0.10064,0.00115,-5.21116,-1.82786,0.74886,0.90566,683251078.0
0.09738,0.00112,-5.67172,1.24419,0.756,0.91279,106431178.0
0.09738,0.00112,-4.96276,1.24419,0.756,0.91279,763520092.0
0.09738,0.00112,-4.25379,1.24419,0.756,0.91279,843022927.0
0.09738,0.00112,-3.54483,1.24419,0.756,0.91279,740805010.0
0.09738,0.00112,-2.83586,1.24419,0.756,0.91279,794295375.0
0.09738,0.00112,-2.1269,1.24419,0.756,0.91279,774694413.0
0.09738,0.00112,-1.41793,1.24419,0.756,0.91279,759306795.0
0.09738,0.00112,-0.70897,1.24419,0.756,0.91279,801806012.0
0.09738,0.00112,-0.0,1.24419,0.756,0.91279,776709499.0
0.09738,0.00112,0.70897,1.24419,0.756,0.91279,802355529.0
0.09738,0.00112,1.41793,1.24419,0.756,0.91279,759123623.0
0.09738,0.00112,2.1269,1.24419,0.756,0.91279,775610370.0
0.09738,0.00112,2.83586,1.24419,0.756,0.91279,793196246.0
0.09738,0.00112,3.54483,1.24419,0.756,0.91279,737141278.0
0.09738,0.00112,4.25379,1.24419,0.756,0.91279,842106922.0
0.09738,0.00112,4.96276,1.24419,0.756,0.91279,763886437.0
0.09738,0.00112,5.67172,1.24419,0.756,0.91279,106980743.0
0.09738,0.00112,6.02621,0.62209,0.756,0.91279,39385034.2
0.09738,0.00112,5.31724,0.62209,0.756,0.91279,1274243240.0
0.09738,0.00112,4.60828,0.62209,0.756,0.91279,444592890.0
0.09738,0.00112,3.89931,0.62209,0.756,0.91279,656356141.0
0.09738,0.00112,3.19034,0.62209,0.756,0.91279,630526892.0
0.09738,0.00112,2.48138,0.62209,0.756,0.91279,603964905.0
0.09738,0.00112,1.77241,0.62209,0.756,0.91279,652509237.0
0.09738,0.00112,1.06345,0.62209,0.756,0.91279,605430379.0
0.09738,0.00112,0.35448,0.62209,0.756,0.91279,654524275.0
0.09738,0.00112,-0.35448,0.62209,0.756,0.91279,652875629.0
0.09738,0.00112,-1.06345,0.62209,0.756,0.91279,605613551.0
0.09738,0.00112,-1.77241,0.62209,0.756,0.91279,652509237.0
0.09738,0.00112,-2.48138,0.62209,0.756,0.91279,604514470.0
0.09738,0.00112,-3.19034,0.62209,0.756,0.91279,630526892.0
0.09738,0.00112,-3.89931,0.62209,0.756,0.91279,654524275.0
0.09738,0.00112,-4.60828,0.62209,0.756,0.91279,443676981.0
0.09738,0.00112,-5.31724,0.62209,0.756,0.91279,1274975930.0
0.09738,0.00112,-6.02621,0.62209,0.756,0.91279,39934592.8
0.09738,0.00112,-5.67172,-0.0,0.756,0.91279,425175148.0
0.09738,0.00112,-4.96276,-0.0,0.756,0.91279,599202044.0
0.09738,0.00112,-4.25379,-0.0,0.756,0.91279,813346725.0
0.09738,0.00112,-3.54483,-0.0,0.756,0.91279,618619786.0
0.09738,0.00112,-2.83586,-0.0,0.756,0.91279,745201479.0
0.09738,0.00112,-2.1269,-0.0,0.756,0.91279,665515472.0
0.09738,0.00112,-1.41793,-0.0,0.756,0.91279,723951871.0
0.09738,0.00112,-0.70897,-0.0,0.756,0.91279,698122621.0
0.09738,0.00112,-0.0,-0.0,0.756,0.91279,676873013.0
0.09738,0.00112,0.70897,-0.0,0.756,0.91279,696290755.0
0.09738,0.00112,1.41793,-0.0,0.756,0.91279,725966909.0
0.09738,0.00112,2.1269,-0.0,0.756,0.91279,665881816.0
0.09738,0.00112,2.83586,-0.0,0.756,0.91279,745934216.0
0.09738,0.00112,3.54483,-0.0,0.756,0.91279,620085308.0
0.09738,0.00112,4.25379,-0.0,0.756,0.91279,812247596.0
0.09738,0.00112,4.96276,-0.0,0.756,0.91279,599018871.0
0.09738,0.00112,5.67172,-0.0,0.756,0.91279,426640670.0
0.09738,0.00112,6.02621,-0.62209,0.756,0.91279,36637241.0
0.09738,0.00112,5.31724,-0.62209,0.756,0.91279,1057350730.0
0.09738,0.00112,4.60828,-0.62209,0.756,0.91279,290166933.0
0.09738,0.00112,3.89931,-0.62209,0.756,0.91279,720104966.0
0.09738,0.00112,3.19034,-0.62209,0.756,0.91279,465292934.0
0.09738,0.00112,2.48138,-0.62209,0.756,0.91279,601583474.0
0.09738,0.00112,1.77241,-0.62209,0.756,0.91279,555603746.0
0.09738,0.00112,1.06345,-0.62209,0.756,0.91279,567144459.0
0.09738,0.00112,0.35448,-0.62209,0.756,0.91279,554138272.0
0.09738,0.00112,-0.35448,-0.62209,0.756,0.91279,553588707.0
0.09738,0.00112,-1.06345,-0.62209,0.756,0.91279,566778114.0
0.09738,0.00112,-1.77241,-0.62209,0.756,0.91279,554871009.0
0.09738,0.00112,-2.48138,-0.62209,0.756,0.91279,600301173.0
0.09738,0.00112,-3.19034,-0.62209,0.756,0.91279,466575235.0
0.09738,0.00112,-3.89931,-0.62209,0.756,0.91279,719738574.0
0.09738,0.00112,-4.60828,-0.62209,0.756,0.91279,287602330.0
0.09738,0.00112,-5.31724,-0.62209,0.756,0.91279,1059915340.0
0.09738,0.00112,-5.67172,-1.24419,0.756,0.91279,394399889.0
0.09738,0.00112,-4.96276,-1.24419,0.756,0.91279,1096735780.0
0.09738,0.00112,-4.25379,-1.24419,0.756,0.91279,635839318.0
0.09738,0.00112,-3.54483,-1.24419,0.756,0.91279,849251263.0
0.09738,0.00112,-2.83586,-1.24419,0.756,0.91279,778174973.0
0.09738,0.00112,-2.1269,-1.24419,0.756,0.91279,781289141.0
0.09738,0.00112,-1.41793,-1.24419,0.756,0.91279,796676758.0
0.09738,0.00112,-0.70897,-1.24419,0.756,0.91279,780556404.0
0.09738,0.00112,-0.0,-1.24419,0.756,0.91279,828917563.0
0.09738,0.00112,0.70897,-1.24419,0.756,0.91279,781838705.0
0.09738,0.00112,1.41793,-1.24419,0.756,0.91279,795577677.0
0.09738,0.00112,2.1269,-1.24419,0.756,0.91279,781472313.0
0.09738,0.00112,2.83586,-1.24419,0.756,0.91279,779457274.0
0.09738,0.00112,3.54483,-1.24419,0.756,0.91279,851083081.0
0.09738,0.00112,4.25379,-1.24419,0.756,0.91279,635472925.0
0.09738,0.00112,4.96276,-1.24419,0.756,0.91279,1095087090.0
0.09738,0.00112,5.67172,-1.24419,0.756,0.91279,395865386.0
0.09738,0.00112,5.31724,-1.86628,0.756,0.91279,340176762.0
0.09738,0.00112,4.60828,-1.86628,0.756,0.91279,640418959.0
0.09738,0.00112,3.89931,-1.86628,0.756,0.91279,555420573.0
0.09738,0.00112,3.19034,-1.86628,0.756,0.91279,523729333.0
0.09738,0.00112,2.48138,-1.86628,0.756,0.91279,566778114.0
0.09738,0.00112,1.77241,-1.86628,0.756,0.91279,530873625.0
0.09738,0.00112,1.06345,-1.86628,0.756,0.91279,555420573.0
0.09738,0.00112,0.35448,-1.86628,0.756,0.91279,552306406.0
0.09738,0.00112,-0.35448,-1.86628,0.756,0.91279,551756841.0
0.09738,0.00112,-1.06345,-1.86628,0.756,0.91279,555603746.0
0.09738,0.00112,-1.77241,-1.86628,0.756,0.91279,530690405.0
0.09738,0.00112,-2.48138,-1.86628,0.756,0.91279,568060416.0
0.09738,0.00112,-3.19034,-1.86628,0.756,0.91279,523546161.0
0.09738,0.00112,-3.89931,-1.86628,0.756,0.91279,555786918.0
0.09738,0.00112,-4.60828,-1.86628,0.756,0.91279,638587093.0
0.09738,0.00112,-5.31724,-1.86628,0.756,0.91279,335597121.0
0.09411,0.00109,-5.06121,1.26975,0.76398,0.92277,512800993.0
0.09411,0.00109,-4.33818,1.26975,0.76398,0.92277,620410409.0
0.09411,0.00109,-3.61515,1.26975,0.76398,0.92277,578870647.0
0.09411,0.00109,-2.89212,1.26975,0.76398,0.92277,589076550.0
0.09411,0.00109,-2.16909,1.26975,0.76398,0.92277,570813374.0
0.09411,0.00109,-1.44606,1.26975,0.76398,0.92277,601072917.0
0.09411,0.00109,-0.72303,1.26975,0.76398,0.92277,576542979.0
0.09411,0.00109,-0.0,1.26975,0.76398,0.92277,571708653.0
0.09411,0.00109,0.72303,1.26975,0.76398,0.92277,577080136.0
0.09411,0.00109,1.44606,1.26975,0.76398,0.92277,600535759.0
0.09411,0.00109,2.16909,1.26975,0.76398,0.92277,573320079.0
0.09411,0.00109,2.89212,1.26975,0.76398,0.92277,588360356.0
0.09411,0.00109,3.61515,1.26975,0.76398,0.92277,577080136.0
0.09411,0.00109,4.33818,1.26975,0.76398,0.92277,620768483.0
0.09411,0.00109,5.06121,1.26975,0.76398,0.92277,514054345.0
0.09411,0.00109,5.42272,0.63487,0.76398,0.92277,898475995.0
0.09411,0.00109,4.69969,0.63487,0.76398,0.92277,584063140.0
0.09411,0.00109,3.97666,0.63487,0.76398,0.92277,525513555.0
0.09411,0.00109,3.25363,0.63487,0.76398,0.92277,572782921.0
0.09411,0.00109,2.5306,0.63487,0.76398,0.92277,561323712.0
0.09411,0.00109,1.80757,0.63487,0.76398,0.92277,560428434.0
0.09411,0.00109,1.08454,0.63487,0.76398,0.92277,564188491.0
0.09411,0.00109,0.36151,0.63487,0.76398,0.92277,540553831.0
0.09411,0.00109,-0.36151,0.63487,0.76398,0.92277,538584284.0
0.09411,0.00109,-1.08454,0.63487,0.76398,0.92277,566516159.0
0.09411,0.00109,-1.80757,0.63487,0.76398,0.92277,559354118.0
0.09411,0.00109,-2.5306,0.63487,0.76398,0.92277,561502749.0
0.09411,0.00109,-3.25363,0.63487,0.76398,0.92277,572603884.0
0.09411,0.00109,-3.97666,0.63487,0.76398,0.92277,524081165.0
0.09411,0.00109,-4.69969,0.63487,0.76398,0.92277,584600298.0
0.09411,0.00109,-5.42272,0.63487,0.76398,0.92277,898834162.0
0.09411,0.00109,-5.78424,-0.0,0.76398,0.92277,170277145.0
0.09411,0.00109,-5.06121,-0.0,0.76398,0.92277,572603884.0
0.09411,0.00109,-4.33818,-0.0,0.76398,0.92277,485406229.0
0.09411,0.00109,-3.61515,-0.0,0.76398,0.92277,553624513.0
0.09411,0.00109,-2.89212,-0.0,0.76398,0.92277,534107985.0
0.09411,0.00109,-2.16909,-0.0,0.76398,0.92277,504743720.0
0.09411,0.00109,-1.44606,-0.0,0.76398,0.92277,538763321.0
0.09411,0.00109,-0.72303,-0.0,0.76398,0.92277,504564637.0
0.09411,0.00109,-0.0,-0.0,0.76398,0.92277,570634337.0
0.09411,0.00109,0.72303,-0.0,0.76398,0.92277,504206563.0
0.09411,0.00109,1.44606,-0.0,0.76398,0.92277,541270026.0
0.09411,0.00109,2.16909,-0.0,0.76398,0.92277,502595089.0
0.09411,0.00109,2.89212,-0.0,0.76398,0.92277,536256616.0
0.09411,0.00109,3.61515,-0.0,0.76398,0.92277,552550198.0
0.09411,0.00109,4.33818,-0.0,0.76398,0.92277,483078561.0
0.09411,0.00109,5.06121,-0.0,0.76398,0.92277,574931552.0
0.09411,0.00109,5.78424,-0.0,0.76398,0.92277,170993339.0
0.09411,0.00109,5.42272,-0.63487,0.76398,0.92277,726050277.0
0.09411,0.00109,4.69969,-0.63487,0.76398,0.92277,311727136.0
0.09411,0.00109,3.97666,-0.63487,0.76398,0.92277,570276216.0
0.09411,0.00109,3.25363,-0.63487,0.76398,0.92277,346283894.0
0.09411,0.00109,2.5306,-0.63487,0.76398,0.92277,505101794.0
0.09411,0.00109,1.80757,-0.63487,0.76398,0.92277,407519198.0
0.09411,0.00109,1.08454,-0.63487,0.76398,0.92277,451028507.0
0.09411,0.00109,0.36151,-0.63487,0.76398,0.92277,438315899.0
0.09411,0.00109,-0.36151,-0.63487,0.76398,0.92277,438315899.0
0.09411,0.00109,-1.08454,-0.63487,0.76398,0.92277,450670434.0
0.09411,0.00109,-1.80757,-0.63487,0.76398,0.92277,406982040.0
0.09411,0.00109,-2.5306,-0.63487,0.76398,0.92277,505638952.0
0.09411,0.00109,-3.25363,-0.63487,0.76398,0.92277,348790599.0
0.09411,0.00109,-3.97666,-0.63487,0.76398,0.92277,570276216.0
0.09411,0.00109,-4.69969,-0.63487,0.76398,0.92277,311727136.0
0.09411,0.00109,-5.42272,-0.63487,0.76398,0.92277,727840788.0
0.09411,0.00109,-5.78424,-1.26975,0.76398,0.92277,147358656.0
0.09411,0.00109,-5.06121,-1.26975,0.76398,0.92277,962934269.0
0.09411,0.00109,-4.33818,-1.26975,0.76398,0.92277,578691610.0
0.09411,0.00109,-3.61515,-1.26975,0.76398,0.92277,695790734.0
0.09411,0.00109,-2.89212,-1.26975,0.76398,0.92277,719246357.0
0.09411,0.00109,-2.16909,-1.26975,0.76398,0.92277,647088931.0
0.09411,0.00109,-1.44606,-1.26975,0.76398,0.92277,727482667.0
0.09411,0.00109,-0.72303,-1.26975,0.76398,0.92277,654071935.0
0.09411,0.00109,-0.0,-1.26975,0.76398,0.92277,694895456.0
0.09411,0.00109,0.72303,-1.26975,0.76398,0.92277,653534778.0
0.09411,0.00109,1.44606,-1.26975,0.76398,0.92277,724975962.0
0.09411,0.00109,2.16909,-1.26975,0.76398,0.92277,647268015.0
0.09411,0.00109,2.89212,-1.26975,0.76398,0.92277,718709200.0
0.09411,0.00109,3.61515,-1.26975,0.76398,0.92277,696685966.0
0.09411,0.00109,4.33818,-1.26975,0.76398,0.92277,574573431.0
0.09411,0.00109,5.06121,-1.26975,0.76398,0.92277,963829500.0
0.09411,0.00109,5.78424,-1.26975,0.76398,0.92277,148791069.0
0.09411,0.00109,5.42272,-1.90462,0.76398,0.92277,153625430.0
0.09411,0.00109,4.69969,-1.90462,0.76398,0.92277,440822651.0
0.09411,0.00109,3.97666,-1.90462,0.76398,0.92277,408414477.0
0.09411,0.00109,3.25363,-1.90462,0.76398,0.92277,374932011.0
0.09411,0.00109,2.5306,-1.90462,0.76398,0.92277,413786007.0
0.09411,0.00109,1.80757,-1.90462,0.76398,0.92277,389614143.0
0.09411,0.00109,1.08454,-1.90462,0.76398,0.92277,404833456.0
0.09411,0.00109,0.36151,-1.90462,0.76398,0.92277,393016103.0
0.09411,0.00109,-0.36151,-1.90462,0.76398,0.92277,393016103.0
0.09411,0.00109,-1.08454,-1.90462,0.76398,0.92277,405370614.0
0.09411,0.00109,-1.80757,-1.90462,0.76398,0.92277,389793203.0
0.09411,0.00109,-2.5306,-1.90462,0.76398,0.92277,414860276.0
0.09411,0.00109,-3.25363,-1.90462,0.76398,0.92277,374215792.0
0.09411,0.00109,-3.97666,-1.90462,0.76398,0.92277,408772551.0
0.09411,0.00109,-4.69969,-1.90462,0.76398,0.92277,437778788.0
0.09411,0.00109,-5.42272,-1.90462,0.76398,0.92277,149865373.0
0.09084,0.00105,-5.15916,1.29527,0.7748,0.93802,268529101.0
0.09084,0.00105,-4.42214,1.29527,0.7748,0.93802,460835099.0
0.09084,0.00105,-3.68511,1.29527,0.7748,0.93802,463632293.0
0.09084,0.00105,-2.94809,1.29527,0.7748,0.93802,450695323.0
0.09084,0.00105,-2.21107,1.29527,0.7748,0.93802,441954168.0
0.09084,0.00105,-1.47404,1.29527,0.7748,0.93802,453667327.0
0.09084,0.00105,-0.73702,1.29527,0.7748,0.93802,443877218.0
0.09084,0.00105,0.0,1.29527,0.7748,0.93802,430415818.0
0.09084,0.00105,0.73702,1.29527,0.7748,0.93802,443527552.0
0.09084,0.00105,1.47404,1.29527,0.7748,0.93802,454716281.0
0.09084,0.00105,2.21107,1.29527,0.7748,0.93802,444401695.0
0.09084,0.00105,2.94809,1.29527,0.7748,0.93802,449646416.0
0.09084,0.00105,3.68511,1.29527,0.7748,0.93802,466953917.0
0.09084,0.00105,4.42214,1.29527,0.7748,0.93802,464331579.0
0.09084,0.00105,5.15916,1.29527,0.7748,0.93802,270102531.0
0.09084,0.00105,5.52767,0.64763,0.7748,0.93802,504191394.0
0.09084,0.00105,4.79065,0.64763,0.7748,0.93802,650868403.0
0.09084,0.00105,4.05362,0.64763,0.7748,0.93802,504541015.0
0.09084,0.00105,3.3166,0.64763,0.7748,0.93802,531988337.0
0.09084,0.00105,2.57958,0.64763,0.7748,0.93802,558736327.0
0.09084,0.00105,1.84256,0.64763,0.7748,0.93802,510659833.0
0.09084,0.00105,1.10553,0.64763,0.7748,0.93802,551568555.0
0.09084,0.00105,0.36851,0.64763,0.7748,0.93802,513107360.0
0.09084,0.00105,-0.36851,0.64763,0.7748,0.93802,512757740.0
0.09084,0.00105,-1.10553,0.64763,0.7748,0.93802,553316795.0
0.09084,0.00105,-1.84256,0.64763,0.7748,0.93802,508911593.0
0.09084,0.00105,-2.57958,0.64763,0.7748,0.93802,561533520.0
0.09084,0.00105,-3.3166,0.64763,0.7748,0.93802,530065287.0
0.09084,0.00105,-4.05362,0.64763,0.7748,0.93802,502967585.0
0.09084,0.00105,-4.79065,0.64763,0.7748,0.93802,652791453.0
0.09084,0.00105,-5.52767,0.64763,0.7748,0.93802,504191394.0
0.09084,0.00105,-5.89618,0.0,0.7748,0.93802,49999561.5
0.09084,0.00105,-5.15916,0.0,0.7748,0.93802,604714960.0
0.09084,0.00105,-4.42214,0.0,0.7748,0.93802,279542997.0
0.09084,0.00105,-3.68511,0.0,0.7748,0.93802,530939384.0
0.09084,0.00105,-2.94809,0.0,0.7748,0.93802,379716941.0
0.09084,0.00105,-2.21107,0.0,0.7748,0.93802,460660289.0
0.09084,0.00105,-1.47404,0.0,0.7748,0.93802,415730609.0
0.09084,0.00105,-0.73702,0.0,0.7748,0.93802,449296750.0
0.09084,0.00105,0.0,0.0,0.7748,0.93802,449646416.0
0.09084,0.00105,0.73702,0.0,0.7748,0.93802,449471560.0
0.09084,0.00105,1.47404,0.0,0.7748,0.93802,416604706.0
0.09084,0.00105,2.21107,0.0,0.7748,0.93802,458037951.0
0.09084,0.00105,2.94809,0.0,0.7748,0.93802,382339302.0
0.09084,0.00105,3.68511,0.0,0.7748,0.93802,523247136.0
0.09084,0.00105,4.42214,0.0,0.7748,0.93802,276570993.0
0.09084,0.00105,5.15916,0.0,0.7748,0.93802,606288390.0
0.09084,0.00105,5.89618,0.0,0.7748,0.93802,50349205.0
0.09084,0.00105,5.52767,-0.64763,0.7748,0.93802,488282421.0
0.09084,0.00105,4.79065,-0.64763,0.7748,0.93802,387409189.0
0.09084,0.00105,4.05362,-0.64763,0.7748,0.93802,482688080.0
0.09084,0.00105,3.3166,-0.64763,0.7748,0.93802,347549398.0
0.09084,0.00105,2.57958,-0.64763,0.7748,0.93802,485310417.0
0.09084,0.00105,1.84256,-0.64763,0.7748,0.93802,379716941.0
0.09084,0.00105,1.10553,-0.64763,0.7748,0.93802,439856261.0
0.09084,0.00105,0.36851,-0.64763,0.7748,0.93802,413457892.0
0.09084,0.00105,-0.36851,-0.64763,0.7748,0.93802,413632748.0
0.09084,0.00105,-1.10553,-0.64763,0.7748,0.93802,439506640.0
0.09084,0.00105,-1.84256,-0.64763,0.7748,0.93802,379716941.0
0.09084,0.00105,-2.57958,-0.64763,0.7748,0.93802,483387367.0
0.09084,0.00105,-3.3166,-0.64763,0.7748,0.93802,349122805.0
0.09084,0.00105,-4.05362,-0.64763,0.7748,0.93802,476394405.0
0.09084,0.00105,-4.79065,-0.64763,0.7748,0.93802,388108476.0
0.09084,0.00105,-5.52767,-0.64763,0.7748,0.93802,489855851.0
0.09084,0.00105,-5.89618,-1.29527,0.7748,0.93802,34964728.7
0.09084,0.00105,-5.15916,-1.29527,0.7748,0.93802,731986560.0
0.09084,0.00105,-4.42214,-1.29527,0.7748,0.93802,534785531.0
0.09084,0.00105,-3.68511,-1.29527,0.7748,0.93802,612582018.0
0.09084,0.00105,-2.94809,-1.29527,0.7748,0.93802,618875692.0
0.09084,0.00105,-2.21107,-1.29527,0.7748,0.93802,566603431.0
0.09084,0.00105,-1.47404,-1.29527,0.7748,0.93802,618700836.0
0.09084,0.00105,-0.73702,-1.29527,0.7748,0.93802,586533315.0
0.09084,0.00105,0.0,-1.29527,0.7748,0.93802,581463405.0
0.09084,0.00105,0.73702,-1.29527,0.7748,0.93802,586008839.0
0.09084,0.00105,1.47404,-1.29527,0.7748,0.93802,619400169.0
0.09084,0.00105,2.21107,-1.29527,0.7748,0.93802,569575435.0
0.09084,0.00105,2.94809,-1.29527,0.7748,0.93802,618001549.0
0.09084,0.00105,3.68511,-1.29527,0.7748,0.93802,613805782.0
0.09084,0.00105,4.42214,-1.29527,0.7748,0.93802,530764573.0
0.09084,0.00105,5.15916,-1.29527,0.7748,0.93802,736357184.0
0.09084,0.00105,5.89618,-1.29527,0.7748,0.93802,34964728.7
0.09084,0.00105,5.52767,-1.9429,0.7748,0.93802,53845679.9
0.09084,0.00105,4.79065,-1.9429,0.7748,0.93802,270976628.0
0.09084,0.00105,4.05362,-1.9429,0.7748,0.93802,293354063.0
0.09084,0.00105,3.3166,-1.9429,0.7748,0.93802,259787922.0
0.09084,0.00105,2.57958,-1.9429,0.7748,0.93802,292130299.0
0.09084,0.00105,1.84256,-1.9429,0.7748,0.93802,265731930.0
0.09084,0.00105,1.10553,-1.9429,0.7748,0.93802,283214287.0
0.09084,0.00105,0.36851,-1.9429,0.7748,0.93802,270976628.0
0.09084,0.00105,-0.36851,-1.9429,0.7748,0.93802,270801818.0
0.09084,0.00105,-1.10553,-1.9429,0.7748,0.93802,283389121.0
0.09084,0.00105,-1.84256,-1.9429,0.7748,0.93802,264857810.0
0.09084,0.00105,-2.57958,-1.9429,0.7748,0.93802,292654776.0
0.09084,0.00105,-3.3166,-1.9429,0.7748,0.93802,258913802.0
0.09084,0.00105,-4.05362,-1.9429,0.7748,0.93802,292829586.0
0.09084,0.00105,-4.79065,-1.9429,0.7748,0.93802,266081574.0
0.09084,0.00105,-5.52767,-1.9429,0.7748,0.93802,51048503.4
0.08759,0.00102,-5.28084,1.32801,0.78974,0.95992,132758107.0
0.08759,0.00102,-4.52644,1.32801,0.78974,0.95992,288352651.0
0.08759,0.00102,-3.77203,1.32801,0.78974,0.95992,295510352.0
0.08759,0.00102,-3.01762,1.32801,0.78974,0.95992,291420244.0
0.08759,0.00102,-2.26322,1.32801,0.78974,0.95992,303860978.0
0.08759,0.00102,-1.50881,1.32801,0.78974,0.95992,292442760.0
0.08759,0.00102,-0.75441,1.32801,0.78974,0.95992,297214568.0
0.08759,0.00102,-0.0,1.32801,0.78974,0.95992,305224355.0
0.08759,0.00102,0.75441,1.32801,0.78974,0.95992,298918762.0
0.08759,0.00102,1.50881,1.32801,0.78974,0.95992,293294867.0
0.08759,0.00102,2.26322,1.32801,0.78974,0.95992,303690570.0
0.08759,0.00102,3.01762,1.32801,0.78974,0.95992,293124459.0
0.08759,0.00102,3.77203,1.32801,0.78974,0.95992,300452569.0
0.08759,0.00102,4.52644,1.32801,0.78974,0.95992,288693489.0
0.08759,0.00102,5.28084,1.32801,0.78974,0.95992,132928526.0
0.08759,0.00102,5.65805,0.664,0.78974,0.95992,253075479.0
0.08759,0.00102,4.90364,0.664,0.78974,0.95992,802683781.0
0.08759,0.00102,4.14923,0.664,0.78974,0.95992,407647484.0
0.08759,0.00102,3.39483,0.664,0.78974,0.95992,509388936.0
0.08759,0.00102,2.64042,0.664,0.78974,0.95992,537508429.0
0.08759,0.00102,1.88602,0.664,0.78974,0.95992,488938392.0
0.08759,0.00102,1.13161,0.664,0.78974,0.95992,518421284.0
0.08759,0.00102,0.3772,0.664,0.78974,0.95992,518421284.0
0.08759,0.00102,-0.3772,0.664,0.78974,0.95992,517398746.0
0.08759,0.00102,-1.13161,0.664,0.78974,0.95992,516546615.0
0.08759,0.00102,-1.88602,0.664,0.78974,0.95992,492858093.0
0.08759,0.00102,-2.64042,0.664,0.78974,0.95992,539212645.0
0.08759,0.00102,-3.39483,0.664,0.78974,0.95992,509559344.0
0.08759,0.00102,-4.14923,0.664,0.78974,0.95992,412589723.0
0.08759,0.00102,-4.90364,0.664,0.78974,0.95992,811034452.0
0.08759,0.00102,-5.65805,0.664,0.78974,0.95992,253757156.0
0.08759,0.00102,-5.28084,0.0,0.78974,0.95992,526942318.0
0.08759,0.00102,-4.52644,0.0,0.78974,0.95992,98162600.9
0.08759,0.00102,-3.77203,0.0,0.78974,0.95992,546029508.0
0.08759,0.00102,-3.01762,0.0,0.78974,0.95992,227171449.0
0.08759,0.00102,-2.26322,0.0,0.78974,0.95992,407136215.0
0.08759,0.00102,-1.50881,0.0,0.78974,0.95992,322948168.0
0.08759,0.00102,-0.75441,0.0,0.78974,0.95992,360270394.0
0.08759,0.00102,-0.0,0.0,0.78974,0.95992,325845308.0
0.08759,0.00102,0.75441,0.0,0.78974,0.95992,359077448.0
0.08759,0.00102,1.50881,0.0,0.78974,0.95992,323118576.0
0.08759,0.00102,2.26322,0.0,0.78974,0.95992,412930540.0
0.08759,0.00102,3.01762,0.0,0.78974,0.95992,228705234.0
0.08759,0.00102,3.77203,0.0,0.78974,0.95992,541768946.0
0.08759,0.00102,4.52644,0.0,0.78974,0.95992,111796305.0
0.08759,0.00102,5.28084,0.0,0.78974,0.95992,532566234.0
0.08759,0.00102,5.65805,-0.664,0.78974,0.95992,245917777.0
0.08759,0.00102,4.90364,-0.664,0.78974,0.95992,516035346.0
0.08759,0.00102,4.14923,-0.664,0.78974,0.95992,312211626.0
0.08759,0.00102,3.39483,-0.664,0.78974,0.95992,427757212.0
0.08759,0.00102,2.64042,-0.664,0.78974,0.95992,365212611.0
0.08759,0.00102,1.88602,-0.664,0.78974,0.95992,392309587.0
0.08759,0.00102,1.13161,-0.664,0.78974,0.95992,371859043.0
0.08759,0.00102,0.3772,-0.664,0.78974,0.95992,383618101.0
0.08759,0.00102,-0.3772,-0.664,0.78974,0.95992,382084293.0
0.08759,0.00102,-1.13161,-0.664,0.78974,0.95992,370325258.0
0.08759,0.00102,-1.88602,-0.664,0.78974,0.95992,394013803.0
0.08759,0.00102,-2.64042,-0.664,0.78974,0.95992,367428096.0
0.08759,0.00102,-3.39483,-0.664,0.78974,0.95992,425882544.0
0.08759,0.00102,-4.14923,-0.664,0.78974,0.95992,308803195.0
0.08759,0.00102,-4.90364,-0.664,0.78974,0.95992,533588728.0
0.08759,0.00102,-5.65805,-0.664,0.78974,0.95992,248814939.0
0.08759,0.00102,-5.28084,-1.32801,0.78974,0.95992,549267486.0
0.08759,0.00102,-4.52644,-1.32801,0.78974,0.95992,548244992.0
0.08759,0.00102,-3.77203,-1.32801,0.78974,0.95992,484677875.0
0.08759,0.00102,-3.01762,-1.32801,0.78974,0.95992,500186180.0
0.08759,0.00102,-2.26322,-1.32801,0.78974,0.95992,523022617.0
0.08759,0.00102,-1.50881,-1.32801,0.78974,0.95992,491153877.0
0.08759,0.00102,-0.75441,-1.32801,0.78974,0.95992,511093152.0
0.08759,0.00102,-0.0,-1.32801,0.78974,0.95992,520125455.0
0.08759,0.00102,0.75441,-1.32801,0.78974,0.95992,511263560.0
0.08759,0.00102,1.50881,-1.32801,0.78974,0.95992,489620069.0
0.08759,0.00102,2.26322,-1.32801,0.78974,0.95992,515524122.0
0.08759,0.00102,3.01762,-1.32801,0.78974,0.95992,493539770.0
0.08759,0.00102,3.77203,-1.32801,0.78974,0.95992,480076497.0
0.08759,0.00102,4.52644,-1.32801,0.78974,0.95992,536145074.0
0.08759,0.00102,5.28084,-1.32801,0.78974,0.95992,566991321.0
0.08759,0.00102,4.90364,-1.99201,0.78974,0.95992,157639598.0
0.08759,0.00102,4.14923,-1.99201,0.78974,0.95992,161388869.0
0.08759,0.00102,3.39483,-1.99201,0.78974,0.95992,156787491.0
0.08759,0.00102,2.64042,-1.99201,0.78974,0.95992,172295829.0
0.08759,0.00102,1.88602,-1.99201,0.78974,0.95992,158662126.0
0.08759,0.00102,1.13161,-1.99201,0.78974,0.95992,166842343.0
0.08759,0.00102,0.3772,-1.99201,0.78974,0.95992,165478977.0
0.08759,0.00102,-0.3772,-1.99201,0.78974,0.95992,164626870.0
0.08759,0.00102,-1.13161,-1.99201,0.78974,0.95992,167864871.0
0.08759,0.00102,-1.88602,-1.99201,0.78974,0.95992,157980448.0
0.08759,0.00102,-2.64042,-1.99201,0.78974,0.95992,174170453.0
0.08759,0.00102,-3.39483,-1.99201,0.78974,0.95992,154231178.0
0.08759,0.00102,-4.14923,-1.99201,0.78974,0.95992,160877599.0
0.08759,0.00102,-4.90364,-1.99201,0.78974,0.95992,146221380.0
0.08435,0.00099,-4.63036,1.36071,0.80716,0.98573,126071675.0
0.08435,0.00099,-3.85863,1.36071,0.80716,0.98573,123583412.0
0.08435,0.00099,-3.08691,1.36071,0.80716,0.98573,116948068.0
0.08435,0.00099,-2.31518,1.36071,0.80716,0.98573,134365861.0
0.08435,0.00099,-1.54345,1.36071,0.80716,0.98573,111639790.0
0.08435,0.00099,-0.77173,1.36071,0.80716,0.98573,129223465.0
0.08435,0.00099,0.0,1.36071,0.80716,0.98573,113298621.0
0.08435,0.00099,0.77173,1.36071,0.80716,0.98573,128725819.0
0.08435,0.00099,1.54345,1.36071,0.80716,0.98573,111639790.0
0.08435,0.00099,2.31518,1.36071,0.80716,0.98573,131545834.0
0.08435,0.00099,3.08691,1.36071,0.80716,0.98573,117611607.0
0.08435,0.00099,3.85863,1.36071,0.80716,0.98573,120099858.0
0.08435,0.00099,4.63036,1.36071,0.80716,0.98573,134034097.0
0.08435,0.00099,5.78795,0.68036,0.80716,0.98573,33176757.5
0.08435,0.00099,5.01622,0.68036,0.80716,0.98573,700858964.0
0.08435,0.00099,4.2445,0.68036,0.80716,0.98573,653084432.0
0.08435,0.00099,3.47277,0.68036,0.80716,0.98573,597679264.0
0.08435,0.00099,2.70104,0.68036,0.80716,0.98573,610452296.0
0.08435,0.00099,1.92932,0.68036,0.80716,0.98573,613106451.0
0.08435,0.00099,1.15759,0.68036,0.80716,0.98573,589882713.0
0.08435,0.00099,0.38586,0.68036,0.80716,0.98573,608627583.0
0.08435,0.00099,-0.38586,0.68036,0.80716,0.98573,612277052.0
0.08435,0.00099,-1.15759,0.68036,0.80716,0.98573,589219185.0
0.08435,0.00099,-1.92932,0.68036,0.80716,0.98573,615262949.0
0.08435,0.00099,-2.70104,0.68036,0.80716,0.98573,606305214.0
0.08435,0.00099,-3.47277,0.68036,0.80716,0.98573,600499290.0
0.08435,0.00099,-4.2445,0.68036,0.80716,0.98573,662373954.0
0.08435,0.00099,-5.01622,0.68036,0.80716,0.98573,698536595.0
0.08435,0.00099,-5.78795,0.68036,0.80716,0.98573,33176757.5
0.08435,0.00099,-5.40209,-0.0,0.80716,0.98573,339564098.0
0.08435,0.00099,-4.63036,-0.0,0.80716,0.98573,377219732.0
0.08435,0.00099,-3.85863,-0.0,0.80716,0.98573,269395271.0
0.08435,0.00099,-3.08691,-0.0,0.80716,0.98573,364280785.0
0.08435,0.00099,-2.31518,-0.0,0.80716,0.98573,339729991.0
0.08435,0.00099,-1.54345,-0.0,0.80716,0.98573,317169781.0
0.08435,0.00099,-0.77173,-0.0,0.80716,0.98573,354493650.0
0.08435,0.00099,0.0,-0.0,0.80716,0.98573,299586117.0
0.08435,0.00099,0.77173,-0.0,0.80716,0.98573,356318363.0
0.08435,0.00099,1.54345,-0.0,0.80716,0.98573,318496859.0
0.08435,0.00099,2.31518,-0.0,0.80716,0.98573,344540623.0
0.08435,0.00099,3.08691,-0.0,0.80716,0.98573,360133681.0
0.08435,0.00099,3.85863,-0.0,0.80716,0.98573,285817750.0
0.08435,0.00099,4.63036,-0.0,0.80716,0.98573,381698600.0
0.08435,0.00099,5.40209,-0.0,0.80716,0.98573,334587595.0
0.08435,0.00099,5.78795,-0.68036,0.80716,0.98573,51092204.3
0.08435,0.00099,5.01622,-0.68036,0.80716,0.98573,682611751.0
0.08435,0.00099,4.2445,-0.68036,0.80716,0.98573,297761383.0
0.08435,0.00099,3.47277,-0.68036,0.80716,0.98573,523529225.0
0.08435,0.00099,2.70104,-0.68036,0.80716,0.98573,390988077.0
0.08435,0.00099,1.92932,-0.68036,0.80716,0.98573,459829849.0
0.08435,0.00099,1.15759,-0.68036,0.80716,0.98573,410894132.0
0.08435,0.00099,0.38586,-0.68036,0.80716,0.98573,427980161.0
0.08435,0.00099,-0.38586,-0.68036,0.80716,0.98573,424496607.0
0.08435,0.00099,-1.15759,-0.68036,0.80716,0.98573,415207086.0
0.08435,0.00099,-1.92932,-0.68036,0.80716,0.98573,464474588.0
0.08435,0.00099,-2.70104,-0.68036,0.80716,0.98573,406415265.0
0.08435,0.00099,-3.47277,-0.68036,0.80716,0.98573,525519809.0
0.08435,0.00099,-4.2445,-0.68036,0.80716,0.98573,323307490.0
0.08435,0.00099,-5.01622,-0.68036,0.80716,0.98573,689910645.0
0.08435,0.00099,-5.78795,-0.68036,0.80716,0.98573,50760434.9
0.08435,0.00099,-5.40209,-1.36071,0.80716,0.98573,222781923.0
0.08435,0.00099,-4.63036,-1.36071,0.80716,0.98573,670999904.0
0.08435,0.00099,-3.85863,-1.36071,0.80716,0.98573,507106724.0
0.08435,0.00099,-3.08691,-1.36071,0.80716,0.98573,511419721.0
0.08435,0.00099,-2.31518,-1.36071,0.80716,0.98573,544264679.0
0.08435,0.00099,-1.54345,-1.36071,0.80716,0.98573,533648146.0
0.08435,0.00099,-0.77173,-1.36071,0.80716,0.98573,574787312.0
0.08435,0.00099,0.0,-1.36071,0.80716,0.98573,544762336.0
0.08435,0.00099,0.77173,-1.36071,0.80716,0.98573,570474315.0
0.08435,0.00099,1.54345,-1.36071,0.80716,0.98573,542605838.0
0.08435,0.00099,2.31518,-1.36071,0.80716,0.98573,574621440.0
0.08435,0.00099,3.08691,-1.36071,0.80716,0.98573,535141073.0
0.08435,0.00099,3.85863,-1.36071,0.80716,0.98573,515732674.0
0.08435,0.00099,4.63036,-1.36071,0.80716,0.98573,711475541.0
0.08435,0.00099,5.40209,-1.36071,0.80716,0.98573,248162138.0
0.08435,0.00099,5.01622,-2.04107,0.80716,0.98573,33176757.5
0.08435,0.00099,4.2445,-2.04107,0.80716,0.98573,45949808.5
0.08435,0.00099,3.47277,-2.04107,0.80716,0.98573,58225205.5
0.08435,0.00099,2.70104,-2.04107,0.80716,0.98573,51258086.2
0.08435,0.00099,1.92932,-2.04107,0.80716,0.98573,55571066.6
0.08435,0.00099,1.15759,-2.04107,0.80716,0.98573,55405184.7
0.08435,0.00099,0.38586,-2.04107,0.80716,0.98573,55073415.3
0.08435,0.00099,-0.38586,-2.04107,0.80716,0.98573,52916927.8
0.08435,0.00099,-1.15759,-2.04107,0.80716,0.98573,57395790.2
0.08435,0.00099,-1.92932,-2.04107,0.80716,0.98573,52087507.0
0.08435,0.00099,-2.70104,-2.04107,0.80716,0.98573,51092204.3
0.08435,0.00099,-3.47277,-2.04107,0.80716,0.98573,52419276.4
0.08435,0.00099,-4.2445,-2.04107,0.80716,0.98573,42134479.5
