#1PLOTGEOM**USRBIN watertank 22                                                             
# Origin and axis parameters
#  X0PICT=   0.10000E-05  Y0PICT=  -0.30000E+01  Z0PICT=  -0.10000E+01
#  X1PICT=   0.10000E-05  Y1PICT=   0.30000E+01  Z1PICT=   0.20000E+02
#  TYX=   0.00000E+00 TYY=   0.00000E+00 TYZ=   0.10000E+01
#  TXX=   0.00000E+00 TXY=   0.10000E+01 TXZ=   0.00000E+00
#  XAXLEN=   0.60000E+01 YAXLEN=   0.21000E+02
-3.000003 -9.5000105 1e-06 -3.000002 0
2.999897 -9.5000105 1e-06 2.999898 0

-3.000003 10.499989 1e-06 -3.000002 20
2.999897 10.499989 1e-06 2.999898 20
2.999897 10.499989 1e-06 2.999898 20


-3.000003 -10.500011 1e-06 -3.000002 -1 3 29 0 0 0 0
0 -10.500011 1e-06 1e-06 -1 3 29 0 0 0 0

-3.000003 0 1e-06 -3.000002 9.5000105 3 29 0 0 0 0
0 0 1e-06 1e-06 9.5000105 3 29 0 0 0 0



-1.5 -5.25001 1e-06 -1.5 4.25001 TARGET1 WATER
