# Detector n: 1D Projection
 -1.0000000000E+00 -9.8000000000E-01  4.39431E-05  1.45454E-01
 -9.8000000000E-01 -9.6000000000E-01  4.38526E-05  1.55296E-01
 -9.6000000000E-01 -9.4000000000E-01  4.38527E-05  1.24069E-01
 -9.4000000000E-01 -9.2000000000E-01  4.39172E-05  1.05984E-01
 -9.2000000000E-01 -9.0000000000E-01  4.38724E-05  1.20304E-01
 -9.0000000000E-01 -8.8000000000E-01  4.38819E-05  1.14634E-01
 -8.8000000000E-01 -8.6000000000E-01  4.38432E-05  7.94433E-02
 -8.6000000000E-01 -8.4000000000E-01  4.40061E-05  1.47993E-01
 -8.4000000000E-01 -8.2000000000E-01  4.39570E-05  5.95012E-02
 -8.2000000000E-01 -8.0000000000E-01  4.39348E-05  9.63345E-02
 -8.0000000000E-01 -7.8000000000E-01  4.39333E-05  1.03343E-01
 -7.8000000000E-01 -7.6000000000E-01  4.39196E-05  1.16257E-01
 -7.6000000000E-01 -7.4000000000E-01  4.40535E-05  2.47856E-01
 -7.4000000000E-01 -7.2000000000E-01  4.40061E-05  1.01978E-01
 -7.2000000000E-01 -7.0000000000E-01  4.39315E-05  1.09535E-01
 -7.0000000000E-01 -6.8000000000E-01  4.39659E-05  1.19323E-01
 -6.8000000000E-01 -6.6000000000E-01  4.39369E-05  1.06651E-01
 -6.6000000000E-01 -6.4000000000E-01  4.40143E-05  2.01952E-01
 -6.4000000000E-01 -6.2000000000E-01  4.39349E-05  9.27958E-02
 -6.2000000000E-01 -6.0000000000E-01  4.40901E-05  1.49280E-01
 -6.0000000000E-01 -5.8000000000E-01  4.41575E-05  2.64794E-01
 -5.8000000000E-01 -5.6000000000E-01  4.43022E-05  4.94370E-01
 -5.6000000000E-01 -5.4000000000E-01  4.40384E-05  1.04261E-01
 -5.4000000000E-01 -5.2000000000E-01  4.40565E-05  1.32222E-01
 -5.2000000000E-01 -5.0000000000E-01  4.40680E-05  2.06315E-01
 -5.0000000000E-01 -4.8000000000E-01  4.41852E-05  4.57792E-01
 -4.8000000000E-01 -4.6000000000E-01  4.40366E-05  1.39661E-01
 -4.6000000000E-01 -4.4000000000E-01  4.40812E-05  1.88287E-01
 -4.4000000000E-01 -4.2000000000E-01  4.40081E-05  1.39093E-01
 -4.2000000000E-01 -4.0000000000E-01  4.40001E-05  1.56666E-01
 -4.0000000000E-01 -3.8000000000E-01  4.42065E-05  4.33701E-01
 -3.8000000000E-01 -3.6000000000E-01  4.40446E-05  1.50502E-01
 -3.6000000000E-01 -3.4000000000E-01  4.43127E-05  4.63143E-01
 -3.4000000000E-01 -3.2000000000E-01  4.39729E-05  2.99060E-01
 -3.2000000000E-01 -3.0000000000E-01  4.40926E-05  4.15392E-01
 -3.0000000000E-01 -2.8000000000E-01  4.40274E-05  2.69522E-01
 -2.8000000000E-01 -2.6000000000E-01  4.39777E-05  1.92315E-01
 -2.6000000000E-01 -2.4000000000E-01  4.39475E-05  1.72764E-01
 -2.4000000000E-01 -2.2000000000E-01  4.39502E-05  1.67381E-01
 -2.2000000000E-01 -2.0000000000E-01  4.39452E-05  1.63665E-01
 -2.0000000000E-01 -1.8000000000E-01  4.39239E-05  1.38356E-01
 -1.8000000000E-01 -1.6000000000E-01  4.39345E-05  1.45657E-01
 -1.6000000000E-01 -1.4000000000E-01  4.39775E-05  2.00322E-01
 -1.4000000000E-01 -1.2000000000E-01  4.41344E-05  1.89571E-01
 -1.2000000000E-01 -1.0000000000E-01  4.40038E-05  1.68803E-01
 -1.0000000000E-01 -8.0000000000E-02  4.40719E-05  1.82329E-01
 -8.0000000000E-02 -6.0000000000E-02  4.39696E-05  1.39005E-01
 -6.0000000000E-02 -4.0000000000E-02  4.39935E-05  2.01371E-01
 -4.0000000000E-02 -2.0000000000E-02  4.39654E-05  1.16272E-01
 -2.0000000000E-02 -1.7347234760E-17  4.39681E-05  1.58445E-01
  0.0000000000E+00  2.0000000000E-02  5.02139E-05  1.49060E-01
  2.0000000000E-02  4.0000000000E-02  5.02361E-05  8.08501E-02
  4.0000000000E-02  6.0000000000E-02  5.02659E-05  6.42471E-02
  6.0000000000E-02  8.0000000000E-02  5.04981E-05  1.25308E-01
  8.0000000000E-02  1.0000000000E-01  5.04860E-05  1.25314E-01
  1.0000000000E-01  1.2000000000E-01  5.04625E-05  1.09185E-01
  1.2000000000E-01  1.4000000000E-01  5.04681E-05  9.27219E-02
  1.4000000000E-01  1.6000000000E-01  5.05014E-05  9.97453E-02
  1.6000000000E-01  1.8000000000E-01  5.06827E-05  1.25367E-01
  1.8000000000E-01  2.0000000000E-01  5.09529E-05  7.29200E-02
  2.0000000000E-01  2.2000000000E-01  5.09910E-05  8.90936E-02
  2.2000000000E-01  2.4000000000E-01  5.09358E-05  7.60287E-02
  2.4000000000E-01  2.6000000000E-01  5.09277E-05  7.06823E-02
  2.6000000000E-01  2.8000000000E-01  5.10103E-05  1.26412E-01
  2.8000000000E-01  3.0000000000E-01  5.10121E-05  7.06503E-02
  3.0000000000E-01  3.2000000000E-01  5.09735E-05  1.19674E-01
  3.2000000000E-01  3.4000000000E-01  5.09804E-05  1.37669E-01
  3.4000000000E-01  3.6000000000E-01  5.09437E-05  1.32648E-01
  3.6000000000E-01  3.8000000000E-01  5.10339E-05  6.34961E-02
  3.8000000000E-01  4.0000000000E-01  5.13003E-05  1.24959E-01
  4.0000000000E-01  4.2000000000E-01  5.18038E-05  8.97672E-02
  4.2000000000E-01  4.4000000000E-01  5.18333E-05  1.54148E-01
  4.4000000000E-01  4.6000000000E-01  5.18324E-05  1.51330E-01
  4.6000000000E-01  4.8000000000E-01  5.17753E-05  5.75206E-02
  4.8000000000E-01  5.0000000000E-01  5.18076E-05  3.33640E-02
  5.0000000000E-01  5.2000000000E-01  5.18508E-05  8.92083E-02
  5.2000000000E-01  5.4000000000E-01  5.17580E-05  1.44640E-01
  5.4000000000E-01  5.6000000000E-01  5.17818E-05  1.15147E-01
  5.6000000000E-01  5.8000000000E-01  5.18128E-05  5.41999E-02
  5.8000000000E-01  6.0000000000E-01  5.17584E-05  6.12116E-02
  6.0000000000E-01  6.2000000000E-01  5.17909E-05  7.19986E-02
  6.2000000000E-01  6.4000000000E-01  5.17959E-05  1.23061E-01
  6.4000000000E-01  6.6000000000E-01  5.18178E-05  5.36413E-02
  6.6000000000E-01  6.8000000000E-01  5.18382E-05  6.78092E-02
  6.8000000000E-01  7.0000000000E-01  5.17324E-05  1.03157E-01
  7.0000000000E-01  7.2000000000E-01  5.17592E-05  1.13250E-01
  7.2000000000E-01  7.4000000000E-01  5.17956E-05  1.11414E-01
  7.4000000000E-01  7.6000000000E-01  5.17086E-05  7.63208E-02
  7.6000000000E-01  7.8000000000E-01  5.17380E-05  6.95642E-02
  7.8000000000E-01  8.0000000000E-01  5.18066E-05  1.15862E-01
  8.0000000000E-01  8.2000000000E-01  5.17613E-05  5.05890E-02
  8.2000000000E-01  8.4000000000E-01  5.25411E-05  9.48864E-02
  8.4000000000E-01  8.6000000000E-01  5.30178E-05  9.24908E-02
  8.6000000000E-01  8.8000000000E-01  5.29285E-05  1.02802E-01
  8.8000000000E-01  9.0000000000E-01  5.28963E-05  9.85961E-02
  9.0000000000E-01  9.2000000000E-01  5.29339E-05  1.38586E-01
  9.2000000000E-01  9.4000000000E-01  5.28481E-05  8.50412E-02
  9.4000000000E-01  9.6000000000E-01  5.29096E-05  6.10434E-02
  9.6000000000E-01  9.8000000000E-01  5.28925E-05  9.41534E-02
  9.8000000000E-01  1.0000000000E+00  5.28502E-05  1.01383E-01
  1.0000000000E+00  1.0200000000E+00  5.28535E-05  4.62286E-02
  1.0200000000E+00  1.0400000000E+00  5.28663E-05  4.96841E-02
  1.0400000000E+00  1.0600000000E+00  5.28786E-05  1.16615E-01
  1.0600000000E+00  1.0800000000E+00  5.27860E-05  3.00944E-02
  1.0800000000E+00  1.1000000000E+00  5.28747E-05  6.88153E-02
  1.1000000000E+00  1.1200000000E+00  5.28435E-05  8.47617E-02
  1.1200000000E+00  1.1400000000E+00  5.28923E-05  9.23424E-02
  1.1400000000E+00  1.1600000000E+00  5.27793E-05  7.58977E-02
  1.1600000000E+00  1.1800000000E+00  5.28007E-05  7.11118E-02
  1.1800000000E+00  1.2000000000E+00  5.28705E-05  1.18053E-01
  1.2000000000E+00  1.2200000000E+00  5.28501E-05  5.20107E-02
  1.2200000000E+00  1.2400000000E+00  5.29591E-05  5.10815E-02
  1.2400000000E+00  1.2600000000E+00  5.38796E-05  6.39953E-02
  1.2600000000E+00  1.2800000000E+00  5.40183E-05  4.95227E-02
  1.2800000000E+00  1.3000000000E+00  5.39560E-05  8.07134E-02
  1.3000000000E+00  1.3200000000E+00  5.39794E-05  1.04754E-01
  1.3200000000E+00  1.3400000000E+00  5.39780E-05  9.43163E-02
  1.3400000000E+00  1.3600000000E+00  5.39565E-05  9.39152E-02
  1.3600000000E+00  1.3800000000E+00  5.39305E-05  5.65581E-02
  1.3800000000E+00  1.4000000000E+00  5.39507E-05  1.11310E-01
  1.4000000000E+00  1.4200000000E+00  5.39334E-05  4.55417E-02
  1.4200000000E+00  1.4400000000E+00  5.39251E-05  7.63700E-02
  1.4400000000E+00  1.4600000000E+00  5.39416E-05  6.20600E-02
  1.4600000000E+00  1.4800000000E+00  5.39663E-05  8.67623E-02
  1.4800000000E+00  1.5000000000E+00  5.38785E-05  4.10795E-02
  1.5000000000E+00  1.5200000000E+00  5.39142E-05  8.01463E-02
  1.5200000000E+00  1.5400000000E+00  5.39496E-05  5.27252E-02
  1.5400000000E+00  1.5600000000E+00  5.38883E-05  6.09167E-02
  1.5600000000E+00  1.5800000000E+00  5.38980E-05  5.54129E-02
  1.5800000000E+00  1.6000000000E+00  5.39224E-05  6.15553E-02
  1.6000000000E+00  1.6200000000E+00  5.39290E-05  1.02000E-01
  1.6200000000E+00  1.6400000000E+00  5.44889E-05  9.64398E-02
  1.6400000000E+00  1.6600000000E+00  5.50330E-05  1.36601E-01
  1.6600000000E+00  1.6800000000E+00  5.50688E-05  8.81403E-02
  1.6800000000E+00  1.7000000000E+00  5.50695E-05  7.27927E-02
  1.7000000000E+00  1.7200000000E+00  5.50046E-05  8.25453E-02
  1.7200000000E+00  1.7400000000E+00  5.50525E-05  1.04474E-01
  1.7400000000E+00  1.7600000000E+00  5.50365E-05  1.09716E-01
  1.7600000000E+00  1.7800000000E+00  5.50071E-05  1.36625E-01
  1.7800000000E+00  1.8000000000E+00  5.50076E-05  5.10694E-02
  1.8000000000E+00  1.8200000000E+00  5.50180E-05  4.36293E-02
  1.8200000000E+00  1.8400000000E+00  5.49926E-05  8.72646E-02
  1.8400000000E+00  1.8600000000E+00  5.50368E-05  7.85916E-02
  1.8600000000E+00  1.8800000000E+00  5.49844E-05  8.22438E-02
  1.8800000000E+00  1.9000000000E+00  5.49458E-05  1.10414E-01
  1.9000000000E+00  1.9200000000E+00  5.49358E-05  5.33024E-02
  1.9200000000E+00  1.9400000000E+00  5.49765E-05  6.96929E-02
  1.9400000000E+00  1.9600000000E+00  5.49045E-05  2.56792E-02
  1.9600000000E+00  1.9800000000E+00  5.50146E-05  6.20196E-02
  1.9800000000E+00  2.0000000000E+00  5.53125E-05  5.26715E-02
  2.0000000000E+00  2.0200000000E+00  5.60303E-05  9.08292E-02
  2.0200000000E+00  2.0400000000E+00  5.62183E-05  4.53038E-02
  2.0400000000E+00  2.0600000000E+00  5.61600E-05  7.80242E-02
  2.0600000000E+00  2.0800000000E+00  5.61795E-05  9.21906E-02
  2.0800000000E+00  2.1000000000E+00  5.61789E-05  8.20999E-02
  2.1000000000E+00  2.1200000000E+00  5.61710E-05  4.57768E-02
  2.1200000000E+00  2.1400000000E+00  5.61181E-05  9.90928E-02
  2.1400000000E+00  2.1600000000E+00  5.60800E-05  5.81190E-02
  2.1600000000E+00  2.1800000000E+00  5.60381E-05  9.02641E-02
  2.1800000000E+00  2.2000000000E+00  5.60897E-05  1.21306E-01
  2.2000000000E+00  2.2200000000E+00  5.60887E-05  1.26825E-01
  2.2200000000E+00  2.2400000000E+00  5.60667E-05  8.43518E-02
  2.2400000000E+00  2.2600000000E+00  5.61018E-05  7.75089E-02
  2.2600000000E+00  2.2800000000E+00  5.60049E-05  1.06171E-01
  2.2800000000E+00  2.3000000000E+00  5.60017E-05  7.29067E-02
  2.3000000000E+00  2.3200000000E+00  5.60718E-05  6.78654E-02
  2.3200000000E+00  2.3400000000E+00  5.61339E-05  5.21921E-02
  2.3400000000E+00  2.3600000000E+00  5.67957E-05  9.35611E-02
  2.3600000000E+00  2.3800000000E+00  5.72960E-05  6.51454E-02
  2.3800000000E+00  2.4000000000E+00  5.72994E-05  7.25232E-02
  2.4000000000E+00  2.4200000000E+00  5.73108E-05  5.60535E-02
  2.4200000000E+00  2.4400000000E+00  5.72536E-05  1.19232E-01
  2.4400000000E+00  2.4600000000E+00  5.72666E-05  7.24823E-02
  2.4600000000E+00  2.4800000000E+00  5.72760E-05  5.51908E-02
  2.4800000000E+00  2.5000000000E+00  5.71601E-05  8.98123E-02
  2.5000000000E+00  2.5200000000E+00  5.71683E-05  9.77160E-02
  2.5200000000E+00  2.5400000000E+00  5.72426E-05  9.55646E-02
  2.5400000000E+00  2.5600000000E+00  5.72490E-05  7.73292E-02
  2.5600000000E+00  2.5800000000E+00  5.71617E-05  6.51596E-02
  2.5800000000E+00  2.6000000000E+00  5.71780E-05  1.12911E-01
  2.6000000000E+00  2.6200000000E+00  5.71553E-05  1.06150E-01
  2.6200000000E+00  2.6400000000E+00  5.72180E-05  1.56133E-01
  2.6400000000E+00  2.6600000000E+00  5.72925E-05  1.28309E-01
  2.6600000000E+00  2.6800000000E+00  5.75551E-05  1.17131E-01
  2.6800000000E+00  2.7000000000E+00  5.81767E-05  1.43220E-01
  2.7000000000E+00  2.7200000000E+00  5.84427E-05  1.26616E-01
  2.7200000000E+00  2.7400000000E+00  5.84863E-05  1.31625E-01
  2.7400000000E+00  2.7600000000E+00  5.84696E-05  1.21485E-01
  2.7600000000E+00  2.7800000000E+00  5.84278E-05  1.26872E-01
  2.7800000000E+00  2.8000000000E+00  5.84477E-05  9.10731E-02
  2.8000000000E+00  2.8200000000E+00  5.84137E-05  1.16518E-01
  2.8200000000E+00  2.8400000000E+00  5.84200E-05  9.63338E-02
  2.8400000000E+00  2.8600000000E+00  5.83275E-05  1.15431E-01
  2.8600000000E+00  2.8800000000E+00  5.83097E-05  6.67880E-02
  2.8800000000E+00  2.9000000000E+00  5.83570E-05  9.82169E-02
  2.9000000000E+00  2.9200000000E+00  5.83762E-05  6.17204E-02
  2.9200000000E+00  2.9400000000E+00  5.83525E-05  6.52626E-02
  2.9400000000E+00  2.9600000000E+00  5.83405E-05  1.19066E-01
  2.9600000000E+00  2.9800000000E+00  5.84295E-05  4.57869E-02
  2.9800000000E+00  3.0000000000E+00  5.89419E-05  5.92314E-02
  3.0000000000E+00  3.0200000000E+00  5.94565E-05  7.68307E-02
  3.0200000000E+00  3.0400000000E+00  5.95865E-05  9.27753E-02
  3.0400000000E+00  3.0600000000E+00  5.95926E-05  6.55629E-02
  3.0600000000E+00  3.0800000000E+00  5.95977E-05  7.65126E-02
  3.0800000000E+00  3.1000000000E+00  5.96142E-05  5.99611E-02
  3.1000000000E+00  3.1200000000E+00  5.96050E-05  5.02521E-02
  3.1200000000E+00  3.1400000000E+00  5.95394E-05  7.15646E-02
  3.1400000000E+00  3.1600000000E+00  5.96023E-05  1.22535E-01
  3.1600000000E+00  3.1800000000E+00  5.96090E-05  1.56046E-01
  3.1800000000E+00  3.2000000000E+00  5.95427E-05  1.23964E-01
  3.2000000000E+00  3.2200000000E+00  5.95575E-05  1.22235E-01
  3.2200000000E+00  3.2400000000E+00  5.95100E-05  1.07664E-01
  3.2400000000E+00  3.2600000000E+00  5.96435E-05  1.37375E-01
  3.2600000000E+00  3.2800000000E+00  5.97703E-05  1.06105E-01
  3.2800000000E+00  3.3000000000E+00  6.02197E-05  1.13666E-01
  3.3000000000E+00  3.3200000000E+00  6.06648E-05  1.05997E-01
  3.3200000000E+00  3.3400000000E+00  6.07777E-05  6.45558E-02
  3.3400000000E+00  3.3600000000E+00  6.07800E-05  7.36229E-02
  3.3600000000E+00  3.3800000000E+00  6.07664E-05  1.43422E-01
  3.3800000000E+00  3.4000000000E+00  6.07655E-05  8.77210E-02
  3.4000000000E+00  3.4200000000E+00  6.07552E-05  1.40037E-01
  3.4200000000E+00  3.4400000000E+00  6.07801E-05  1.49046E-01
  3.4400000000E+00  3.4600000000E+00  6.07861E-05  7.60069E-02
  3.4600000000E+00  3.4800000000E+00  6.07709E-05  1.51471E-01
  3.4800000000E+00  3.5000000000E+00  6.07107E-05  1.15679E-01
  3.5000000000E+00  3.5200000000E+00  6.06835E-05  9.88554E-02
  3.5200000000E+00  3.5400000000E+00  6.08204E-05  7.26092E-02
  3.5400000000E+00  3.5600000000E+00  6.10717E-05  2.27919E-02
  3.5600000000E+00  3.5800000000E+00  6.14715E-05  1.36595E-01
  3.5800000000E+00  3.6000000000E+00  6.18827E-05  1.33016E-01
  3.6000000000E+00  3.6200000000E+00  6.19899E-05  6.66470E-02
  3.6200000000E+00  3.6400000000E+00  6.20226E-05  6.39428E-02
  3.6400000000E+00  3.6600000000E+00  6.20114E-05  7.43411E-02
  3.6600000000E+00  3.6800000000E+00  6.19360E-05  1.14398E-01
  3.6800000000E+00  3.7000000000E+00  6.19159E-05  1.23373E-01
  3.7000000000E+00  3.7200000000E+00  6.20366E-05  8.87542E-02
  3.7200000000E+00  3.7400000000E+00  6.20140E-05  6.35545E-02
  3.7400000000E+00  3.7600000000E+00  6.20174E-05  1.54556E-01
  3.7600000000E+00  3.7800000000E+00  6.20214E-05  9.76833E-02
  3.7800000000E+00  3.8000000000E+00  6.20844E-05  9.00750E-02
  3.8000000000E+00  3.8200000000E+00  6.22587E-05  1.31372E-01
  3.8200000000E+00  3.8400000000E+00  6.26825E-05  7.75630E-02
  3.8400000000E+00  3.8600000000E+00  6.30144E-05  8.42287E-02
  3.8600000000E+00  3.8800000000E+00  6.32392E-05  9.91040E-02
  3.8800000000E+00  3.9000000000E+00  6.33131E-05  1.36967E-01
  3.9000000000E+00  3.9200000000E+00  6.32848E-05  8.60535E-02
  3.9200000000E+00  3.9400000000E+00  6.32582E-05  9.60248E-02
  3.9400000000E+00  3.9600000000E+00  6.32392E-05  8.06127E-02
  3.9600000000E+00  3.9800000000E+00  6.32904E-05  1.04692E-01
  3.9800000000E+00  4.0000000000E+00  6.32770E-05  7.86631E-02
  4.0000000000E+00  4.0200000000E+00  6.33113E-05  1.37668E-01
  4.0200000000E+00  4.0400000000E+00  6.33387E-05  1.09429E-01
  4.0400000000E+00  4.0600000000E+00  6.35611E-05  1.17742E-01
  4.0600000000E+00  4.0800000000E+00  6.38357E-05  5.11267E-02
  4.0800000000E+00  4.1000000000E+00  6.42235E-05  1.20388E-01
  4.1000000000E+00  4.1200000000E+00  6.45744E-05  1.02039E-01
  4.1200000000E+00  4.1400000000E+00  6.46493E-05  1.47371E-01
  4.1400000000E+00  4.1600000000E+00  6.46433E-05  8.74046E-02
  4.1600000000E+00  4.1800000000E+00  6.46405E-05  1.08197E-01
  4.1800000000E+00  4.2000000000E+00  6.46080E-05  1.10169E-01
  4.2000000000E+00  4.2200000000E+00  6.46137E-05  1.02466E-01
  4.2200000000E+00  4.2400000000E+00  6.46261E-05  1.24144E-01
  4.2400000000E+00  4.2600000000E+00  6.46378E-05  9.74281E-02
  4.2600000000E+00  4.2800000000E+00  6.47446E-05  1.57289E-01
  4.2800000000E+00  4.3000000000E+00  6.49075E-05  9.78549E-02
  4.3000000000E+00  4.3200000000E+00  6.53102E-05  8.06738E-02
  4.3200000000E+00  4.3400000000E+00  6.56220E-05  1.12453E-01
  4.3400000000E+00  4.3600000000E+00  6.58959E-05  7.21655E-02
  4.3600000000E+00  4.3800000000E+00  6.59757E-05  8.54938E-02
  4.3800000000E+00  4.4000000000E+00  6.59478E-05  7.22257E-02
  4.4000000000E+00  4.4200000000E+00  6.59889E-05  8.07865E-02
  4.4200000000E+00  4.4400000000E+00  6.60546E-05  1.12242E-01
  4.4400000000E+00  4.4600000000E+00  6.59717E-05  8.57178E-02
  4.4600000000E+00  4.4800000000E+00  6.60418E-05  1.16845E-01
  4.4800000000E+00  4.5000000000E+00  6.61274E-05  1.32656E-01
  4.5000000000E+00  4.5200000000E+00  6.63653E-05  1.03364E-01
  4.5200000000E+00  4.5400000000E+00  6.67214E-05  5.69289E-02
  4.5400000000E+00  4.5600000000E+00  6.70211E-05  9.92564E-02
  4.5600000000E+00  4.5800000000E+00  6.73144E-05  1.24705E-01
  4.5800000000E+00  4.6000000000E+00  6.74775E-05  1.18361E-01
  4.6000000000E+00  4.6200000000E+00  6.74900E-05  9.46943E-02
  4.6200000000E+00  4.6400000000E+00  6.75105E-05  1.17728E-01
  4.6400000000E+00  4.6600000000E+00  6.74635E-05  1.06339E-01
  4.6600000000E+00  4.6800000000E+00  6.74841E-05  5.35785E-02
  4.6800000000E+00  4.7000000000E+00  6.75786E-05  4.60197E-02
  4.7000000000E+00  4.7200000000E+00  6.77587E-05  6.71328E-02
  4.7200000000E+00  4.7400000000E+00  6.80331E-05  1.07232E-01
  4.7400000000E+00  4.7600000000E+00  6.84157E-05  8.76584E-02
  4.7600000000E+00  4.7800000000E+00  6.87496E-05  9.31433E-02
  4.7800000000E+00  4.8000000000E+00  6.89283E-05  7.04058E-02
  4.8000000000E+00  4.8200000000E+00  6.90174E-05  1.07704E-01
  4.8200000000E+00  4.8400000000E+00  6.90909E-05  9.55159E-02
  4.8400000000E+00  4.8600000000E+00  6.90266E-05  6.08414E-02
  4.8600000000E+00  4.8800000000E+00  6.90673E-05  3.19453E-02
  4.8800000000E+00  4.9000000000E+00  6.92174E-05  8.66739E-02
  4.9000000000E+00  4.9200000000E+00  6.94786E-05  2.03321E-02
  4.9200000000E+00  4.9400000000E+00  6.97552E-05  7.17876E-02
  4.9400000000E+00  4.9600000000E+00  7.00845E-05  4.83381E-02
  4.9600000000E+00  4.9800000000E+00  7.03520E-05  7.98526E-02
  4.9800000000E+00  5.0000000000E+00  7.04856E-05  7.49145E-02
  5.0000000000E+00  5.0200000000E+00  7.05395E-05  7.27465E-02
  5.0200000000E+00  5.0400000000E+00  7.06104E-05  4.93033E-02
  5.0400000000E+00  5.0600000000E+00  7.07311E-05  4.34779E-02
  5.0600000000E+00  5.0800000000E+00  7.08934E-05  5.34434E-02
  5.0800000000E+00  5.1000000000E+00  7.10680E-05  3.89649E-02
  5.1000000000E+00  5.1200000000E+00  7.12975E-05  5.10738E-02
  5.1200000000E+00  5.1400000000E+00  7.15877E-05  6.61592E-02
  5.1400000000E+00  5.1600000000E+00  7.19264E-05  1.07927E-01
  5.1600000000E+00  5.1800000000E+00  7.21466E-05  7.37449E-02
  5.1800000000E+00  5.2000000000E+00  7.22851E-05  5.40498E-02
  5.2000000000E+00  5.2200000000E+00  7.23612E-05  7.20787E-02
  5.2200000000E+00  5.2400000000E+00  7.24332E-05  8.09059E-02
  5.2400000000E+00  5.2600000000E+00  7.25495E-05  7.24135E-02
  5.2600000000E+00  5.2800000000E+00  7.28759E-05  6.31765E-02
  5.2800000000E+00  5.3000000000E+00  7.31024E-05  6.63370E-02
  5.3000000000E+00  5.3200000000E+00  7.34511E-05  1.25796E-01
  5.3200000000E+00  5.3400000000E+00  7.37412E-05  1.00576E-01
  5.3400000000E+00  5.3600000000E+00  7.39448E-05  9.43843E-02
  5.3600000000E+00  5.3800000000E+00  7.41219E-05  1.43393E-01
  5.3800000000E+00  5.4000000000E+00  7.42515E-05  8.84230E-02
  5.4000000000E+00  5.4200000000E+00  7.44182E-05  9.21773E-02
  5.4200000000E+00  5.4400000000E+00  7.46008E-05  9.42741E-02
  5.4400000000E+00  5.4600000000E+00  7.48816E-05  8.67589E-02
  5.4600000000E+00  5.4800000000E+00  7.52433E-05  8.52506E-02
  5.4800000000E+00  5.5000000000E+00  7.55563E-05  3.01287E-02
  5.5000000000E+00  5.5200000000E+00  7.58339E-05  3.59502E-02
  5.5200000000E+00  5.5400000000E+00  7.60107E-05  6.64622E-02
  5.5400000000E+00  5.5600000000E+00  7.61690E-05  5.23967E-02
  5.5600000000E+00  5.5800000000E+00  7.63526E-05  1.11896E-01
  5.5800000000E+00  5.6000000000E+00  7.66375E-05  8.79556E-02
  5.6000000000E+00  5.6200000000E+00  7.69858E-05  7.09724E-02
  5.6200000000E+00  5.6400000000E+00  7.72947E-05  6.78731E-02
  5.6400000000E+00  5.6600000000E+00  7.75827E-05  9.31677E-02
  5.6600000000E+00  5.6800000000E+00  7.78569E-05  4.27867E-02
  5.6800000000E+00  5.7000000000E+00  7.79917E-05  7.88768E-02
  5.7000000000E+00  5.7200000000E+00  7.83104E-05  8.25445E-02
  5.7200000000E+00  5.7400000000E+00  7.85648E-05  7.33093E-02
  5.7400000000E+00  5.7600000000E+00  7.88752E-05  9.82391E-02
  5.7600000000E+00  5.7800000000E+00  7.92596E-05  7.37288E-02
  5.7800000000E+00  5.8000000000E+00  7.95874E-05  8.29332E-02
  5.8000000000E+00  5.8200000000E+00  7.99097E-05  8.71902E-02
  5.8200000000E+00  5.8400000000E+00  8.01798E-05  1.09399E-01
  5.8400000000E+00  5.8600000000E+00  8.04625E-05  1.03862E-01
  5.8600000000E+00  5.8800000000E+00  8.07700E-05  8.85778E-02
  5.8800000000E+00  5.9000000000E+00  8.11302E-05  7.43732E-02
  5.9000000000E+00  5.9200000000E+00  8.14676E-05  1.09757E-01
  5.9200000000E+00  5.9400000000E+00  8.18362E-05  8.45814E-02
  5.9400000000E+00  5.9600000000E+00  8.21579E-05  7.66498E-02
  5.9600000000E+00  5.9800000000E+00  8.25327E-05  9.10525E-02
  5.9800000000E+00  6.0000000000E+00  8.28866E-05  9.00965E-02
  6.0000000000E+00  6.0200000000E+00  8.32090E-05  9.86020E-02
  6.0200000000E+00  6.0400000000E+00  8.36341E-05  7.84631E-02
  6.0400000000E+00  6.0600000000E+00  8.40186E-05  8.16540E-02
  6.0600000000E+00  6.0800000000E+00  8.43978E-05  7.13382E-02
  6.0800000000E+00  6.1000000000E+00  8.48060E-05  5.45137E-02
  6.1000000000E+00  6.1200000000E+00  8.51897E-05  5.50872E-02
  6.1200000000E+00  6.1400000000E+00  8.55158E-05  5.24494E-02
  6.1400000000E+00  6.1600000000E+00  8.60175E-05  7.57901E-02
  6.1600000000E+00  6.1800000000E+00  8.64387E-05  6.66922E-02
  6.1800000000E+00  6.2000000000E+00  8.69630E-05  7.38674E-02
  6.2000000000E+00  6.2200000000E+00  8.73889E-05  9.84168E-02
  6.2200000000E+00  6.2400000000E+00  8.77883E-05  1.04988E-01
  6.2400000000E+00  6.2600000000E+00  8.82891E-05  8.76396E-02
  6.2600000000E+00  6.2800000000E+00  8.87791E-05  6.39175E-02
  6.2800000000E+00  6.3000000000E+00  8.92785E-05  6.07298E-02
  6.3000000000E+00  6.3200000000E+00  8.97361E-05  1.09443E-01
  6.3200000000E+00  6.3400000000E+00  9.02999E-05  1.06243E-01
  6.3400000000E+00  6.3600000000E+00  9.07713E-05  8.96362E-02
  6.3600000000E+00  6.3800000000E+00  9.13075E-05  1.00246E-01
  6.3800000000E+00  6.4000000000E+00  9.18370E-05  5.80491E-02
  6.4000000000E+00  6.4200000000E+00  9.23843E-05  1.12076E-01
  6.4200000000E+00  6.4400000000E+00  9.29865E-05  9.67402E-02
  6.4400000000E+00  6.4600000000E+00  9.35539E-05  1.00403E-01
  6.4600000000E+00  6.4800000000E+00  9.41466E-05  9.32391E-02
  6.4800000000E+00  6.5000000000E+00  9.47987E-05  1.09371E-01
  6.5000000000E+00  6.5200000000E+00  9.54307E-05  9.40878E-02
  6.5200000000E+00  6.5400000000E+00  9.61690E-05  1.00590E-01
  6.5400000000E+00  6.5600000000E+00  9.67805E-05  8.70150E-02
  6.5600000000E+00  6.5800000000E+00  9.75406E-05  8.09282E-02
  6.5800000000E+00  6.6000000000E+00  9.81929E-05  9.35892E-02
  6.6000000000E+00  6.6200000000E+00  9.89584E-05  8.81024E-02
  6.6200000000E+00  6.6400000000E+00  9.97422E-05  8.45459E-02
  6.6400000000E+00  6.6600000000E+00  1.00471E-04  1.20430E-01
  6.6600000000E+00  6.6800000000E+00  1.01204E-04  9.93233E-02
  6.6800000000E+00  6.7000000000E+00  1.02075E-04  8.91898E-02
  6.7000000000E+00  6.7200000000E+00  1.02914E-04  1.05627E-01
  6.7200000000E+00  6.7400000000E+00  1.03812E-04  8.80207E-02
  6.7400000000E+00  6.7600000000E+00  1.04617E-04  1.07719E-01
  6.7600000000E+00  6.7800000000E+00  1.05609E-04  1.09772E-01
  6.7800000000E+00  6.8000000000E+00  1.06537E-04  8.22374E-02
  6.8000000000E+00  6.8200000000E+00  1.07466E-04  9.99096E-02
  6.8200000000E+00  6.8400000000E+00  1.08570E-04  7.73401E-02
  6.8400000000E+00  6.8600000000E+00  1.09621E-04  7.56872E-02
  6.8600000000E+00  6.8800000000E+00  1.10709E-04  8.94315E-02
  6.8800000000E+00  6.9000000000E+00  1.11822E-04  8.96043E-02
  6.9000000000E+00  6.9200000000E+00  1.13043E-04  8.05556E-02
  6.9200000000E+00  6.9400000000E+00  1.14270E-04  8.70441E-02
  6.9400000000E+00  6.9600000000E+00  1.15591E-04  8.66456E-02
  6.9600000000E+00  6.9800000000E+00  1.16989E-04  7.15044E-02
  6.9800000000E+00  7.0000000000E+00  1.18378E-04  8.22262E-02
  7.0000000000E+00  7.0200000000E+00  1.19826E-04  6.13687E-02
  7.0200000000E+00  7.0400000000E+00  1.21396E-04  6.41170E-02
  7.0400000000E+00  7.0600000000E+00  1.22991E-04  9.24951E-02
  7.0600000000E+00  7.0800000000E+00  1.24734E-04  8.11353E-02
  7.0800000000E+00  7.1000000000E+00  1.26486E-04  8.56474E-02
  7.1000000000E+00  7.1200000000E+00  1.28343E-04  5.06672E-02
  7.1200000000E+00  7.1400000000E+00  1.30347E-04  8.24159E-02
  7.1400000000E+00  7.1600000000E+00  1.32367E-04  6.19718E-02
  7.1600000000E+00  7.1800000000E+00  1.34597E-04  7.48295E-02
  7.1800000000E+00  7.2000000000E+00  1.36883E-04  9.58707E-02
  7.2000000000E+00  7.2200000000E+00  1.39306E-04  8.16728E-02
  7.2200000000E+00  7.2400000000E+00  1.41886E-04  9.12486E-02
  7.2400000000E+00  7.2600000000E+00  1.44693E-04  7.42502E-02
  7.2600000000E+00  7.2800000000E+00  1.47713E-04  6.70308E-02
  7.2800000000E+00  7.3000000000E+00  1.50877E-04  8.62015E-02
  7.3000000000E+00  7.3200000000E+00  1.54328E-04  1.03481E-01
  7.3200000000E+00  7.3400000000E+00  1.58123E-04  8.51793E-02
  7.3400000000E+00  7.3600000000E+00  1.62266E-04  9.13692E-02
  7.3600000000E+00  7.3800000000E+00  1.66840E-04  8.19469E-02
  7.3800000000E+00  7.4000000000E+00  1.71913E-04  9.31256E-02
  7.4000000000E+00  7.4200000000E+00  1.77517E-04  9.00889E-02
  7.4200000000E+00  7.4400000000E+00  1.83823E-04  8.05594E-02
  7.4400000000E+00  7.4600000000E+00  1.90872E-04  8.52387E-02
  7.4600000000E+00  7.4800000000E+00  1.98768E-04  7.23524E-02
  7.4800000000E+00  7.5000000000E+00  2.07479E-04  6.76640E-02
  7.5000000000E+00  7.5200000000E+00  2.16795E-04  8.90503E-02
  7.5200000000E+00  7.5400000000E+00  2.26157E-04  9.05439E-02
  7.5400000000E+00  7.5600000000E+00  2.35295E-04  9.34109E-02
  7.5600000000E+00  7.5800000000E+00  2.42894E-04  9.74517E-02
  7.5800000000E+00  7.6000000000E+00  2.47893E-04  7.34345E-02
  7.6000000000E+00  7.6200000000E+00  2.49054E-04  8.16206E-02
  7.6200000000E+00  7.6400000000E+00  2.45523E-04  9.48617E-02
  7.6400000000E+00  7.6600000000E+00  2.36414E-04  1.22823E-01
  7.6600000000E+00  7.6800000000E+00  2.21177E-04  9.28306E-02
  7.6800000000E+00  7.7000000000E+00  2.00467E-04  1.20033E-01
  7.7000000000E+00  7.7200000000E+00  1.75507E-04  1.00472E-01
  7.7200000000E+00  7.7400000000E+00  1.48148E-04  1.28217E-01
  7.7400000000E+00  7.7600000000E+00  1.19872E-04  1.41389E-01
  7.7600000000E+00  7.7800000000E+00  9.29286E-05  2.67269E-01
  7.7800000000E+00  7.8000000000E+00  6.88777E-05  1.56370E-01
  7.8000000000E+00  7.8200000000E+00  4.85939E-05  2.20932E-01
  7.8200000000E+00  7.8400000000E+00  3.28381E-05  2.70966E-01
  7.8400000000E+00  7.8600000000E+00  2.11065E-05  2.36908E-01
  7.8600000000E+00  7.8800000000E+00  1.27905E-05  3.51472E-01
  7.8800000000E+00  7.9000000000E+00  7.49587E-06  3.16548E-01
  7.9000000000E+00  7.9200000000E+00  4.13664E-06  6.67898E-01
  7.9200000000E+00  7.9400000000E+00  2.13649E-06  1.49117E+00
  7.9400000000E+00  7.9600000000E+00  1.08603E-06  4.25643E-01
  7.9600000000E+00  7.9800000000E+00  5.21112E-07  1.61127E+00
  7.9800000000E+00  8.0000000000E+00  2.62442E-07  2.50592E+00
  8.0000000000E+00  8.0200000000E+00  1.36917E-07  3.12429E+00
  8.0200000000E+00  8.0400000000E+00  8.20370E-08  4.04029E+00
  8.0400000000E+00  8.0600000000E+00  6.09530E-08  3.18978E+00
  8.0600000000E+00  8.0800000000E+00  5.22789E-08  2.63166E+00
  8.0800000000E+00  8.1000000000E+00  5.17539E-08  6.27915E+00
  8.1000000000E+00  8.1200000000E+00  5.19338E-08  5.29000E+00
  8.1200000000E+00  8.1400000000E+00  4.84089E-08  9.73718E+00
  8.1400000000E+00  8.1600000000E+00  4.48468E-08  7.47664E+00
  8.1600000000E+00  8.1800000000E+00  4.82076E-08  7.63646E+00
  8.1800000000E+00  8.2000000000E+00  4.81307E-08  6.74963E+00
  8.2000000000E+00  8.2200000000E+00  4.59822E-08  6.57020E+00
  8.2200000000E+00  8.2400000000E+00  4.77514E-08  5.13618E+00
  8.2400000000E+00  8.2600000000E+00  4.34734E-08  6.22775E+00
  8.2600000000E+00  8.2800000000E+00  4.80396E-08  6.94842E+00
  8.2800000000E+00  8.3000000000E+00  5.03875E-08  9.62414E+00
  8.3000000000E+00  8.3200000000E+00  4.66009E-08  4.55521E+00
  8.3200000000E+00  8.3400000000E+00  5.03797E-08  3.69858E+00
  8.3400000000E+00  8.3600000000E+00  5.13258E-08  5.45565E+00
  8.3600000000E+00  8.3800000000E+00  5.18933E-08  5.57262E+00
  8.3800000000E+00  8.4000000000E+00  4.50823E-08  4.91518E+00
  8.4000000000E+00  8.4200000000E+00  4.61739E-08  1.11367E+00
  8.4200000000E+00  8.4400000000E+00  5.00421E-08  6.26711E+00
  8.4400000000E+00  8.4600000000E+00  4.48518E-08  6.53007E+00
  8.4600000000E+00  8.4800000000E+00  4.46826E-08  1.01865E+01
  8.4800000000E+00  8.5000000000E+00  4.81656E-08  6.84530E+00
  8.5000000000E+00  8.5200000000E+00  5.10535E-08  1.04114E+01
  8.5200000000E+00  8.5400000000E+00  5.33473E-08  1.26347E+01
  8.5400000000E+00  8.5600000000E+00  4.61536E-08  6.87463E+00
  8.5600000000E+00  8.5800000000E+00  4.46962E-08  7.69981E+00
  8.5800000000E+00  8.6000000000E+00  4.59567E-08  5.42436E+00
  8.6000000000E+00  8.6200000000E+00  5.07022E-08  8.94916E+00
  8.6200000000E+00  8.6400000000E+00  4.31604E-08  8.30281E+00
  8.6400000000E+00  8.6600000000E+00  5.31456E-08  1.17025E+01
  8.6600000000E+00  8.6800000000E+00  4.61263E-08  1.17600E+01
  8.6800000000E+00  8.7000000000E+00  4.65795E-08  1.22858E+01
  8.7000000000E+00  8.7200000000E+00  4.29978E-08  1.02700E+01
  8.7200000000E+00  8.7400000000E+00  4.87117E-08  4.96972E+00
  8.7400000000E+00  8.7600000000E+00  4.60649E-08  5.17894E+00
  8.7600000000E+00  8.7800000000E+00  4.36575E-08  9.76492E+00
  8.7800000000E+00  8.8000000000E+00  4.67643E-08  5.13689E+00
  8.8000000000E+00  8.8200000000E+00  4.55464E-08  1.03697E+01
  8.8200000000E+00  8.8400000000E+00  4.88130E-08  6.50890E+00
  8.8400000000E+00  8.8600000000E+00  5.06860E-08  7.94964E+00
  8.8600000000E+00  8.8800000000E+00  4.39355E-08  6.96781E+00
  8.8800000000E+00  8.9000000000E+00  4.77714E-08  5.76215E+00
  8.9000000000E+00  8.9200000000E+00  4.36880E-08  1.14396E+01
  8.9200000000E+00  8.9400000000E+00  4.72003E-08  5.81328E+00
  8.9400000000E+00  8.9600000000E+00  4.15275E-08  5.52634E+00
  8.9600000000E+00  8.9800000000E+00  4.33222E-08  6.07133E+00
  8.9800000000E+00  9.0000000000E+00  4.22348E-08  8.58082E+00
  9.0000000000E+00  9.0200000000E+00  4.05563E-08  3.96611E+00
  9.0200000000E+00  9.0400000000E+00  4.36686E-08  4.16138E+00
  9.0400000000E+00  9.0600000000E+00  4.24474E-08  6.05080E+00
  9.0600000000E+00  9.0800000000E+00  4.38329E-08  7.16666E+00
  9.0800000000E+00  9.1000000000E+00  4.28782E-08  1.09416E+01
  9.1000000000E+00  9.1200000000E+00  4.38393E-08  5.86379E+00
  9.1200000000E+00  9.1400000000E+00  3.82240E-08  8.50906E+00
  9.1400000000E+00  9.1600000000E+00  4.36294E-08  4.89398E+00
  9.1600000000E+00  9.1800000000E+00  3.89579E-08  7.34308E+00
  9.1800000000E+00  9.2000000000E+00  3.99498E-08  8.77796E+00
  9.2000000000E+00  9.2200000000E+00  4.83411E-08  5.15108E+00
  9.2200000000E+00  9.2400000000E+00  4.09161E-08  7.24220E+00
  9.2400000000E+00  9.2600000000E+00  3.91487E-08  6.63972E+00
  9.2600000000E+00  9.2800000000E+00  3.63914E-08  4.68218E+00
  9.2800000000E+00  9.3000000000E+00  3.79944E-08  5.79996E+00
  9.3000000000E+00  9.3200000000E+00  4.08354E-08  7.22864E+00
  9.3200000000E+00  9.3400000000E+00  4.47774E-08  8.87754E+00
  9.3400000000E+00  9.3600000000E+00  3.71722E-08  7.35816E+00
  9.3600000000E+00  9.3800000000E+00  3.93932E-08  5.63672E+00
  9.3800000000E+00  9.4000000000E+00  4.10742E-08  5.72931E+00
  9.4000000000E+00  9.4200000000E+00  3.72545E-08  5.87959E+00
  9.4200000000E+00  9.4400000000E+00  3.96444E-08  5.40220E+00
  9.4400000000E+00  9.4600000000E+00  3.82657E-08  9.76474E+00
  9.4600000000E+00  9.4800000000E+00  3.75343E-08  5.09328E+00
  9.4800000000E+00  9.5000000000E+00  3.85130E-08  8.96491E+00
  9.5000000000E+00  9.5200000000E+00  4.24292E-08  1.16748E+01
  9.5200000000E+00  9.5400000000E+00  4.16620E-08  7.41781E+00
  9.5400000000E+00  9.5600000000E+00  3.72082E-08  5.23046E+00
  9.5600000000E+00  9.5800000000E+00  4.07504E-08  3.22120E+00
  9.5800000000E+00  9.6000000000E+00  3.91517E-08  8.52924E+00
  9.6000000000E+00  9.6200000000E+00  3.55709E-08  1.17180E+01
  9.6200000000E+00  9.6400000000E+00  3.64885E-08  8.88095E+00
  9.6400000000E+00  9.6600000000E+00  3.54679E-08  6.55365E+00
  9.6600000000E+00  9.6800000000E+00  4.16462E-08  1.06808E+01
  9.6800000000E+00  9.7000000000E+00  3.93103E-08  2.84408E+00
  9.7000000000E+00  9.7200000000E+00  3.89701E-08  9.75587E+00
  9.7200000000E+00  9.7400000000E+00  4.48083E-08  1.15565E+01
  9.7400000000E+00  9.7600000000E+00  3.94964E-08  1.25485E+01
  9.7600000000E+00  9.7800000000E+00  3.81571E-08  8.85633E+00
  9.7800000000E+00  9.8000000000E+00  3.59079E-08  3.51081E+00
  9.8000000000E+00  9.8200000000E+00  3.22332E-08  6.69217E+00
  9.8200000000E+00  9.8400000000E+00  3.36173E-08  5.62173E+00
  9.8400000000E+00  9.8600000000E+00  3.42266E-08  5.51126E+00
  9.8600000000E+00  9.8800000000E+00  3.38759E-08  6.46851E+00
  9.8800000000E+00  9.9000000000E+00  3.36270E-08  6.34247E+00
  9.9000000000E+00  9.9200000000E+00  3.67412E-08  9.74702E+00
  9.9200000000E+00  9.9400000000E+00  3.27374E-08  5.83277E+00
  9.9400000000E+00  9.9600000000E+00  3.35159E-08  8.88977E+00
  9.9600000000E+00  9.9800000000E+00  3.12919E-08  8.00553E+00
  9.9800000000E+00  1.0000000000E+01  2.97103E-08  3.72243E+00
  1.0000000000E+01  1.0020000000E+01  3.56249E-08  6.13095E+00
  1.0020000000E+01  1.0040000000E+01  3.43905E-08  8.70495E+00
  1.0040000000E+01  1.0060000000E+01  3.28716E-08  1.48771E+01
  1.0060000000E+01  1.0080000000E+01  3.47419E-08  8.38542E+00
  1.0080000000E+01  1.0100000000E+01  3.21309E-08  6.63393E+00
  1.0100000000E+01  1.0120000000E+01  3.02629E-08  8.25963E+00
  1.0120000000E+01  1.0140000000E+01  3.60230E-08  1.05382E+01
  1.0140000000E+01  1.0160000000E+01  3.62067E-08  4.74396E+00
  1.0160000000E+01  1.0180000000E+01  3.19594E-08  5.69822E+00
  1.0180000000E+01  1.0200000000E+01  3.09798E-08  6.19870E+00
  1.0200000000E+01  1.0220000000E+01  3.22738E-08  8.72951E+00
  1.0220000000E+01  1.0240000000E+01  3.47826E-08  9.84504E+00
  1.0240000000E+01  1.0260000000E+01  3.36664E-08  1.23083E+01
  1.0260000000E+01  1.0280000000E+01  3.36473E-08  9.97376E+00
  1.0280000000E+01  1.0300000000E+01  3.39573E-08  8.13117E+00
  1.0300000000E+01  1.0320000000E+01  2.84207E-08  3.79947E+00
  1.0320000000E+01  1.0340000000E+01  3.08064E-08  5.69127E+00
  1.0340000000E+01  1.0360000000E+01  3.18914E-08  6.75635E+00
  1.0360000000E+01  1.0380000000E+01  3.43976E-08  5.35923E+00
  1.0380000000E+01  1.0400000000E+01  3.49682E-08  1.26747E+01
  1.0400000000E+01  1.0420000000E+01  3.24464E-08  3.56835E+00
  1.0420000000E+01  1.0440000000E+01  2.92694E-08  7.68263E+00
  1.0440000000E+01  1.0460000000E+01  3.03475E-08  9.66782E+00
  1.0460000000E+01  1.0480000000E+01  3.00992E-08  5.81958E+00
  1.0480000000E+01  1.0500000000E+01  3.02703E-08  5.78682E+00
  1.0500000000E+01  1.0520000000E+01  3.38527E-08  8.72311E+00
  1.0520000000E+01  1.0540000000E+01  3.08025E-08  1.00594E+01
  1.0540000000E+01  1.0560000000E+01  3.05150E-08  1.33725E+01
  1.0560000000E+01  1.0580000000E+01  3.13441E-08  7.65384E+00
  1.0580000000E+01  1.0600000000E+01  3.13207E-08  8.82039E+00
  1.0600000000E+01  1.0620000000E+01  3.26869E-08  5.17801E+00
  1.0620000000E+01  1.0640000000E+01  3.10481E-08  6.97927E+00
  1.0640000000E+01  1.0660000000E+01  2.73740E-08  1.07456E+01
  1.0660000000E+01  1.0680000000E+01  2.62113E-08  2.42051E+00
  1.0680000000E+01  1.0700000000E+01  2.53621E-08  4.91485E+00
  1.0700000000E+01  1.0720000000E+01  2.61270E-08  1.23939E+01
  1.0720000000E+01  1.0740000000E+01  2.43613E-08  8.53273E+00
  1.0740000000E+01  1.0760000000E+01  2.84362E-08  3.82703E+00
  1.0760000000E+01  1.0780000000E+01  2.92668E-08  9.63103E+00
  1.0780000000E+01  1.0800000000E+01  2.82123E-08  1.04097E+01
  1.0800000000E+01  1.0820000000E+01  3.20691E-08  6.40932E+00
  1.0820000000E+01  1.0840000000E+01  2.96721E-08  1.08591E+01
  1.0840000000E+01  1.0860000000E+01  2.81351E-08  8.96271E+00
  1.0860000000E+01  1.0880000000E+01  2.41339E-08  8.05642E-01
  1.0880000000E+01  1.0900000000E+01  2.85179E-08  7.52482E+00
  1.0900000000E+01  1.0920000000E+01  3.11968E-08  6.80777E+00
  1.0920000000E+01  1.0940000000E+01  3.03677E-08  3.13510E+00
  1.0940000000E+01  1.0960000000E+01  3.10507E-08  1.43435E+01
  1.0960000000E+01  1.0980000000E+01  3.22970E-08  1.37561E+01
  1.0980000000E+01  1.1000000000E+01  2.88997E-08  1.37912E+01
  1.1000000000E+01  1.1020000000E+01  2.59356E-08  1.02380E+01
  1.1020000000E+01  1.1040000000E+01  3.00527E-08  7.42538E+00
  1.1040000000E+01  1.1060000000E+01  2.92662E-08  9.65771E+00
  1.1060000000E+01  1.1080000000E+01  2.85385E-08  6.66602E+00
  1.1080000000E+01  1.1100000000E+01  2.46509E-08  9.86272E+00
  1.1100000000E+01  1.1120000000E+01  2.67929E-08  1.15297E+01
  1.1120000000E+01  1.1140000000E+01  2.68860E-08  8.16556E+00
  1.1140000000E+01  1.1160000000E+01  2.95840E-08  7.97040E+00
  1.1160000000E+01  1.1180000000E+01  3.05396E-08  6.13491E+00
  1.1180000000E+01  1.1200000000E+01  3.16277E-08  3.87019E+00
  1.1200000000E+01  1.1220000000E+01  2.88313E-08  6.60734E+00
  1.1220000000E+01  1.1240000000E+01  2.89468E-08  6.03142E+00
  1.1240000000E+01  1.1260000000E+01  3.23460E-08  1.57644E+01
  1.1260000000E+01  1.1280000000E+01  2.89207E-08  8.23247E+00
  1.1280000000E+01  1.1300000000E+01  2.90401E-08  1.52323E+01
  1.1300000000E+01  1.1320000000E+01  2.96612E-08  4.33156E+00
  1.1320000000E+01  1.1340000000E+01  3.09172E-08  9.04014E+00
  1.1340000000E+01  1.1360000000E+01  2.79839E-08  1.26479E+01
  1.1360000000E+01  1.1380000000E+01  3.02662E-08  9.70592E+00
  1.1380000000E+01  1.1400000000E+01  2.64518E-08  1.09398E+01
  1.1400000000E+01  1.1420000000E+01  3.02052E-08  6.20540E+00
  1.1420000000E+01  1.1440000000E+01  3.41939E-08  8.26385E+00
  1.1440000000E+01  1.1460000000E+01  3.27513E-08  4.52679E+00
  1.1460000000E+01  1.1480000000E+01  3.09207E-08  1.00273E+01
  1.1480000000E+01  1.1500000000E+01  2.78718E-08  8.32381E+00
  1.1500000000E+01  1.1520000000E+01  3.18352E-08  8.48001E+00
  1.1520000000E+01  1.1540000000E+01  2.82581E-08  4.85823E+00
  1.1540000000E+01  1.1560000000E+01  2.62196E-08  6.65312E+00
  1.1560000000E+01  1.1580000000E+01  2.67282E-08  5.09030E+00
  1.1580000000E+01  1.1600000000E+01  2.97933E-08  1.23460E+01
  1.1600000000E+01  1.1620000000E+01  2.93706E-08  8.02910E+00
  1.1620000000E+01  1.1640000000E+01  2.56260E-08  1.06343E+01
  1.1640000000E+01  1.1660000000E+01  2.65965E-08  6.60073E+00
  1.1660000000E+01  1.1680000000E+01  2.37049E-08  1.00858E+01
  1.1680000000E+01  1.1700000000E+01  2.79555E-08  1.20911E+01
  1.1700000000E+01  1.1720000000E+01  2.52611E-08  1.07389E+01
  1.1720000000E+01  1.1740000000E+01  2.63772E-08  1.12358E+01
  1.1740000000E+01  1.1760000000E+01  2.41344E-08  6.60133E+00
  1.1760000000E+01  1.1780000000E+01  2.30063E-08  6.05230E+00
  1.1780000000E+01  1.1800000000E+01  2.30555E-08  4.54158E+00
  1.1800000000E+01  1.1820000000E+01  2.36514E-08  6.72251E+00
  1.1820000000E+01  1.1840000000E+01  2.93194E-08  6.93452E+00
  1.1840000000E+01  1.1860000000E+01  2.92684E-08  1.03869E+01
  1.1860000000E+01  1.1880000000E+01  3.00032E-08  1.09586E+01
  1.1880000000E+01  1.1900000000E+01  2.93143E-08  1.07199E+01
  1.1900000000E+01  1.1920000000E+01  2.83299E-08  2.10359E+01
  1.1920000000E+01  1.1940000000E+01  2.38113E-08  7.37604E+00
  1.1940000000E+01  1.1960000000E+01  2.14732E-08  1.13160E+01
  1.1960000000E+01  1.1980000000E+01  2.49430E-08  6.31814E+00
  1.1980000000E+01  1.2000000000E+01  2.52349E-08  1.12356E+01
  1.2000000000E+01  1.2020000000E+01  2.47808E-08  6.40807E+00
  1.2020000000E+01  1.2040000000E+01  2.34561E-08  9.04840E+00
  1.2040000000E+01  1.2060000000E+01  2.19383E-08  9.32120E+00
  1.2060000000E+01  1.2080000000E+01  2.19187E-08  1.00674E+01
  1.2080000000E+01  1.2100000000E+01  2.45256E-08  7.22501E+00
  1.2100000000E+01  1.2120000000E+01  2.41790E-08  7.69935E+00
  1.2120000000E+01  1.2140000000E+01  1.96832E-08  7.13711E+00
  1.2140000000E+01  1.2160000000E+01  1.96230E-08  5.46695E+00
  1.2160000000E+01  1.2180000000E+01  2.30559E-08  5.11239E+00
  1.2180000000E+01  1.2200000000E+01  2.69989E-08  7.94957E+00
  1.2200000000E+01  1.2220000000E+01  2.79548E-08  5.59093E+00
  1.2220000000E+01  1.2240000000E+01  2.32799E-08  8.38564E+00
  1.2240000000E+01  1.2260000000E+01  2.39976E-08  1.94207E+01
  1.2260000000E+01  1.2280000000E+01  2.14947E-08  5.72288E+00
  1.2280000000E+01  1.2300000000E+01  1.96659E-08  4.73661E+00
  1.2300000000E+01  1.2320000000E+01  2.36408E-08  9.81431E+00
  1.2320000000E+01  1.2340000000E+01  2.40836E-08  7.71571E+00
  1.2340000000E+01  1.2360000000E+01  2.34597E-08  1.53071E+01
  1.2360000000E+01  1.2380000000E+01  2.47255E-08  7.42786E+00
  1.2380000000E+01  1.2400000000E+01  2.35569E-08  7.30874E+00
  1.2400000000E+01  1.2420000000E+01  2.28149E-08  7.20325E+00
  1.2420000000E+01  1.2440000000E+01  2.16839E-08  1.12161E+01
  1.2440000000E+01  1.2460000000E+01  2.17986E-08  1.20894E+01
  1.2460000000E+01  1.2480000000E+01  2.22330E-08  1.17872E+01
  1.2480000000E+01  1.2500000000E+01  2.09708E-08  5.28918E+00
  1.2500000000E+01  1.2520000000E+01  2.12476E-08  1.21150E+01
  1.2520000000E+01  1.2540000000E+01  2.33854E-08  8.06699E+00
  1.2540000000E+01  1.2560000000E+01  2.21910E-08  1.67046E+01
  1.2560000000E+01  1.2580000000E+01  2.23437E-08  7.08813E+00
  1.2580000000E+01  1.2600000000E+01  1.89240E-08  7.57597E+00
  1.2600000000E+01  1.2620000000E+01  2.20319E-08  6.22411E+00
  1.2620000000E+01  1.2640000000E+01  1.82176E-08  9.53776E+00
  1.2640000000E+01  1.2660000000E+01  2.31439E-08  5.30432E+00
  1.2660000000E+01  1.2680000000E+01  2.15333E-08  8.27692E+00
  1.2680000000E+01  1.2700000000E+01  2.15815E-08  1.06087E+01
  1.2700000000E+01  1.2720000000E+01  2.07231E-08  6.61960E+00
  1.2720000000E+01  1.2740000000E+01  2.12992E-08  9.19839E+00
  1.2740000000E+01  1.2760000000E+01  1.93644E-08  7.50579E+00
  1.2760000000E+01  1.2780000000E+01  2.06206E-08  8.78718E+00
  1.2780000000E+01  1.2800000000E+01  2.15509E-08  1.13505E+01
  1.2800000000E+01  1.2820000000E+01  2.33181E-08  1.21848E+01
  1.2820000000E+01  1.2840000000E+01  2.30779E-08  5.54385E+00
  1.2840000000E+01  1.2860000000E+01  2.03459E-08  8.14832E+00
  1.2860000000E+01  1.2880000000E+01  2.40656E-08  8.85725E+00
  1.2880000000E+01  1.2900000000E+01  2.10747E-08  7.45266E+00
  1.2900000000E+01  1.2920000000E+01  2.10418E-08  2.91348E+00
  1.2920000000E+01  1.2940000000E+01  2.36515E-08  7.95370E+00
  1.2940000000E+01  1.2960000000E+01  2.05241E-08  7.56598E+00
  1.2960000000E+01  1.2980000000E+01  2.04605E-08  1.27897E+01
  1.2980000000E+01  1.3000000000E+01  1.95917E-08  1.35008E+01
  1.3000000000E+01  1.3020000000E+01  1.99586E-08  1.85980E+01
  1.3020000000E+01  1.3040000000E+01  1.90314E-08  1.54538E+01
  1.3040000000E+01  1.3060000000E+01  1.95139E-08  1.03175E+01
  1.3060000000E+01  1.3080000000E+01  2.06795E-08  2.48685E+01
  1.3080000000E+01  1.3100000000E+01  1.46316E-08  1.05616E+01
  1.3100000000E+01  1.3120000000E+01  2.06967E-08  1.83869E+01
  1.3120000000E+01  1.3140000000E+01  1.89525E-08  1.72280E+01
  1.3140000000E+01  1.3160000000E+01  1.59322E-08  4.81404E+00
  1.3160000000E+01  1.3180000000E+01  2.16672E-08  9.71071E+00
  1.3180000000E+01  1.3200000000E+01  2.18002E-08  1.16456E+01
  1.3200000000E+01  1.3220000000E+01  2.18687E-08  1.01891E+01
  1.3220000000E+01  1.3240000000E+01  1.99083E-08  5.49068E+00
  1.3240000000E+01  1.3260000000E+01  2.06276E-08  1.33615E+01
  1.3260000000E+01  1.3280000000E+01  2.03931E-08  6.51960E+00
  1.3280000000E+01  1.3300000000E+01  2.11288E-08  7.75380E+00
  1.3300000000E+01  1.3320000000E+01  2.04134E-08  9.25045E+00
  1.3320000000E+01  1.3340000000E+01  1.79036E-08  1.07066E+01
  1.3340000000E+01  1.3360000000E+01  1.88862E-08  1.41407E+01
  1.3360000000E+01  1.3380000000E+01  2.48385E-08  7.08700E+00
  1.3380000000E+01  1.3400000000E+01  2.32623E-08  7.11508E+00
  1.3400000000E+01  1.3420000000E+01  1.95821E-08  6.11369E+00
  1.3420000000E+01  1.3440000000E+01  2.12231E-08  1.22865E+01
  1.3440000000E+01  1.3460000000E+01  2.22112E-08  1.25222E+01
  1.3460000000E+01  1.3480000000E+01  2.15933E-08  8.40367E+00
  1.3480000000E+01  1.3500000000E+01  2.17007E-08  1.19132E+01
  1.3500000000E+01  1.3520000000E+01  1.78927E-08  6.61650E+00
  1.3520000000E+01  1.3540000000E+01  2.12232E-08  1.22773E+01
  1.3540000000E+01  1.3560000000E+01  1.91344E-08  8.37282E+00
  1.3560000000E+01  1.3580000000E+01  1.82819E-08  1.13931E+01
  1.3580000000E+01  1.3600000000E+01  2.36467E-08  1.03017E+01
  1.3600000000E+01  1.3620000000E+01  1.98867E-08  1.68683E+01
  1.3620000000E+01  1.3640000000E+01  1.87438E-08  1.02058E+01
  1.3640000000E+01  1.3660000000E+01  2.03947E-08  5.18428E+00
  1.3660000000E+01  1.3680000000E+01  1.66839E-08  1.10815E+01
  1.3680000000E+01  1.3700000000E+01  2.03882E-08  1.53116E+01
  1.3700000000E+01  1.3720000000E+01  1.89864E-08  9.37509E+00
  1.3720000000E+01  1.3740000000E+01  1.82781E-08  6.98901E+00
  1.3740000000E+01  1.3760000000E+01  1.64959E-08  7.08488E+00
  1.3760000000E+01  1.3780000000E+01  1.86428E-08  9.82770E+00
  1.3780000000E+01  1.3800000000E+01  1.67864E-08  1.29696E+01
  1.3800000000E+01  1.3820000000E+01  1.61657E-08  1.12313E+01
  1.3820000000E+01  1.3840000000E+01  2.03314E-08  2.19599E+01
  1.3840000000E+01  1.3860000000E+01  1.70278E-08  1.18459E+01
  1.3860000000E+01  1.3880000000E+01  1.65496E-08  9.50596E+00
  1.3880000000E+01  1.3900000000E+01  1.83443E-08  1.09676E+01
  1.3900000000E+01  1.3920000000E+01  1.46636E-08  1.49912E+01
  1.3920000000E+01  1.3940000000E+01  1.27300E-08  7.69671E+00
  1.3940000000E+01  1.3960000000E+01  1.64764E-08  5.44401E+00
  1.3960000000E+01  1.3980000000E+01  1.61178E-08  3.93483E+00
  1.3980000000E+01  1.4000000000E+01  1.81627E-08  1.39343E+01
  1.4000000000E+01  1.4020000000E+01  1.55825E-08  8.11993E+00
  1.4020000000E+01  1.4040000000E+01  1.61901E-08  5.87095E+00
  1.4040000000E+01  1.4060000000E+01  1.72705E-08  1.13154E+01
  1.4060000000E+01  1.4080000000E+01  1.41058E-08  5.34733E+00
  1.4080000000E+01  1.4100000000E+01  1.91609E-08  2.42293E+01
  1.4100000000E+01  1.4120000000E+01  1.69840E-08  1.36600E+01
  1.4120000000E+01  1.4140000000E+01  1.96616E-08  5.51368E+00
  1.4140000000E+01  1.4160000000E+01  1.90748E-08  1.59645E+01
  1.4160000000E+01  1.4180000000E+01  2.00596E-08  1.84323E+01
  1.4180000000E+01  1.4200000000E+01  1.74017E-08  6.21552E+00
  1.4200000000E+01  1.4220000000E+01  1.53176E-08  9.83475E+00
  1.4220000000E+01  1.4240000000E+01  1.80998E-08  7.49764E+00
  1.4240000000E+01  1.4260000000E+01  1.52609E-08  9.03751E+00
  1.4260000000E+01  1.4280000000E+01  1.97575E-08  1.36697E+01
  1.4280000000E+01  1.4300000000E+01  1.62139E-08  1.06617E+01
  1.4300000000E+01  1.4320000000E+01  1.68938E-08  5.47826E+00
  1.4320000000E+01  1.4340000000E+01  1.72553E-08  8.81152E+00
  1.4340000000E+01  1.4360000000E+01  1.51094E-08  1.57638E+01
  1.4360000000E+01  1.4380000000E+01  1.73057E-08  1.52630E+01
  1.4380000000E+01  1.4400000000E+01  1.57930E-08  1.32092E+01
  1.4400000000E+01  1.4420000000E+01  1.87694E-08  9.65913E+00
  1.4420000000E+01  1.4440000000E+01  1.55890E-08  1.09434E+01
  1.4440000000E+01  1.4460000000E+01  1.53737E-08  1.77817E+01
  1.4460000000E+01  1.4480000000E+01  1.34881E-08  4.37383E+00
  1.4480000000E+01  1.4500000000E+01  1.99801E-08  1.62231E+01
  1.4500000000E+01  1.4520000000E+01  1.88471E-08  1.23187E+01
  1.4520000000E+01  1.4540000000E+01  1.67618E-08  1.06816E+01
  1.4540000000E+01  1.4560000000E+01  1.88966E-08  1.32696E+01
  1.4560000000E+01  1.4580000000E+01  1.62293E-08  8.42792E+00
  1.4580000000E+01  1.4600000000E+01  1.83788E-08  1.01057E+01
  1.4600000000E+01  1.4620000000E+01  1.46161E-08  5.69571E+00
  1.4620000000E+01  1.4640000000E+01  1.29700E-08  7.71180E+00
  1.4640000000E+01  1.4660000000E+01  1.31540E-08  1.17134E+01
  1.4660000000E+01  1.4680000000E+01  1.34261E-08  1.42133E+01
  1.4680000000E+01  1.4700000000E+01  1.39073E-08  4.52639E+00
  1.4700000000E+01  1.4720000000E+01  1.77676E-08  1.05598E+01
  1.4720000000E+01  1.4740000000E+01  1.65888E-08  1.23783E+01
  1.4740000000E+01  1.4760000000E+01  1.46665E-08  1.23517E+01
  1.4760000000E+01  1.4780000000E+01  1.40710E-08  9.27269E+00
  1.4780000000E+01  1.4800000000E+01  1.42593E-08  3.39758E+00
  1.4800000000E+01  1.4820000000E+01  1.53555E-08  6.36986E+00
  1.4820000000E+01  1.4840000000E+01  1.57494E-08  6.02614E+00
  1.4840000000E+01  1.4860000000E+01  1.37666E-08  1.63433E+01
  1.4860000000E+01  1.4880000000E+01  1.63429E-08  1.61169E+01
  1.4880000000E+01  1.4900000000E+01  1.53104E-08  1.03198E+01
  1.4900000000E+01  1.4920000000E+01  1.48547E-08  7.21495E+00
  1.4920000000E+01  1.4940000000E+01  1.48633E-08  1.20034E+01
  1.4940000000E+01  1.4960000000E+01  1.56890E-08  1.04029E+01
  1.4960000000E+01  1.4980000000E+01  1.93438E-08  2.14726E+01
  1.4980000000E+01  1.5000000000E+01  1.72062E-08  1.07305E+01
  1.5000000000E+01  1.5020000000E+01  1.59771E-08  6.27763E+00
  1.5020000000E+01  1.5040000000E+01  1.66624E-08  4.35488E+00
  1.5040000000E+01  1.5060000000E+01  1.52636E-08  1.21579E+01
  1.5060000000E+01  1.5080000000E+01  1.63262E-08  1.28260E+01
  1.5080000000E+01  1.5100000000E+01  1.61670E-08  1.40653E+01
  1.5100000000E+01  1.5120000000E+01  1.83911E-08  1.26628E+01
  1.5120000000E+01  1.5140000000E+01  1.78468E-08  1.28695E+01
  1.5140000000E+01  1.5160000000E+01  1.62998E-08  6.48817E+00
  1.5160000000E+01  1.5180000000E+01  1.36038E-08  8.18670E+00
  1.5180000000E+01  1.5200000000E+01  1.17732E-08  7.45839E+00
  1.5200000000E+01  1.5220000000E+01  1.38889E-08  8.23115E+00
  1.5220000000E+01  1.5240000000E+01  1.46620E-08  1.21600E+01
  1.5240000000E+01  1.5260000000E+01  1.90184E-08  7.74262E+00
  1.5260000000E+01  1.5280000000E+01  1.65633E-08  1.97562E+01
  1.5280000000E+01  1.5300000000E+01  1.81047E-08  1.54599E+01
  1.5300000000E+01  1.5320000000E+01  1.49834E-08  6.43865E+00
  1.5320000000E+01  1.5340000000E+01  1.87913E-08  8.40109E+00
  1.5340000000E+01  1.5360000000E+01  1.66224E-08  8.33223E+00
  1.5360000000E+01  1.5380000000E+01  1.46721E-08  9.79365E+00
  1.5380000000E+01  1.5400000000E+01  1.80590E-08  6.41613E+00
  1.5400000000E+01  1.5420000000E+01  1.80151E-08  1.58961E+01
  1.5420000000E+01  1.5440000000E+01  1.31900E-08  7.52169E+00
  1.5440000000E+01  1.5460000000E+01  1.50258E-08  2.12462E+01
  1.5460000000E+01  1.5480000000E+01  1.40279E-08  7.05498E+00
  1.5480000000E+01  1.5500000000E+01  1.32453E-08  1.27973E+01
  1.5500000000E+01  1.5520000000E+01  1.37538E-08  1.30879E+01
  1.5520000000E+01  1.5540000000E+01  1.48432E-08  1.90877E+01
  1.5540000000E+01  1.5560000000E+01  1.61002E-08  8.08926E+00
  1.5560000000E+01  1.5580000000E+01  1.44036E-08  1.75148E+01
  1.5580000000E+01  1.5600000000E+01  1.62336E-08  1.52112E+01
  1.5600000000E+01  1.5620000000E+01  1.57387E-08  4.80729E+00
  1.5620000000E+01  1.5640000000E+01  1.40705E-08  6.77263E+00
  1.5640000000E+01  1.5660000000E+01  1.32347E-08  8.79828E+00
  1.5660000000E+01  1.5680000000E+01  1.33861E-08  9.73853E+00
  1.5680000000E+01  1.5700000000E+01  1.11953E-08  1.17116E+01
  1.5700000000E+01  1.5720000000E+01  1.14147E-08  1.29216E+01
  1.5720000000E+01  1.5740000000E+01  1.40390E-08  1.71286E+01
  1.5740000000E+01  1.5760000000E+01  1.29224E-08  1.13903E+01
  1.5760000000E+01  1.5780000000E+01  1.39666E-08  1.06099E+01
  1.5780000000E+01  1.5800000000E+01  1.52295E-08  1.17190E+01
  1.5800000000E+01  1.5820000000E+01  1.50579E-08  9.24499E+00
  1.5820000000E+01  1.5840000000E+01  1.27232E-08  8.34688E+00
  1.5840000000E+01  1.5860000000E+01  1.47099E-08  1.27627E+01
  1.5860000000E+01  1.5880000000E+01  1.28417E-08  1.14513E+01
  1.5880000000E+01  1.5900000000E+01  1.24783E-08  1.24999E+01
  1.5900000000E+01  1.5920000000E+01  1.27877E-08  1.31929E+01
  1.5920000000E+01  1.5940000000E+01  1.66854E-08  2.79216E+01
  1.5940000000E+01  1.5960000000E+01  1.22653E-08  1.77366E+01
  1.5960000000E+01  1.5980000000E+01  1.26914E-08  1.45047E+01
  1.5980000000E+01  1.6000000000E+01  1.44162E-08  2.21434E+01
  1.6000000000E+01  1.6020000000E+01  1.30236E-08  4.57221E+00
  1.6020000000E+01  1.6040000000E+01  1.35179E-08  1.20013E+01
  1.6040000000E+01  1.6060000000E+01  1.31874E-08  6.57594E+00
  1.6060000000E+01  1.6080000000E+01  1.21160E-08  8.21862E+00
  1.6080000000E+01  1.6100000000E+01  1.13236E-08  1.05015E+01
  1.6100000000E+01  1.6120000000E+01  1.04167E-08  8.78062E+00
  1.6120000000E+01  1.6140000000E+01  9.69896E-09  6.05205E+00
  1.6140000000E+01  1.6160000000E+01  1.17122E-08  4.88067E+00
  1.6160000000E+01  1.6180000000E+01  1.21315E-08  6.99537E+00
  1.6180000000E+01  1.6200000000E+01  1.34022E-08  7.87407E+00
  1.6200000000E+01  1.6220000000E+01  1.25916E-08  6.04737E+00
  1.6220000000E+01  1.6240000000E+01  1.25759E-08  2.10911E+01
  1.6240000000E+01  1.6260000000E+01  1.31999E-08  1.62191E+01
  1.6260000000E+01  1.6280000000E+01  1.28590E-08  1.70768E+01
  1.6280000000E+01  1.6300000000E+01  1.31351E-08  8.49199E+00
  1.6300000000E+01  1.6320000000E+01  1.44092E-08  2.01310E+01
  1.6320000000E+01  1.6340000000E+01  1.29412E-08  1.15939E+01
  1.6340000000E+01  1.6360000000E+01  1.43539E-08  8.46633E+00
  1.6360000000E+01  1.6380000000E+01  1.59237E-08  1.08983E+01
  1.6380000000E+01  1.6400000000E+01  1.27470E-08  9.09483E+00
  1.6400000000E+01  1.6420000000E+01  1.49957E-08  7.07642E+00
  1.6420000000E+01  1.6440000000E+01  1.46392E-08  2.21776E+01
  1.6440000000E+01  1.6460000000E+01  1.19907E-08  9.42991E+00
  1.6460000000E+01  1.6480000000E+01  1.30707E-08  1.07253E+01
  1.6480000000E+01  1.6500000000E+01  1.19143E-08  1.64727E+01
  1.6500000000E+01  1.6520000000E+01  1.26560E-08  1.24493E+01
  1.6520000000E+01  1.6540000000E+01  1.46566E-08  1.62435E+01
  1.6540000000E+01  1.6560000000E+01  1.24494E-08  1.02361E+01
  1.6560000000E+01  1.6580000000E+01  1.29209E-08  1.35761E+01
  1.6580000000E+01  1.6600000000E+01  1.15642E-08  7.37001E+00
  1.6600000000E+01  1.6620000000E+01  1.66847E-08  2.94108E+01
  1.6620000000E+01  1.6640000000E+01  1.19658E-08  7.72812E+00
  1.6640000000E+01  1.6660000000E+01  1.58335E-08  9.47906E+00
  1.6660000000E+01  1.6680000000E+01  1.43259E-08  8.45381E+00
  1.6680000000E+01  1.6700000000E+01  1.19484E-08  1.38131E+01
  1.6700000000E+01  1.6720000000E+01  1.02865E-08  1.04323E+01
  1.6720000000E+01  1.6740000000E+01  1.21905E-08  1.71875E+01
  1.6740000000E+01  1.6760000000E+01  1.27027E-08  1.28724E+01
  1.6760000000E+01  1.6780000000E+01  1.12027E-08  9.13137E+00
  1.6780000000E+01  1.6800000000E+01  1.12788E-08  9.83963E+00
  1.6800000000E+01  1.6820000000E+01  1.14976E-08  1.40117E+01
  1.6820000000E+01  1.6840000000E+01  1.41938E-08  1.91266E+01
  1.6840000000E+01  1.6860000000E+01  1.18075E-08  9.30041E+00
  1.6860000000E+01  1.6880000000E+01  8.74464E-09  1.02770E+01
  1.6880000000E+01  1.6900000000E+01  1.20489E-08  9.06780E+00
  1.6900000000E+01  1.6920000000E+01  1.19926E-08  1.52983E+01
  1.6920000000E+01  1.6940000000E+01  1.28554E-08  1.72036E+01
  1.6940000000E+01  1.6960000000E+01  9.68882E-09  1.04330E+01
  1.6960000000E+01  1.6980000000E+01  1.42159E-08  2.13214E+01
  1.6980000000E+01  1.7000000000E+01  1.29984E-08  1.67775E+01
  1.7000000000E+01  1.7020000000E+01  1.23531E-08  1.72044E+01
  1.7020000000E+01  1.7040000000E+01  1.44662E-08  1.32505E+01
  1.7040000000E+01  1.7060000000E+01  1.39470E-08  7.53301E+00
  1.7060000000E+01  1.7080000000E+01  1.06835E-08  9.65227E+00
  1.7080000000E+01  1.7100000000E+01  1.10119E-08  1.06301E+01
  1.7100000000E+01  1.7120000000E+01  1.50094E-08  2.89302E+01
  1.7120000000E+01  1.7140000000E+01  1.17275E-08  1.64485E+01
  1.7140000000E+01  1.7160000000E+01  1.08251E-08  1.26930E+01
  1.7160000000E+01  1.7180000000E+01  1.03134E-08  8.95304E+00
  1.7180000000E+01  1.7200000000E+01  8.92978E-09  9.19254E+00
  1.7200000000E+01  1.7220000000E+01  1.03659E-08  1.41497E+01
  1.7220000000E+01  1.7240000000E+01  1.20136E-08  1.14477E+01
  1.7240000000E+01  1.7260000000E+01  1.06134E-08  1.26347E+01
  1.7260000000E+01  1.7280000000E+01  1.27076E-08  1.04283E+01
  1.7280000000E+01  1.7300000000E+01  1.02382E-08  1.39333E+01
  1.7300000000E+01  1.7320000000E+01  1.18706E-08  2.68746E+01
  1.7320000000E+01  1.7340000000E+01  7.94444E-09  8.67931E+00
  1.7340000000E+01  1.7360000000E+01  8.32731E-09  1.61957E+01
  1.7360000000E+01  1.7380000000E+01  1.04568E-08  1.74567E+01
  1.7380000000E+01  1.7400000000E+01  1.01806E-08  1.71628E+01
  1.7400000000E+01  1.7420000000E+01  9.58885E-09  2.24205E+01
  1.7420000000E+01  1.7440000000E+01  1.04648E-08  1.55088E+01
  1.7440000000E+01  1.7460000000E+01  1.01499E-08  5.86230E+00
  1.7460000000E+01  1.7480000000E+01  1.16469E-08  2.34043E+01
  1.7480000000E+01  1.7500000000E+01  8.67268E-09  1.52395E+01
  1.7500000000E+01  1.7520000000E+01  9.03477E-09  1.50533E+01
  1.7520000000E+01  1.7540000000E+01  1.12083E-08  1.66655E+01
  1.7540000000E+01  1.7560000000E+01  1.45536E-08  2.91607E+01
  1.7560000000E+01  1.7580000000E+01  9.54817E-09  8.55870E+00
  1.7580000000E+01  1.7600000000E+01  1.17435E-08  1.47475E+01
  1.7600000000E+01  1.7620000000E+01  7.53317E-09  2.29226E+01
  1.7620000000E+01  1.7640000000E+01  7.03551E-09  2.20553E+01
  1.7640000000E+01  1.7660000000E+01  8.52764E-09  1.59270E+01
  1.7660000000E+01  1.7680000000E+01  1.10658E-08  1.83352E+01
  1.7680000000E+01  1.7700000000E+01  1.06211E-08  1.63585E+01
  1.7700000000E+01  1.7720000000E+01  9.94111E-09  1.55747E+01
  1.7720000000E+01  1.7740000000E+01  8.83750E-09  1.53028E+01
  1.7740000000E+01  1.7760000000E+01  1.01068E-08  1.56312E+01
  1.7760000000E+01  1.7780000000E+01  9.56171E-09  1.64861E+01
  1.7780000000E+01  1.7800000000E+01  8.96865E-09  1.72621E+01
  1.7800000000E+01  1.7820000000E+01  8.54183E-09  1.54686E+01
  1.7820000000E+01  1.7840000000E+01  1.04246E-08  1.18349E+01
  1.7840000000E+01  1.7860000000E+01  8.37770E-09  1.03139E+01
  1.7860000000E+01  1.7880000000E+01  8.48508E-09  1.44545E+01
  1.7880000000E+01  1.7900000000E+01  1.10469E-08  2.56204E+01
  1.7900000000E+01  1.7920000000E+01  7.81324E-09  2.08108E+01
  1.7920000000E+01  1.7940000000E+01  9.93367E-09  2.20979E+01
  1.7940000000E+01  1.7960000000E+01  1.01314E-08  9.02018E+00
  1.7960000000E+01  1.7980000000E+01  1.10884E-08  2.50514E+01
  1.7980000000E+01  1.8000000000E+01  7.21334E-09  8.76163E+00
  1.8000000000E+01  1.8020000000E+01  7.84122E-09  5.52569E+00
  1.8020000000E+01  1.8040000000E+01  7.47013E-09  1.18778E+01
  1.8040000000E+01  1.8060000000E+01  7.80342E-09  1.76959E+01
  1.8060000000E+01  1.8080000000E+01  9.26803E-09  1.04136E+01
  1.8080000000E+01  1.8100000000E+01  1.34448E-08  1.14712E+01
  1.8100000000E+01  1.8120000000E+01  9.16361E-09  1.06743E+01
  1.8120000000E+01  1.8140000000E+01  8.12113E-09  1.12048E+01
  1.8140000000E+01  1.8160000000E+01  1.15559E-08  1.33681E+01
  1.8160000000E+01  1.8180000000E+01  1.17907E-08  1.95099E+01
  1.8180000000E+01  1.8200000000E+01  1.53715E-08  3.24577E+01
  1.8200000000E+01  1.8220000000E+01  1.19996E-08  1.49438E+01
  1.8220000000E+01  1.8240000000E+01  1.03260E-08  1.62930E+01
  1.8240000000E+01  1.8260000000E+01  1.08518E-08  1.47749E+01
  1.8260000000E+01  1.8280000000E+01  1.06267E-08  1.91617E+01
  1.8280000000E+01  1.8300000000E+01  1.36235E-08  1.13545E+01
  1.8300000000E+01  1.8320000000E+01  1.12711E-08  1.50376E+01
  1.8320000000E+01  1.8340000000E+01  1.09320E-08  5.91434E+00
  1.8340000000E+01  1.8360000000E+01  1.20997E-08  1.77578E+01
  1.8360000000E+01  1.8380000000E+01  8.55596E-09  1.05387E+01
  1.8380000000E+01  1.8400000000E+01  8.90394E-09  1.65709E+01
  1.8400000000E+01  1.8420000000E+01  7.88563E-09  9.81291E+00
  1.8420000000E+01  1.8440000000E+01  8.68160E-09  2.26594E+01
  1.8440000000E+01  1.8460000000E+01  8.42212E-09  1.18270E+01
  1.8460000000E+01  1.8480000000E+01  8.60533E-09  6.42383E+00
  1.8480000000E+01  1.8500000000E+01  1.02415E-08  1.38677E+01
  1.8500000000E+01  1.8520000000E+01  1.08314E-08  2.08816E+01
  1.8520000000E+01  1.8540000000E+01  1.09543E-08  2.79297E+01
  1.8540000000E+01  1.8560000000E+01  7.47962E-09  5.76381E+00
  1.8560000000E+01  1.8580000000E+01  7.64885E-09  1.64027E+01
  1.8580000000E+01  1.8600000000E+01  9.87699E-09  4.35502E+00
  1.8600000000E+01  1.8620000000E+01  9.32941E-09  7.32684E+00
  1.8620000000E+01  1.8640000000E+01  1.03123E-08  1.64884E+01
  1.8640000000E+01  1.8660000000E+01  9.43866E-09  1.04912E+01
  1.8660000000E+01  1.8680000000E+01  1.09335E-08  5.67009E+00
  1.8680000000E+01  1.8700000000E+01  9.09582E-09  9.70235E+00
  1.8700000000E+01  1.8720000000E+01  7.67999E-09  5.77812E+00
  1.8720000000E+01  1.8740000000E+01  8.94379E-09  1.67080E+01
  1.8740000000E+01  1.8760000000E+01  1.02670E-08  1.88394E+01
  1.8760000000E+01  1.8780000000E+01  8.25127E-09  5.41533E+00
  1.8780000000E+01  1.8800000000E+01  1.08597E-08  1.96952E+01
  1.8800000000E+01  1.8820000000E+01  8.51208E-09  1.52218E+01
  1.8820000000E+01  1.8840000000E+01  7.55212E-09  1.17271E+01
  1.8840000000E+01  1.8860000000E+01  8.55164E-09  1.23099E+01
  1.8860000000E+01  1.8880000000E+01  9.11831E-09  2.16774E+01
  1.8880000000E+01  1.8900000000E+01  7.75785E-09  1.55854E+01
  1.8900000000E+01  1.8920000000E+01  6.77749E-09  9.46682E+00
  1.8920000000E+01  1.8940000000E+01  7.11223E-09  3.20972E+00
  1.8940000000E+01  1.8960000000E+01  7.72661E-09  1.83799E+01
  1.8960000000E+01  1.8980000000E+01  1.06282E-08  2.88006E+01
  1.8980000000E+01  1.9000000000E+01  9.81712E-09  9.61809E+00
  1.9000000000E+01  1.9020000000E+01  1.09269E-08  2.32366E+01
  1.9020000000E+01  1.9040000000E+01  7.98025E-09  2.13841E+01
  1.9040000000E+01  1.9060000000E+01  7.29294E-09  5.00619E+00
  1.9060000000E+01  1.9080000000E+01  7.56242E-09  1.58478E+01
  1.9080000000E+01  1.9100000000E+01  8.07187E-09  1.77767E+01
  1.9100000000E+01  1.9120000000E+01  8.52451E-09  1.35510E+01
  1.9120000000E+01  1.9140000000E+01  7.68211E-09  1.94106E+01
  1.9140000000E+01  1.9160000000E+01  1.00379E-08  2.00349E+01
  1.9160000000E+01  1.9180000000E+01  1.00061E-08  2.44709E+01
  1.9180000000E+01  1.9200000000E+01  1.10119E-08  2.18591E+01
  1.9200000000E+01  1.9220000000E+01  8.44472E-09  1.80831E+01
  1.9220000000E+01  1.9240000000E+01  7.19619E-09  2.81567E+01
  1.9240000000E+01  1.9260000000E+01  5.88179E-09  1.69143E+01
  1.9260000000E+01  1.9280000000E+01  7.32172E-09  1.39468E+01
  1.9280000000E+01  1.9300000000E+01  7.24990E-09  1.38994E+01
  1.9300000000E+01  1.9320000000E+01  9.91440E-09  2.04757E+01
  1.9320000000E+01  1.9340000000E+01  1.01873E-08  2.39702E+01
  1.9340000000E+01  1.9360000000E+01  8.04812E-09  1.21637E+01
  1.9360000000E+01  1.9380000000E+01  7.58604E-09  7.09920E+00
  1.9380000000E+01  1.9400000000E+01  7.55994E-09  1.52313E+01
  1.9400000000E+01  1.9420000000E+01  6.17885E-09  1.09241E+01
  1.9420000000E+01  1.9440000000E+01  6.84432E-09  1.26444E+01
  1.9440000000E+01  1.9460000000E+01  8.64173E-09  1.58706E+01
  1.9460000000E+01  1.9480000000E+01  7.23530E-09  1.15290E+01
  1.9480000000E+01  1.9500000000E+01  8.37408E-09  2.15010E+01
  1.9500000000E+01  1.9520000000E+01  7.45169E-09  2.10343E+01
  1.9520000000E+01  1.9540000000E+01  7.08306E-09  1.94530E+01
  1.9540000000E+01  1.9560000000E+01  6.17576E-09  1.13654E+01
  1.9560000000E+01  1.9580000000E+01  6.46562E-09  1.66358E+01
  1.9580000000E+01  1.9600000000E+01  6.59740E-09  1.46391E+01
  1.9600000000E+01  1.9620000000E+01  6.10025E-09  1.08595E+01
  1.9620000000E+01  1.9640000000E+01  7.62301E-09  3.25144E+00
  1.9640000000E+01  1.9660000000E+01  9.29009E-09  1.93839E+01
  1.9660000000E+01  1.9680000000E+01  8.07911E-09  2.28379E+01
  1.9680000000E+01  1.9700000000E+01  6.70899E-09  1.41929E+01
  1.9700000000E+01  1.9720000000E+01  7.36236E-09  5.46170E+00
  1.9720000000E+01  1.9740000000E+01  6.86618E-09  1.85539E+01
  1.9740000000E+01  1.9760000000E+01  6.89744E-09  2.16668E+01
  1.9760000000E+01  1.9780000000E+01  9.37610E-09  1.64704E+01
  1.9780000000E+01  1.9800000000E+01  8.33090E-09  4.20685E+00
  1.9800000000E+01  1.9820000000E+01  7.88079E-09  2.65423E+01
  1.9820000000E+01  1.9840000000E+01  6.60198E-09  2.17743E+01
  1.9840000000E+01  1.9860000000E+01  6.03381E-09  1.60546E+01
  1.9860000000E+01  1.9880000000E+01  7.95952E-09  1.05724E+01
  1.9880000000E+01  1.9900000000E+01  8.46256E-09  1.63726E+01
  1.9900000000E+01  1.9920000000E+01  7.97722E-09  5.80533E+00
  1.9920000000E+01  1.9940000000E+01  8.43657E-09  1.25861E+01
  1.9940000000E+01  1.9960000000E+01  7.17741E-09  3.49392E+01
  1.9960000000E+01  1.9980000000E+01  7.65215E-09  1.98541E+01
  1.9980000000E+01  2.0000000000E+01  8.45157E-09  1.53607E+01
  2.0000000000E+01  2.0000000000E+01  8.45157E-09  1.53607E+01
