2286700.0 0.0
3500000.0 0.0
3600000.0 1.30697E-6
3700000.0 2.14427E-6
3800000.0 3.40842E-6
3900000.0 5.2876E-6
4000000.0 8.05115E-6
4100000.0 1.20262E-5
4200000.0 1.76599E-5
4300000.0 2.55146E-5
4400000.0 3.62257E-5
4500000.0 5.07372E-5
4600000.0 7.01532E-5
4700000.0 9.57387E-5
4800000.0 1.29261E-4
4900000.0 1.72603E-4
5000000.0 2.28157E-4
5200000.0 3.86972E-4
5400000.0 6.33223E-4
5600000.0 0.00100146
5800000.0 0.00153415
6000000.0 0.00228979
6200000.0 0.00333319
6400000.0 0.00473751
6600000.0 0.00659502
6800000.0 0.0090187
7000000.0 0.0121724
7200000.0 0.0161369
7400000.0 0.0210562
7600000.0 0.0270679
7800000.0 0.034304
8000000.0 0.0428875
8200000.0 0.0529274
8400000.0 0.0645083
8600000.0 0.0776905
8800000.0 0.0925046
9000000.0 0.106233
9200000.0 0.116083
9400000.0 0.121582
9600000.0 0.123424
9800000.0 0.1229
1.0E7 0.120433
1.02E7 0.116727
1.04E7 0.112512
1.06E7 0.108406
1.08E7 0.104403
1.1E7 0.100817
1.12E7 0.097787
1.14E7 0.0951083
1.16E7 0.0924374
1.18E7 0.0888839
1.2E7 0.0850459
1.22E7 0.0807786
1.24E7 0.0765429
1.26E7 0.072714
1.28E7 0.0689476
1.3E7 0.0655264
1.32E7 0.0625017
1.34E7 0.0596316
1.36E7 0.0571832
1.38E7 0.0547386
1.4E7 0.0527284
1.42E7 0.0509027
1.44E7 0.0491738
1.46E7 0.047757
1.48E7 0.0464159
1.5E7 0.0452525
1.55E7 0.0428458
1.6E7 0.0412263
1.65E7 0.0401368
1.7E7 0.0394593
1.75E7 0.0389667
1.8E7 0.0386483
1.85E7 0.0384185
1.9E7 0.0382469
1.95E7 0.0380864
2.0E7 0.0378673
2.2E7 0.0365396
2.4E7 0.0349568
2.8E7 0.0311345
3.0E7 0.0294146
3.2E7 0.0278978
3.4E7 0.0265038
3.6E7 0.0251779
3.8E7 0.0239271
4.0E7 0.0227135
4.5E7 0.0202443
5.0E7 0.017612
5.5E7 0.0158333
6.0E7 0.01387
6.5E7 0.0125817
7.0E7 0.0109349
7.5E7 0.00996553
8.0E7 0.00872112
8.5E7 0.008086
9.0E7 0.00713019
9.5E7 0.0067607
1.0E8 0.00607116
1.1E8 0.00520587
1.2E8 0.00454914
1.3E8 0.00411202
1.4E8 0.00369319
1.5E8 0.0028947
1.6E8 0.00284482
1.8E8 0.00276068
2.0E8 0.00260898
2.25E8 0.00248485
2.5E8 0.00225371
2.75E8 0.0020628
3.0E8 0.00196739
3.5E8 0.00166794
4.0E8 0.00144595
4.5E8 0.00120418
5.0E8 0.00100706
5.5E8 8.7996E-4
6.0E8 7.24761E-4
6.5E8 5.63822E-4
7.0E8 5.62707E-4
7.5E8 4.94141E-4
8.0E8 4.69514E-4
9.0E8 3.4407E-4
1.0E9 2.16276E-4
1.2E9 3.2735188E-5
1.5E9 6.08967E-5
2.0E9 4.12583E-5
2.5E9 2.26867E-5
3.0E9 2.42798E-5
