#1PLOTGEOM**USRBIN 20tungsten1p27 45                                                        
# Origin and axis parameters
#  X0PICT=   0.10000E-05  Y0PICT=  -0.50000E+01  Z0PICT=  -0.10000E-10
#  X1PICT=   0.10000E-05  Y1PICT=   0.50000E+01  Z1PICT=   0.12000E+02
#  TYX=   0.00000E+00 TYY=   0.00000E+00 TYZ=   0.10000E+01
#  TXX=   0.00000E+00 TXY=   0.10000E+01 TXZ=   0.00000E+00
#  XAXLEN=   0.10000E+02 YAXLEN=   0.12000E+02
-5.000005 -6.000007 1e-06 -5.000004 -9.9999e-07
4.999895 -6.000007 1e-06 4.999896 -9.9999e-07


-5.000005 -6.000007 1e-06 -5.000004 -1e-06 32 28 0 0 0 0
0 -6.000007 1e-06 1e-06 -1e-06 32 28 0 0 0 0

-5.000005 0 1e-06 -5.000004 6.000006 32 28 0 0 0 0
0 0 1e-06 1e-06 6.000006 32 28 0 0 0 0



-2.5 -3 1e-06 -2.5 3 TARGET30 WATER
